0 0.9633978434971401 0.5368969440460205 0.008103166307721819 0.03767204284667969 0.4783599376678467
0 0.9678171702793666 0.5307509217943464 0.007505008152553013 0.03547014508928571 0.4211808443069458
0 0.9666545731680733 0.5441645213535854 0.009621756417410714 0.03369934218270438 0.36502090096473694
0 0.9586707523890904 0.536888599395752 0.008080005645751953 0.03775565964835031 0.29731062054634094
0 0.9706968579973493 0.5271098954336983 0.006643976484026227 0.031153508595057895 0.2801166772842407
0 0.6770154408046177 0.5436409541538784 0.009757382529122489 0.03765566008431571 0.2568262815475464
0 0.4464035374777658 0.5158887590680804 0.0045381273542131695 0.019577094486781528 0.2548169195652008
0 0.6813840866088867 0.5433834961482457 0.010011332375662667 0.03824363436017718 0.24208928644657135
0 0.45132378169468473 0.5153493540627616 0.004512582506452288 0.0191082273210798 0.2367056906223297
0 0.7612579209463937 0.5467510904584613 0.010299955095563616 0.03332243646894183 0.234122171998024
0 0.05450748545782907 0.5305970396314349 0.005914803062166486 0.02985436575753348 0.1918991059064865
0 0.7018587929861886 0.5444284166608538 0.010019234248570033 0.03856849670410156 0.18825674057006836
0 0.7676219258989606 0.5467618533543178 0.01062365940638951 0.03344999040876116 0.18437758088111877
0 0.7566388675144741 0.5461513996124268 0.010091372898646764 0.03425530024937221 0.17710965871810913
0 0.051683281149183004 0.5258839811597552 0.005025093044553485 0.024288109370640347 0.174274742603302
0 0.05943500144141061 0.5346389838627407 0.006287451301302228 0.03192199979509626 0.17107583582401276
0 0.05732847963060651 0.526357889175415 0.0050268641539982385 0.024477686200823103 0.16508397459983826
0 0.3535022735595703 0.5440641130719867 0.009550843920026506 0.03462532588413784 0.16473503410816193
0 0.4420421464102609 0.5200202805655343 0.005320719310215541 0.0214625426701137 0.16177305579185486
0 0.7073680332728794 0.5448543003627232 0.010022708347865514 0.03642916679382324 0.1598544716835022
0 0.34928219658987864 0.5443922110966274 0.009608064379010881 0.03434821537562779 0.157960444688797
0 0.3249030794416155 0.5449962956564767 0.010032619748796736 0.03456429072788784 0.1535334438085556
0 0.357790470123291 0.5435126508985247 0.00957662718636649 0.03507484708513532 0.15122126042842865
0 0.06215109995433262 0.5351334299360003 0.006361522844859532 0.03179924828665597 0.15086907148361206
0 0.32010296412876676 0.5461344718933105 0.010062319891793388 0.03278320176260812 0.14773352444171906
0 0.33263373374938965 0.5447140421186175 0.009930883135114397 0.034464870180402486 0.13785786926746368
0 0.44445013999938965 0.5238951955522809 0.006170340946742466 0.025540624346051897 0.13771668076515198
0 0.6861399923052106 0.5442207200186593 0.010213034493582589 0.03851744106837681 0.13337992131710052
0 0.04934359022549221 0.5315961156572614 0.0061132993016924176 0.031555312020438056 0.1329120397567749
0 0.454528740474156 0.5157644408089774 0.004638603755405971 0.02050117083958217 0.1327485889196396
0 0.34139796665736605 0.544560398374285 0.009815454483032227 0.03422798429216657 0.13211581110954285
0 0.06998904688017708 0.5386495249611991 0.006850932325635638 0.03407219478062221 0.13001291453838348
0 0.4506235122680664 0.5238053458077567 0.006025382450648716 0.026269469942365373 0.12868474423885345
0 0.0655378486428942 0.5379315103803363 0.006893626281193325 0.03377509117126465 0.12778355181217194
0 0.36271606172834125 0.5431667736598423 0.009539399828229631 0.03550938197544643 0.12375027686357498
0 0.6963380404881069 0.5443196296691895 0.010151726858956473 0.03853917121887207 0.12263958156108856
0 0.9740928922380719 0.5233745234353202 0.005875519343784877 0.029752595084054128 0.12175106257200241
0 0.0469525797026498 0.524369444165911 0.005185880831309727 0.02469665663582938 0.11756817996501923
0 0.04079099212374006 0.5246021406991142 0.005178830453327724 0.024257898330688477 0.11558056622743607
0 0.43971327372959684 0.5198394230433873 0.0051528045109340125 0.021743672234671458 0.11495530605316162
0 0.6733978135245187 0.5500452518463135 0.009778567722865514 0.025322437286376953 0.11432095617055893
0 0.31359972272600445 0.5454072271074567 0.010264771325247628 0.03396003586905343 0.11301788687705994
0 0.6688047817775181 0.5440380232674735 0.00998823983328683 0.03692681448800223 0.11193934828042984
0 0.4491286277770996 0.512258665902274 0.004101310457502093 0.018576656069074358 0.10996571183204651
0 0.07304813180650983 0.5410427365984235 0.007145941257476807 0.03527671950204032 0.10891237109899521
0 0.5803125926426479 0.5458633899688721 0.009343147277832031 0.030242988041469028 0.1084308922290802
0 0.3371835436139788 0.5395352499825614 0.010231324604579381 0.04166337421962193 0.10736054927110672
0 0.17022173745291574 0.5469044276646206 0.009945375578744071 0.031084980283464705 0.10294963419437408
0 0.07653204883847918 0.5416136469159808 0.007312825747898647 0.035390683582850864 0.10173983871936798
0 0.3296922615596226 0.5506468159811837 0.009901659829275948 0.023128577641078403 0.09767790883779526
0 0.0800553730555943 0.5419759409768241 0.007340277944292341 0.0352931022644043 0.09759220480918884
0 0.9775079318455288 0.5229822567531041 0.005768912179129464 0.028810228620256697 0.09618047624826431
0 0.16533592769077846 0.5455337933131627 0.01025036403111049 0.032768453870500834 0.09535534679889679
0 0.3086914334978376 0.545393535069057 0.01019249643598284 0.034161227090018134 0.09398923069238663
0 0.9517489842006138 0.540304320199149 0.008920601436070033 0.037820441382271905 0.09383974224328995
0 0.367755651473999 0.5429015840802874 0.009510108402797155 0.03580536161150251 0.09372250735759735
0 0.5771077019827706 0.5407474381583077 0.008224827902657645 0.03886560031345913 0.09350252896547318
0 0.08929404190608434 0.5422838074820382 0.007368811539241246 0.03535710062299456 0.09293797612190247
0 0.7724840981619698 0.5467417580740792 0.010620321546282088 0.033569131578717916 0.09293099492788315
0 0.054218096392495294 0.5210160868508475 0.004293186323983329 0.020805290767124722 0.09292259067296982
0 0.691927433013916 0.5442918709346226 0.01023101806640625 0.038522652217320034 0.09135065227746964
0 0.3040901592799595 0.5454517432621547 0.010122435433523995 0.03430727549961635 0.09109573811292648
0 0.5839471817016602 0.5416484219687325 0.008362974439348494 0.03826972416469029 0.0910937562584877
0 0.5706476484026227 0.5405661037990025 0.008238417761666434 0.03903082438877651 0.09042169153690338
0 0.1746826171875 0.5469113077436175 0.009823083877563477 0.03119485718863351 0.09023315459489822
0 0.08453025136675153 0.5421093532017299 0.00733367885862078 0.03537474359784808 0.0899071916937828
0 0.7140932083129883 0.5451725551060268 0.010827813829694475 0.03815313747950962 0.0896577462553978
0 0.03617081471851894 0.5240515981401715 0.005545948232923236 0.02503217969621931 0.08882754296064377
0 0.7524761472429548 0.5457980973379952 0.010436398642403739 0.03824019432067871 0.0877557024359703
0 0.2993096964699881 0.5464998994554792 0.010026659284319197 0.03289713178362165 0.0868941992521286
0 0.5613441467285156 0.5373873029436383 0.008606706346784319 0.04038017136710031 0.08686605095863342
0 0.565709148134504 0.5401695796421596 0.008429867880684989 0.03964625086103167 0.08620879054069519
0 0.3951964037758963 0.5388501031058175 0.008388519287109375 0.03583758217947824 0.08421402424573898
0 0.09422850608825684 0.5423802648271833 0.0074443817138671875 0.03532205309186663 0.08418625593185425
0 0.7195089203970773 0.5452592713492257 0.010879380362374442 0.03816315105983189 0.08191851526498795
0 0.06456383637019567 0.5273026738848005 0.00544149535042899 0.02778588022504534 0.08183304220438004
0 0.5884189605712891 0.5423906871250698 0.008651256561279297 0.037281955991472514 0.08166111260652542
0 0.049030601978302 0.5206296784537179 0.00439144458089556 0.020926577704293386 0.08056163042783737
0 0.2949447972433908 0.5466115815298898 0.009934629712785994 0.03302141598292759 0.0801861509680748
0 0.16078921726771764 0.5454433304922921 0.01016650881086077 0.03276658058166504 0.0794118270277977
0 0.5561720303126744 0.5388692787715367 0.008855547223772322 0.04329940250941685 0.07935798168182373
0 0.2904447146824428 0.5466737065996442 0.009895852633884974 0.03295843941824777 0.07841582596302032
0 0.28590341976710726 0.5468088558741978 0.009917804173060827 0.03249508993966239 0.07683864235877991
0 0.45689211572919575 0.5156821182795933 0.004620279584612165 0.020875181470598494 0.07591304928064346
0 0.3864077159336635 0.5423243727002826 0.009523834500994002 0.03651223863874163 0.07541946321725845
0 0.38992650168282644 0.5388473783220563 0.008858885083879744 0.03751199586050851 0.07501538097858429
0 0.07080917273248945 0.5278676577976772 0.005685286862509591 0.028725828443254744 0.0738639235496521
0 0.39959583963666645 0.53835357938494 0.008180686405726842 0.03562852314540318 0.07311801612377167
0 0.37308359146118164 0.5428669112069267 0.009558030537196569 0.03596772466387067 0.07183302193880081
0 0.5519072328295026 0.5386106286730085 0.00886528832571847 0.04372406005859375 0.06994451582431793
0 0.4355501447405134 0.5248090880257743 0.0060961246490478516 0.02495673724583217 0.06961289793252945
0 0.08243412630898612 0.5331378664289202 0.006370961666107178 0.03397294453212193 0.06817241758108139
0 0.3780181748526437 0.5427900041852679 0.009643724986485072 0.0361757619040353 0.06811948865652084
0 0.17925075122288295 0.5455851554870605 0.009916492870875768 0.03297005380902972 0.0672994926571846
0 0.32974720001220703 0.5360207557678223 0.009907994951520647 0.04367828369140625 0.06594158709049225
0 0.6621807643345424 0.5441028731209892 0.009808472224644251 0.03698393276759556 0.0659308135509491
0 0.9805082593645368 0.5236009870256696 0.0057223183768136164 0.03127435275486538 0.06562290340662003
0 0.9466333389282227 0.5404714175633022 0.008875778743198939 0.03793082918439593 0.06446573138237
0 0.09968392338071551 0.5427729061671666 0.007650000708443778 0.035042013440813334 0.06353409588336945
0 0.15642755372183664 0.5452359744480678 0.009913546698434013 0.0329559189932687 0.06283839046955109
