0 0.4311902182442801 0.5207982063293457 0.005612952368600028 0.022577864783150808 0.4472655653953552
0 0.4349473885127476 0.5210178920200893 0.005430153438023159 0.02297173227582659 0.40642115473747253
0 0.42831216539655415 0.5256594589778355 0.006109850747244698 0.025782789502825056 0.37567904591560364
0 0.9604933602469308 0.537151745387486 0.008446761540004186 0.03696363312857492 0.3272320628166199
0 0.9560211726597377 0.5372158459254673 0.008258342742919922 0.03673417227608817 0.3246522545814514
0 0.9513489859444755 0.5400094304765973 0.008780206952776228 0.03708376203264509 0.24580693244934082
0 0.9632434163774762 0.5313678468976702 0.007930619376046317 0.03425666264125279 0.2448314130306244
0 0.43666464941842215 0.5164378029959542 0.0048722199031284875 0.020308528627668108 0.20393547415733337
0 0.9662008285522461 0.5410495485578265 0.007983003343854631 0.03775504657200405 0.18721318244934082
0 0.42248593057904926 0.5246784346444267 0.006176744188581195 0.026627506528581892 0.17546549439430237
0 0.944493157523019 0.5406806809561593 0.008667605263846261 0.03665682247706822 0.17523854970932007
0 0.34145024844578337 0.5442359788077218 0.010109560830252511 0.03435090609959194 0.17437608540058136
0 0.3344565119062151 0.544445412499564 0.010188375200544084 0.03454085758754185 0.17297780513763428
0 0.9392598015921456 0.5408363682883126 0.008577755519321986 0.03673294612339565 0.1684589833021164
0 0.42475472177777973 0.530052934374128 0.007002694266183036 0.030742338725498745 0.16570428013801575
0 0.6416309220450265 0.5445342745099749 0.010535785130092077 0.03567542348589216 0.15969236195087433
0 0.33022918019975933 0.5457209178379604 0.010131290980747767 0.03326364925929478 0.15901611745357513
0 0.9667119979858398 0.5273111207144601 0.007224423544747489 0.030426536287580217 0.15581926703453064
0 0.932227543422154 0.542022705078125 0.008623191288539342 0.03694977079119001 0.15503178536891937
0 0.9707696778433663 0.5269242695399693 0.006716455732073102 0.029658215386526927 0.15317587554454803
0 0.6460180282592773 0.5462685312543597 0.010299478258405412 0.032984018325805664 0.15290427207946777
0 0.324054479598999 0.5463479246412005 0.010145255497523717 0.032718113490513394 0.1527295559644699
0 0.9742751802716937 0.526763916015625 0.006410666874476841 0.029396533966064453 0.1527082920074463
0 0.9365632874625069 0.5474465233939034 0.009125982012067522 0.026563508169991628 0.1483219712972641
0 0.9477602413722447 0.5369005884443011 0.008429936000279017 0.036941971097673686 0.1449207216501236
0 0.43966218403407503 0.5166591916765485 0.004962750843593052 0.020495312554495677 0.14157439768314362
0 0.9281319209507534 0.5430919783455985 0.009071963174002511 0.03610532624380929 0.12577365338802338
0 0.0643424391746521 0.5352049555097308 0.007142496960503715 0.03252349581037249 0.12391162663698196
0 0.3509273188454764 0.5435154097420829 0.009766238076346261 0.034757171358381 0.119992196559906
0 0.5484161036355155 0.5333608899797712 0.00825643539428711 0.03873869350978306 0.1181100606918335
0 0.06829953193664551 0.5379796028137207 0.007445654698780605 0.03455322129385812 0.1091400757431984
0 0.5439390454973493 0.529839106968471 0.007988895688738142 0.0370941162109375 0.1081567034125328
0 0.6514956610543388 0.5461219719478062 0.010253293173653739 0.03307035991123745 0.10654003173112869
0 0.08913729872022357 0.541867733001709 0.007886409759521484 0.035816499165126255 0.10466489940881729
0 0.08493798971176147 0.5416751248495919 0.007887022835867745 0.03618628638131278 0.10010609030723572
0 0.5399930817740304 0.5265741348266602 0.007049117769513812 0.032106331416538784 0.09716081619262695
0 0.05920538306236267 0.5308147498539516 0.00674255405153547 0.03131941386631557 0.09537830948829651
0 0.09386852809361049 0.5421496800013951 0.007991680077144079 0.03543005670819964 0.09444434195756912
0 0.6328551428658622 0.5439981392451695 0.010168143681117467 0.035694122314453125 0.09434884786605835
0 0.9770409720284599 0.5228190422058105 0.006166798727852958 0.02763410976954869 0.08945237845182419
0 0.0564041222844805 0.529919079371861 0.006734886339732579 0.03170081547328404 0.08798722922801971
0 0.5521575382777623 0.5363360813685826 0.008620364325387138 0.04139345032828195 0.08777765184640884
0 0.06154358812740871 0.5393601826259068 0.008271540914263045 0.039247955594744 0.0840892568230629
0 0.31581429072788786 0.5464418956211635 0.00999767439705985 0.032787016459873745 0.08290338516235352
0 0.3473437854221889 0.5497731821877616 0.009753635951450892 0.024569783891950334 0.08288469165563583
0 0.4432817186628069 0.5168132100786481 0.00487450190952846 0.020979915346418108 0.08227349072694778
0 0.4310549327305385 0.536036763872419 0.008308580943516322 0.041482244219098775 0.0810839980840683
0 0.131303608417511 0.5455026285988944 0.009339468819754464 0.03448288781302316 0.08102639019489288
0 0.07868375948497228 0.5410140582493373 0.007506166185651507 0.0367274284362793 0.08089040219783783
0 0.09923550060817174 0.5423436505453927 0.008036502770015172 0.035381930215018134 0.08015961945056915
0 0.08194945539746966 0.5368303571428571 0.007484606334141323 0.0350008351462228 0.07950295507907867
0 0.13580576011112758 0.545581749507359 0.009446450642177038 0.03422621318272182 0.07934088259935379
0 0.42062459673200336 0.53376191002982 0.0075160094669887 0.033410889761788506 0.07815845310688019
0 0.9797037669590541 0.5238870893205915 0.006343228476388114 0.02982398441859654 0.07771042734384537
0 0.0744790690285819 0.5406826564243862 0.007599400622504098 0.03540975706917899 0.07763715088367462
0 0.3568119321550642 0.543029751096453 0.009487526757376534 0.03533990042550223 0.0763184204697609
0 0.34607689721243723 0.5370919704437256 0.010427168437412806 0.046481473105294366 0.07593794912099838
0 0.1036710228238787 0.5427525384085519 0.008126352514539446 0.035342625209263394 0.07521483302116394
0 0.4176578181130545 0.5308223451886859 0.00714669908796038 0.03163201468331473 0.07336060702800751
0 0.10846444538661412 0.5432671138218471 0.00823488405772618 0.03521765981401716 0.07303214818239212
0 0.05214355673108782 0.5256547927856445 0.005623655659811837 0.025867530277797153 0.07145646214485168
0 0.6556946890694755 0.5446850231715611 0.010385853903634208 0.03519930158342634 0.0689774826169014
0 0.04419653756277902 0.5244901180267334 0.005543891872678485 0.02495377404349191 0.06757677346467972
0 0.1269035850252424 0.5453612463814872 0.009239537375313895 0.03470536640712193 0.06752990186214447
0 0.14051803520747594 0.5455779348100934 0.009441205433436803 0.034187180655343194 0.06669813394546509
0 0.5373293331691197 0.5211655071803502 0.006237234388078962 0.027721268790108815 0.06522347778081894
0 0.06589686870574951 0.5446422440665108 0.008539753300803048 0.0316580023084368 0.0638863816857338
0 0.6272979463849749 0.5439066205705915 0.009944234575544084 0.035614456449236186 0.062240276485681534
0 0.061351614339011054 0.5261426653180804 0.005850851535797119 0.02536041396004813 0.06223528832197189
0 0.07137433971677508 0.5319591249738421 0.007052987813949585 0.03278510911124093 0.061766088008880615
0 0.11413036073957171 0.5441286223275321 0.00869523627417428 0.034902334213256836 0.06160139665007591
0 0.44559151785714285 0.5167448180062431 0.004741294043404716 0.0214688777923584 0.061403434723615646
0 0.9254311152866909 0.5496038709368024 0.009248801640101842 0.024213484355381558 0.06038461998105049
0 0.3748612403869629 0.542510952268328 0.009317023413521903 0.03615937914167132 0.06015115603804588
0 0.999556132725307 0.5156716959817069 0.0008876664297921317 0.028911454336983815 0.06014474108815193
0 0.37977429798671175 0.5423399380275181 0.009181124823434013 0.03668144771030971 0.06012212112545967
0 0.05253985524177551 0.5370932647160122 0.007603798593793597 0.0376039913722447 0.05985543876886368
0 0.5555917876107352 0.5387770107814244 0.008836371558053153 0.0423978396824428 0.05838208273053169
0 0.14829628808157785 0.5456407410757882 0.0094376802444458 0.03394661630902972 0.05770348757505417
0 0.36984450476510183 0.5425985200064523 0.009327173233032227 0.03586350168500628 0.05694865807890892
0 0.9830560684204102 0.522193465914045 0.005524158477783203 0.02623183386666434 0.05691167339682579
0 0.15376343045915877 0.5457232339041573 0.00950573171888079 0.03360475812639509 0.05666673928499222
0 0.3635360172816685 0.5428228718893868 0.009328399385724748 0.035706792558942525 0.05611052364110947
0 0.9206983021327427 0.5439685412815639 0.009667192186628069 0.03539977754865374 0.05557949095964432
0 0.5327316011701312 0.5208225250244141 0.006213085991995675 0.027149949754987444 0.05551920458674431
0 0.0381796019417899 0.5247546604701451 0.005531924111502511 0.02464761052812849 0.054483562707901
0 0.38485261372157503 0.5421993391854423 0.009080103465488978 0.03701363291059222 0.053419772535562515
0 0.12018086229051862 0.5447675159999302 0.009032538958958216 0.03476663998195103 0.052925948053598404
0 0.4135369913918631 0.5343741689409528 0.007571424756731305 0.03383329936436245 0.052833441644907
0 0.8871221542358398 0.5461860043661935 0.010475499289376395 0.03322226660592215 0.05050863325595856
