0 0.3718752861022949 0.540980339050293 0.008709873471941267 0.03843321119035993 0.10652099549770355
0 0.36681839397975374 0.5412169865199498 0.009178638458251953 0.03852752276829311 0.1054152324795723
0 0.37560408455984934 0.540792601449149 0.008585827691214425 0.03823324612208775 0.07601206749677658
0 0.39491380964006695 0.5349679333823067 0.007503952298845563 0.03597320829119001 0.07079008966684341
0 0.08285656997135707 0.5386561666216169 0.006779074668884277 0.030062198638916016 0.06297782063484192
0 0.36349994795663015 0.5422637122017997 0.008954320635114397 0.037440334047589986 0.06264790147542953
0 0.07449649912970406 0.5378049101148333 0.006467712777001517 0.027798243931361606 0.06251762807369232
0 0.9397964477539062 0.5347247123718262 0.006972176688058036 0.030464070183890208 0.06121785566210747
0 0.9578772953578404 0.5349977357046944 0.006636347089494977 0.029575858797345842 0.05940033495426178
0 0.08817361082349505 0.5389479909624372 0.006885698863438198 0.02974724769592285 0.05554474890232086
0 0.5708584785461426 0.5394829681941441 0.008870022637503487 0.04246977397373745 0.055162765085697174
0 0.3995898791721889 0.5370001792907715 0.007788692201886859 0.03590798377990723 0.05366947129368782
0 0.37876408440726145 0.5409483909606934 0.008590391704014369 0.03801383290972028 0.0534500889480114
0 0.10774733339037214 0.543567316872733 0.007351321833474296 0.033782958984375 0.05170923098921776
0 0.39173548562186106 0.5358107430594308 0.0076023851122174945 0.03713158198765346 0.05082501098513603
0 0.10022963796343122 0.5392257145472935 0.0069550105503627235 0.03313272339957101 0.05074314400553703
0 0.9592320578438895 0.5261027131761823 0.005391052791050502 0.02119582039969308 0.05070433393120766
