0 0.08590543270111084 0.5381066799163818 0.00808687720979963 0.03676414489746094 0.18559320271015167
0 0.08962664433888026 0.5402978147779193 0.008315597261701311 0.03762565340314593 0.17223364114761353
0 0.1629025936126709 0.549602781023298 0.008781892912728446 0.02492386954171317 0.15048100054264069
0 0.5595085280282157 0.5345394611358643 0.007768937519618443 0.03631142207554409 0.15046939253807068
0 0.5556800024850028 0.5310251372201102 0.007365192685808454 0.033978121621268134 0.14692506194114685
0 0.07984253338405065 0.5374154703957694 0.007518189293997628 0.03488670076642718 0.1263684332370758
0 0.1438404151371547 0.5438643864222935 0.008922883442470006 0.03842813628060477 0.12534627318382263
0 0.9601819174630302 0.5340964794158936 0.007162162235804966 0.038938590458461216 0.12331413477659225
0 0.13941490650177002 0.5437386376517159 0.008979363100869315 0.03882428577968052 0.1199236512184143
0 0.9574680328369141 0.5394610677446637 0.007516588483537946 0.040625299726213725 0.11783329397439957
0 0.15918590341295516 0.5444944245474679 0.009165082659040178 0.03666199956621442 0.11497267335653305
0 0.08338674477168492 0.5320982933044434 0.007530297551836286 0.032861334936959405 0.1135171502828598
0 0.5501563208443778 0.529109035219465 0.007342066083635602 0.03544044494628906 0.11198113858699799
0 0.547849008015224 0.5211164610726493 0.005788939339773995 0.0247284003666469 0.11121384799480438
0 0.1667696407863072 0.5442524637494769 0.009148938315255302 0.03737037522452218 0.11121027916669846
0 0.5451867239815849 0.520946570805141 0.005752188818795341 0.02463555335998535 0.11038056015968323
0 0.5421739305768695 0.5208704130990165 0.005723272051130023 0.0245821475982666 0.10586655884981155
0 0.15488760811941965 0.5443242618015834 0.009505697659083776 0.03615403175354004 0.1046309620141983
0 0.5516022273472377 0.5212703432355609 0.005784375326974052 0.02495605604989188 0.10342451930046082
0 0.0960315295628139 0.5407070432390485 0.008597774165017264 0.03722739219665527 0.10288825631141663
0 0.17125814301627024 0.544208254132952 0.009163669177464076 0.03747466632298061 0.10237947851419449
0 0.5641216209956578 0.5399773461478097 0.00825636727469308 0.039199420383998325 0.09696485847234726
0 0.9538812637329102 0.539684363773891 0.00750807353428432 0.04046014377049038 0.09611275792121887
0 0.9640675953456334 0.5386037145342145 0.008536951882498605 0.04119651658194406 0.09135154634714127
0 0.15006676742008754 0.5439891474587577 0.008976970400129045 0.03810255868094308 0.09040380269289017
0 0.5691202708653041 0.540083817073277 0.008133445467267717 0.039463349751063755 0.08069393038749695
0 0.5341882024492536 0.5197852339063372 0.005592720849173409 0.02235691887991769 0.07957359403371811
0 0.5384523527962821 0.5160572528839111 0.005017246518816266 0.021547794342041016 0.07756206393241882
0 0.5589239256722587 0.5218205451965332 0.005724191665649414 0.02615462030683245 0.0744437649846077
0 0.07686244589941842 0.5347451141902378 0.007240159170968192 0.03260919025966099 0.07140743732452393
0 0.10005743162972587 0.5408945424216134 0.008689003331320626 0.03754622595650809 0.07112692296504974
0 0.5732004983084542 0.5400422981807164 0.008048909051077706 0.03949928283691406 0.06801703572273254
0 0.9497752870832171 0.5400222369602748 0.007625375475202288 0.04018129621233259 0.06529849767684937
0 0.9630846296037946 0.5262948444911412 0.006593772343226841 0.03242993354797363 0.06514319032430649
0 0.9696771076747349 0.5402495861053467 0.007724285125732422 0.03919029235839844 0.064486563205719
0 0.1758927617754255 0.5443686757768903 0.009100011416843959 0.036907196044921875 0.06406684964895248
0 0.5466052464076451 0.5352276393345424 0.00816655158996582 0.03977629116603306 0.06275596469640732
0 0.5658961704799107 0.5272108486720494 0.006466831479753766 0.030157906668526784 0.0610935315489769
0 0.9769043241228376 0.5486577578953334 0.007669108254568917 0.029866933822631836 0.0602790005505085
0 0.526669808796474 0.5151722090584892 0.0047904423304966515 0.019216844013759067 0.05590175464749336
0 0.2821035385131836 0.5450444902692523 0.009175351687840052 0.034157787050519674 0.05508632957935333
0 0.5779130118233817 0.5403224740709577 0.007979801722935267 0.03922973360334124 0.05467710644006729
0 0.966477802821568 0.5265075819832938 0.0060552869524274555 0.03330162593296596 0.05375999957323074
0 0.3884859766278948 0.5417281559535435 0.008662325995309013 0.03478407859802246 0.05354202538728714
0 0.147230863571167 0.5516070978982108 0.00869074889591762 0.02333205086844308 0.05178083851933479
0 0.9449847085135323 0.5403146062578473 0.007756846291678292 0.040154729570661275 0.05130399763584137
