0 0.9548593929835728 0.5352275030953544 0.006647927420479911 0.031209571020943776 0.07690203934907913
0 0.41834092140197754 0.5250445434025356 0.005747999463762555 0.024566650390625 0.07424633204936981
0 0.5665386744907924 0.5394655295780727 0.00895789691380092 0.04341684068952288 0.06994035094976425
0 0.370211124420166 0.5410735266549247 0.008818728583199638 0.04062720707484654 0.0674595907330513
0 0.42193119866507395 0.5249793188912528 0.005724872861589704 0.023976291928972517 0.06517599523067474
0 0.41607539994376047 0.5214864867074149 0.00528717041015625 0.021777800151279995 0.06463110446929932
0 0.4199589320591518 0.5214473520006452 0.005295412881033761 0.021738665444510325 0.05770204961299896
0 0.957925660269601 0.5378919328962054 0.006813662392752511 0.03132942744663784 0.05687741935253143
0 0.41305739539010183 0.5240621566772461 0.006029878343854632 0.027013846806117466 0.05624447017908096
0 0.3667656694139753 0.5409857204982212 0.00910043716430664 0.0401463508605957 0.054156266152858734
0 0.5727338790893555 0.5405923298427037 0.009095396314348494 0.04295209475925991 0.05296134576201439
0 0.5481306484767369 0.521543196269444 0.005769457135881696 0.025114876883370534 0.05262225493788719
0 0.42586612701416016 0.5250137192862374 0.0056901659284319195 0.023115873336791992 0.05124151334166527
0 0.40809127262660433 0.5297022547040667 0.006812913077218192 0.033313138144356866 0.050336334854364395
