0 0.5538153648376465 0.5266516549246651 0.009871721267700195 0.048046725136893134 0.6258037090301514
0 0.5600384644099644 0.5315477507455009 0.011592933109828405 0.059571845190865655 0.624687135219574
0 0.5571274757385254 0.5197222232818604 0.009002923965454102 0.053983143397739956 0.6209540963172913
0 0.5487002985818046 0.5306396484375 0.011511938912527902 0.058645316532679966 0.5552660822868347
0 0.37179854937962126 0.536614009312221 0.00911719458443778 0.038099050521850586 0.5337174534797668
0 0.37611195019313265 0.5367262363433838 0.009274210248674666 0.03806441170828683 0.5253162980079651
0 0.5662026745932442 0.533351012638637 0.010581357138497489 0.056923082896641324 0.4763789176940918
0 0.545351675578526 0.5222985063280378 0.008871078491210938 0.0444908823285784 0.40675249695777893
0 0.5483321802956718 0.5151698248726981 0.007771151406424386 0.043185268129621236 0.3807131350040436
0 0.7997356142316546 0.5446605682373047 0.009793349674769811 0.03651884623936245 0.3751235902309418
0 0.3667586190359933 0.5382003102983747 0.009188686098371233 0.03983283042907715 0.3669746518135071
0 0.5634621892656598 0.5177597318376813 0.009692839213779994 0.05918145179748535 0.3658024072647095
0 0.8039528982979911 0.5439675194876534 0.00994457517351423 0.03753410066877093 0.30426692962646484
0 0.3810383251735142 0.5292273248944964 0.00821535927908761 0.03380577904837472 0.27158626914024353
0 0.38499382563999723 0.533719675881522 0.008329595838274275 0.03642327444893973 0.2608894109725952
0 0.5723188945225307 0.5355397633143834 0.010559558868408203 0.05329803058079311 0.2576419711112976
0 0.5410575866699219 0.5175699165889195 0.006956168583461216 0.0317256110055106 0.23491531610488892
0 0.36221579142979216 0.5409881046840123 0.008654424122401647 0.038385629653930664 0.22199411690235138
0 0.3739058630807059 0.5259515557970319 0.0070688724517822266 0.03660072599138532 0.21487775444984436
0 0.5417227063860212 0.5320945467267718 0.010325091225760323 0.05246366773332868 0.19315961003303528
0 0.7930331911359515 0.5436460631234306 0.009566238948277064 0.03778501919337681 0.18880712985992432
0 0.5515744345528739 0.5103939601353237 0.010371242250714983 0.06663271359034947 0.1771116405725479
0 0.8088553292410714 0.5434895242963519 0.009851251329694475 0.038273709160940986 0.15831688046455383
0 0.3884951727730887 0.5382394109453473 0.009083032608032227 0.043684073856898716 0.14904415607452393
0 0.35688434328351704 0.5413643973214286 0.008692468915666853 0.03797820636204311 0.1440492868423462
0 0.5326799665178571 0.5217347145080566 0.007363285337175641 0.03430594716753278 0.14193163812160492
0 0.12172259603227888 0.5432541370391846 0.008316380637032645 0.03485495703560965 0.12583285570144653
0 0.860395976475307 0.5405832018171038 0.010256971631731306 0.04116790635245187 0.12534905970096588
0 0.8557168415614537 0.537883962903704 0.009776932852608817 0.04072976112365723 0.1253281682729721
0 0.5783547673906598 0.5386360032217843 0.01043292454310826 0.0427680356161935 0.12202246487140656
0 0.1255335467202323 0.5434647628239223 0.008303872176579066 0.03483772277832031 0.11657705157995224
0 0.5270806380680629 0.5216221128191266 0.007265704018729073 0.03396010398864746 0.10248339176177979
0 0.5367155415671212 0.5318663460867745 0.009946823120117188 0.0505502564566476 0.09836770594120026
0 0.8679344313485282 0.5406875950949532 0.009957313537597656 0.04073143005371094 0.09556984901428223
0 0.5351125172206334 0.5128564493996757 0.006048509052821568 0.027088097163609097 0.09501998126506805
0 0.10111810479845319 0.5407892635890416 0.007979793207986014 0.034572056361607144 0.09453891217708588
0 0.8130922317504883 0.5432671819414411 0.009757382529122489 0.03876457895551409 0.09412629902362823
0 0.09731946672712054 0.5408577919006348 0.0080635632787432 0.03439872605460031 0.09284622222185135
0 0.11493132795606341 0.5426342146737235 0.008225304739815848 0.03481330190386091 0.09170902520418167
0 0.10547527245112828 0.5407220295497349 0.007894345692225866 0.034740141459873745 0.0909356102347374
0 0.8726275307791573 0.5409479822431292 0.00962209701538086 0.040342092514038086 0.09081976115703583
0 0.13044545480183192 0.5436447007315499 0.008311101368495397 0.034867048263549805 0.08926478028297424
0 0.09248101711273193 0.5383391380310059 0.007831616061074393 0.033339738845825195 0.08727739006280899
0 0.11000841856002808 0.540712663105556 0.007832510130746024 0.03497743606567383 0.08543919026851654
0 0.7870428902762276 0.5437159878867013 0.009617873600551061 0.0376917975289481 0.0847250446677208
0 0.528932912009103 0.5128943579537528 0.005990164620535714 0.027076789311000278 0.08282392472028732
0 0.9550062588282994 0.536449636731829 0.007828031267438616 0.0396641663142613 0.08236125111579895
0 0.6578625270298549 0.5399088859558105 0.010642119816371374 0.043106521878923686 0.08089873194694519
0 0.7116715567452567 0.5436624118259975 0.010016373225620814 0.03597749982561384 0.08023718744516373
0 0.3771159989493234 0.5218497003827777 0.006211927958897182 0.03630202157156808 0.07812374085187912
0 0.3926266942705427 0.5265430722917829 0.007220540727887835 0.030213321958269392 0.07806601375341415
0 0.8789575440543038 0.5410065650939941 0.009451593671526228 0.04097601345607212 0.07715929299592972
0 0.850681986127581 0.5410023416791644 0.010399000985281808 0.04072577612740653 0.07577794045209885
0 0.5861488069806781 0.5339369773864746 0.009953022003173828 0.05086656979152134 0.07354891300201416
0 0.11738100222178868 0.5359377861022949 0.007724251065935407 0.03810708863394601 0.07323278486728668
0 0.08873203822544642 0.538142170224871 0.007521876267024449 0.03273664202008929 0.07264075428247452
0 0.11729239565985543 0.5491114003317696 0.008841327258518763 0.023288863045828685 0.07090212404727936
0 0.38718979699271067 0.5247995512826102 0.007436513900756836 0.03169287954057966 0.06867761164903641
0 0.3504754475184849 0.5416442326136998 0.008784260068620955 0.03774721281869071 0.06830449402332306
0 0.37008438791547504 0.5220636640276227 0.006214005606515067 0.03658441134861538 0.06815925240516663
0 0.9452597754342216 0.5381102561950684 0.008528913770403181 0.04066429819379534 0.06750904023647308
0 0.3975568839481899 0.5263177326747349 0.0071784428187779015 0.029653310775756836 0.06424234062433243
0 0.818336009979248 0.5431642191750663 0.009708404541015625 0.039069107600620816 0.06353948265314102
0 0.7046521731785366 0.5426117352076939 0.01029818398611886 0.037340096064976284 0.06112249568104744
0 0.716256959097726 0.5440455164228167 0.00983020237513951 0.035496371132986884 0.05865008756518364
0 0.3960446630205427 0.5382915564945766 0.008975676127842494 0.043537752968924384 0.05722465738654137
0 0.29319327218191965 0.545426504952567 0.009243556431361608 0.03317802292960031 0.05616524815559387
0 0.8833441053118024 0.5409936223711286 0.00947019032069615 0.04138953345162528 0.05588305741548538
0 0.6648667880467006 0.5399557522365025 0.010913848876953125 0.04228380748203823 0.055763885378837585
0 0.13712516001292638 0.5442732402256557 0.008333359445844377 0.03466262136186872 0.055606063455343246
0 0.2894026892525809 0.5471141678946358 0.009032896586826869 0.0315511907849993 0.05418501794338226
0 0.08431881666183472 0.5348998478480748 0.0071762629917689735 0.03202298709324428 0.05408637970685959
0 0.3613830293927874 0.5269501549857003 0.0070918287549700055 0.03736604963030134 0.05056866258382797
