0 0.9563030515398298 0.5388007845197406 0.006988525390625 0.0393092291695731 0.2935544550418854
0 0.9592734064374652 0.5367553574698312 0.006740570068359375 0.03871103695460728 0.2785215377807617
0 0.9613971710205078 0.5307568822588239 0.006254604884556362 0.03250159536089216 0.26506227254867554
0 0.9638877596173968 0.5267089435032436 0.005659171513148716 0.02822913442339216 0.23908929526805878
0 0.9512556621006557 0.5385667255946568 0.007049560546875 0.03949999809265137 0.2266024500131607
0 0.9681246621268136 0.5257983207702637 0.005932467324393136 0.031622307641165595 0.20528289675712585
0 0.9702558517456055 0.5223362445831299 0.005360398973737445 0.02572556904384068 0.18965725600719452
0 0.9455842971801758 0.5395261900765556 0.007091317858014788 0.03886246681213379 0.1825844794511795
0 0.9651711327689034 0.5366520200456891 0.007687704903738839 0.03887908799307687 0.17742888629436493
0 0.9425576073782784 0.5400996208190918 0.007139342171805245 0.038704633712768555 0.16754280030727386
0 0.5498155866350446 0.5346482821873256 0.007477317537580218 0.03832040514264788 0.15196555852890015
0 0.5463626044137138 0.5309274537222726 0.007200547627040318 0.03631363596235003 0.14371173083782196
0 0.9393960407802037 0.5407354831695557 0.007168429238455636 0.03823859351021903 0.13841812312602997
0 0.948469979422433 0.5345574787684849 0.007041590554373605 0.03727998052324567 0.1363399624824524
0 0.05987510510853359 0.5269896643502372 0.005001557724816459 0.023839814322335378 0.1235148087143898
0 0.5535864148821149 0.5371074335915702 0.007888010569981166 0.040546962193080356 0.12299555540084839
0 0.062437636511666436 0.5271553312029157 0.005029095070702689 0.023961714335850308 0.12238000333309174
0 0.5416766575404576 0.5300474166870117 0.007295915058680943 0.0366079466683524 0.12034691870212555
0 0.9572142873491559 0.5262496812002999 0.0064209529331752235 0.03179029056004116 0.11599801480770111
0 0.9748264040265765 0.5210661888122559 0.005082198551722935 0.027476753507341658 0.10729745030403137
0 0.0675262723650251 0.532116208757673 0.005576155015400478 0.028220040457589284 0.10565280169248581
0 0.06484513623373848 0.5318660736083984 0.005607920033591134 0.02820450919015067 0.1056407243013382
0 0.9351788248334613 0.5421286991664341 0.007633345467703683 0.03700498172215053 0.10469595342874527
0 0.07102678503308978 0.5323271070207868 0.005581127745764596 0.028305224009922574 0.10197319090366364
0 0.5371827398027692 0.5265903132302421 0.006395033427647182 0.030929633549281528 0.10108471661806107
0 0.5567960739135742 0.539527143750872 0.008087975638253348 0.041718755449567525 0.09967191517353058
0 0.9539369174412319 0.5282722200666156 0.0066187722342354914 0.03468206950596401 0.098987877368927
0 0.06927318232400077 0.5274746758597237 0.005032317978995187 0.024049622671944753 0.09562137722969055
0 0.2653418779373169 0.5455446243286133 0.010159458432878767 0.033763885498046875 0.09378910809755325
0 0.5601350920540946 0.5399150167192731 0.007538216454642159 0.04118851252964565 0.09361356496810913
0 0.26995917728969027 0.5456105640956334 0.010125654084341866 0.03374239376613072 0.09097064286470413
0 0.07344598429543632 0.5363355704716274 0.005936358656202044 0.03018454142979213 0.08870729058980942
0 0.05365316356931414 0.5262489318847656 0.0049142369202205115 0.022491455078125 0.08548131585121155
0 0.2609030859810965 0.5454509598868233 0.010142411504473006 0.033900090626307895 0.08247039467096329
0 0.15835016114371164 0.5447898932865688 0.009708353451320104 0.03466095243181501 0.08136302977800369
0 0.2744065352848598 0.5455739838736398 0.010104145322527205 0.033780063901628764 0.08103059232234955
0 0.5636769703456334 0.5401010172707694 0.007508788790021624 0.04116330827985491 0.08083521574735641
0 0.14690310614449636 0.5440834590366909 0.00862978185926165 0.03562338011605399 0.0767112523317337
0 0.14264515468052455 0.5439733096531459 0.008568899972098214 0.035738229751586914 0.0745677649974823
0 0.15230250358581543 0.5444175515856061 0.009106005941118513 0.03520904268537249 0.07389328628778458
0 0.9284300122942243 0.5433985846383231 0.008343355996268136 0.036065680640084405 0.07324820756912231
0 0.2788282462528774 0.5453936031886509 0.010122145925249373 0.03391599655151367 0.07138539850711823
0 0.16689310755048478 0.5447638034820557 0.009700655937194824 0.034841060638427734 0.06894002109766006
0 0.5671332563672747 0.540370089667184 0.007522038051060268 0.040928500039236884 0.0684240311384201
0 0.25633740425109863 0.5453881876809257 0.010095204625810896 0.03401585987636021 0.0657167062163353
0 0.08206118856157575 0.5393651894160679 0.006481630461556571 0.03292962482997349 0.06549711525440216
0 0.07769337722233363 0.5392058576856341 0.006404144423348563 0.03267601558140346 0.06514031440019608
0 0.28664895466395784 0.544893741607666 0.010124666350228446 0.03437440735953195 0.0648815780878067
0 0.057656360524041314 0.5218146869114467 0.004524861063276019 0.02094864845275879 0.0645676925778389
0 0.13840774127415248 0.5438852991376605 0.00851071732384818 0.03576997348240444 0.06407131999731064
0 0.9778479848589215 0.5205239568437848 0.004980904715401786 0.028344358716692244 0.0639086440205574
0 0.29151650837489534 0.5447773252214704 0.010095017296927316 0.03439954348972866 0.06314167380332947
0 0.539783409663609 0.5217673097337995 0.0055621351514543805 0.027223587036132812 0.06289249658584595
0 0.31375319617135183 0.5446996007646833 0.009922708783830916 0.03463966505868094 0.06286222487688065
0 0.307873044695173 0.5448506219046456 0.0100053037915911 0.034617832728794644 0.061713334172964096
0 0.049818728651319234 0.5260832990918841 0.004926421812602452 0.0221362795148577 0.06101579591631889
0 0.05543312856129238 0.5215944562639508 0.004487970045634678 0.0199408871786935 0.06046837940812111
0 0.2970155988420759 0.544778687613351 0.010052101952689034 0.03445233617510114 0.05990250036120415
0 0.3742251396179199 0.5363554273332868 0.0075489793504987445 0.033034052167619975 0.05971316620707512
0 0.1717501708439418 0.5446639742170062 0.009708319391523088 0.03492035184587751 0.059124305844306946
0 0.3025446959904262 0.5448027338300433 0.010006427764892578 0.03452972003391811 0.05898711830377579
0 0.0761799727167402 0.5271853038242885 0.005335296903337751 0.026024784360613142 0.05877753719687462
0 0.5714945111955915 0.5405434540339878 0.007504735674176898 0.0408141953604562 0.05873391777276993
0 0.3196526936122349 0.5443580491202218 0.009693520409720284 0.03487542697361538 0.05741322785615921
0 0.2514871869768415 0.5453545025416783 0.010033113615853446 0.03405141830444336 0.05655994266271591
0 0.08364895411900111 0.5320147105625698 0.005948296615055629 0.03037980624607631 0.056126080453395844
0 0.24605035781860352 0.545290333884103 0.009980848857334681 0.0340155873979841 0.05383620038628578
0 0.5328129359654018 0.5210680961608887 0.005560364042009626 0.026295219148908342 0.05379066616296768
0 0.37040506090436665 0.541644675391061 0.008245229721069336 0.035791260855538506 0.05351750925183296
0 0.13350984028407506 0.5437960624694824 0.008423498698643275 0.035849537168230326 0.05269085615873337
0 0.21359871115003312 0.5451571600777763 0.009907075337001256 0.03393302645002093 0.052307091653347015
0 0.5754634312220982 0.5410810198102679 0.007495812007359096 0.04023429325648716 0.052209027111530304
0 0.3661247321537563 0.5420902797154018 0.008436134883335658 0.03548659597124372 0.051924120634794235
0 0.3253442219325474 0.5439532484327044 0.009424584252493722 0.03535331998552595 0.05179854854941368
0 0.1771449020930699 0.5446273258754185 0.009729606764657157 0.03498659815107073 0.05080445483326912
0 0.09282418659755162 0.5419384070805141 0.0069296274866376606 0.034291131155831475 0.05070136860013008
0 0.08818536145346505 0.5417910984584263 0.006862904344286237 0.03416800498962402 0.05067896470427513
0 0.16203456265585764 0.5513716425214495 0.009586334228515625 0.02334564072745187 0.05060039088129997
0 0.06674850838524955 0.5223077705928257 0.004600933619907924 0.02130201884678432 0.05001941695809364
