0 0.9615507125854492 0.527569225856236 0.006212166377476284 0.032971041543143134 0.6359975337982178
0 0.958660398210798 0.5301578385489327 0.006846496037074498 0.036151885986328125 0.6337961554527283
0 0.9540698868887765 0.5330816677638462 0.0067610059465680805 0.03750889641898019 0.6261700987815857
0 0.956716809953962 0.5405645370483398 0.0081045286996024 0.04521887642996652 0.6070759296417236
0 0.9524758202689034 0.5442124094281878 0.009071077619280134 0.029965434755597795 0.5318882465362549
0 0.9643680027553013 0.5234474454607282 0.00552443095615932 0.03179253850664411 0.4971611201763153
0 0.9999805177961077 0.5143392426627023 3.9032527378627234e-05 0.031045470918927873 0.487566202878952
0 0.9494861875261579 0.5356671469552177 0.00743586676461356 0.03840729168483189 0.47985073924064636
0 0.9667243957519531 0.5238807541983468 0.0055571964808872765 0.032050916126796176 0.47526443004608154
0 0.9460175377982003 0.5405490739004952 0.008048738752092634 0.039529970714024136 0.3491359353065491
0 0.07828692027500697 0.5415802001953125 0.007600409643990653 0.034374782017299106 0.3456538915634155
0 0.9630366734095982 0.5430297170366559 0.007820742470877511 0.04437310355050223 0.3090178668498993
0 0.9418319974626813 0.539325407573155 0.0076345716203962055 0.037916251591273716 0.2801016867160797
0 0.9707491738455636 0.5230835505894252 0.005512033190046038 0.032590695789882114 0.276811420917511
0 0.08273449965885707 0.5419375215257917 0.007970588547842843 0.03640433720179966 0.27616044878959656
0 0.07415722097669329 0.5390605585915702 0.007111596209662301 0.03267621994018555 0.27105018496513367
0 0.9366448947361538 0.5411071096147809 0.007710593087332589 0.037065982818603516 0.21011489629745483
0 0.0704710738999503 0.5362627846854073 0.006834885903767177 0.030939238412039622 0.17305558919906616
0 0.930699280330113 0.5427686486925397 0.00815582275390625 0.03598976135253906 0.17021143436431885
0 0.08812307459967476 0.5420709678104946 0.008065802710396903 0.03638260705130441 0.16749364137649536
0 0.5731430734906878 0.5399513244628906 0.007919345583234514 0.0383882863180978 0.15830625593662262
0 0.06728640624455043 0.5358861514500209 0.006693716560091291 0.03097261701311384 0.15332357585430145
0 0.5691895484924316 0.5397725105285645 0.0077348436628069195 0.03870964050292969 0.14988718926906586
0 0.06407841188567025 0.5356300898960659 0.006642426763262067 0.03076904160635812 0.14679749310016632
0 0.5620175089154925 0.5373862130301339 0.007601397378104073 0.03889097486223493 0.1364670842885971
0 0.5778965950012207 0.5401121548243931 0.007985660008021764 0.03851706641060965 0.1359228640794754
0 0.26011507851736887 0.544635466166905 0.009681395121983119 0.03442185265677316 0.13235169649124146
0 0.5549877030508858 0.5309942790440151 0.007292236600603376 0.035716397421700616 0.1318666636943817
0 0.5587197031293597 0.5364914281027657 0.007692643574305943 0.04152631759643555 0.12934577465057373
0 0.26675871440342497 0.5445957183837891 0.009883693286350794 0.03412321635654995 0.12891946732997894
0 0.5651394980294364 0.539684670312064 0.007648025240216937 0.03900275911603655 0.12873324751853943
0 0.29293101174490793 0.5446107728140694 0.009664297103881836 0.03425192832946777 0.12815070152282715
0 0.5516502516610282 0.5302881513323102 0.007269348417009626 0.036186388560703824 0.12690716981887817
0 0.9747509275163923 0.5226561001368931 0.005583013807024274 0.03206212180001395 0.1261441558599472
0 0.5466570854187012 0.5268393244062152 0.006426845278058734 0.03043961524963379 0.12483257800340652
0 0.92293609891619 0.5440558024815151 0.008724757603236608 0.035278150013514926 0.12180735915899277
0 0.2976892335074289 0.5446196283612933 0.009449039186750139 0.03457106862749372 0.1147000715136528
0 0.5819727352687291 0.5405740056719098 0.007930755615234375 0.038524934223720005 0.11319299042224884
0 0.09316091878073555 0.5424097606113979 0.008161144597189767 0.03609306471688407 0.11133251339197159
0 0.06084802746772766 0.5317301750183105 0.006402492523193359 0.02908567019871303 0.10971919447183609
0 0.9727727345057896 0.5194060121263776 0.0048828125 0.031192575182233537 0.1092488244175911
0 0.5489997863769531 0.5222305570329938 0.005688701357160296 0.02714432988848005 0.1071476861834526
0 0.057218781539372036 0.5308125019073486 0.006187008959906442 0.027882235390799388 0.10330523550510406
0 0.5755008969988141 0.5313142708369664 0.00658696038382394 0.03754227502005441 0.10265776515007019
0 0.5859793254307338 0.5412304060799735 0.007804530007498605 0.03803556306021554 0.09905628859996796
0 0.05448612996510097 0.5302152974264962 0.005763662712914603 0.027351447514125278 0.0966014564037323
0 0.5445289611816406 0.521589858191354 0.005666528429303851 0.026071684701102122 0.0892481654882431
0 0.27149488244737896 0.544703619820731 0.009897606713431222 0.03410499436514718 0.08900883048772812
0 0.04915046266147068 0.5332287379673549 0.005716179098401751 0.027734075273786272 0.08772639185190201
0 0.590611185346331 0.5423386778150286 0.007901259831019811 0.03689302716936384 0.0875319167971611
0 0.6017484664916992 0.543877192905971 0.008391993386404855 0.035696949277605326 0.08456704765558243
0 0.5955362319946289 0.5431466783796038 0.00810589109148298 0.036375420434134345 0.08373340219259262
0 0.5369336945669991 0.5245153222765241 0.006269829613821847 0.027390139443533763 0.08314397186040878
0 0.25431314536503385 0.546025242124285 0.009288174765450614 0.03315850666591099 0.08191027492284775
0 0.05611885019711086 0.5412107195172992 0.007215900080544608 0.03431541579110282 0.08044134825468063
0 0.5418531554085868 0.5213517802102225 0.005618061338152204 0.025918824332101003 0.0772482305765152
0 0.6067250115530831 0.5440540994916644 0.008521488734654017 0.03552985191345215 0.07720476388931274
0 0.09784701892307826 0.5437542370387486 0.008150500910622733 0.03591755458286831 0.07565648853778839
0 0.5440979685102191 0.5370592389787946 0.008324520928519112 0.04372940744672503 0.07547055929899216
0 0.30810110909598215 0.544558048248291 0.009344339370727539 0.034740141459873745 0.07463990151882172
0 0.2860993317195347 0.5446778024945941 0.009516716003417969 0.03467491694859096 0.07305514812469482
0 0.052606144121715 0.5261985233851841 0.005493010793413434 0.02375211034502302 0.07255131006240845
0 0.257030861718314 0.5387813023158482 0.00905205522264753 0.03973017420087542 0.07201161980628967
0 0.05025629060609 0.5259626933506557 0.005357418741498675 0.02338235718863351 0.07084604352712631
0 0.5393123626708984 0.5211713654654366 0.005594730377197266 0.025608301162719727 0.07073137164115906
0 0.6121582303728376 0.544269221169608 0.008648804255894251 0.0353677613394601 0.06905487924814224
0 0.04585094962801252 0.5332709721156529 0.00575709342956543 0.027696098600115095 0.06896526366472244
0 0.6579705647059849 0.5458341326032367 0.009129047393798828 0.03356140000479562 0.0685344785451889
0 0.6534944261823382 0.5458920683179583 0.009043557303292411 0.03360823222569057 0.06775132566690445
0 0.5576872825622559 0.5233934947422573 0.005478416170392718 0.02907395362854004 0.06725774705410004
0 0.06175237042563302 0.5458223819732666 0.008000888994761876 0.03149529865809849 0.06663978844881058
0 0.04782824856894357 0.525726352419172 0.00503376977784293 0.02293532235281808 0.06631388515233994
0 0.6175763266427177 0.5444033145904541 0.008685180119105749 0.03528853825160435 0.06562712043523788
0 0.6375183377947126 0.5454952376229423 0.008844103131975447 0.03392134393964495 0.06430318206548691
0 0.6496351787022182 0.5459550448826381 0.008995805467878069 0.03358687673296247 0.064144566655159
0 0.6442278453281948 0.5457900592258998 0.008907931191580636 0.03367080007280622 0.06308254599571228
0 0.6299165998186383 0.545018230165754 0.008854457310267858 0.034377915518624444 0.06303118914365768
0 0.6234542301722935 0.5446834904806954 0.008760384150913783 0.03491347176688058 0.0628509446978569
0 0.27639589990888325 0.5455563749585833 0.009773407663617815 0.033386434827532084 0.06255987286567688
0 0.5401806831359863 0.5368451050349644 0.008339439119611467 0.04259490966796875 0.06143579259514809
0 0.10312141690935407 0.5446001802171979 0.008225517613547189 0.034906932285853794 0.06002173200249672
0 0.30156019755772184 0.5387099811008998 0.009442533765520369 0.04187178611755371 0.05901326239109039
0 0.11115763868604388 0.5438168048858643 0.008231145995003837 0.03454337801252093 0.05829713121056557
0 0.9128003801618304 0.544837372643607 0.009076118469238281 0.035006114414760044 0.058122217655181885
0 0.28187085900987896 0.5447425842285156 0.009452990123203822 0.03498956135341099 0.05726971477270126
0 0.044599418129239767 0.5251872880118233 0.004887172154017857 0.022594213485717773 0.05671266093850136
0 0.26346894672938753 0.53618209702628 0.0091717072895595 0.04321718215942383 0.056500352919101715
0 0.06923574209213257 0.5271809782300677 0.006042357001985822 0.024455411093575612 0.05647389590740204
0 0.041829279490879605 0.5248135157993862 0.004734316042491368 0.022250209535871233 0.05597909539937973
0 0.6633073261805943 0.5457745960780552 0.009276866912841797 0.03339784485953195 0.055671658366918564
0 0.9783084733145577 0.5226218019212995 0.005751064845493862 0.031406402587890625 0.05546160787343979
0 0.3030061721801758 0.5509837695530483 0.0087453978402274 0.02276468276977539 0.05331074818968773
0 0.40570408957345144 0.5408026150294712 0.00823385374886649 0.03447471346173968 0.053305014967918396
0 0.0425328825201307 0.5333819389343262 0.005742643560682025 0.02752723012651716 0.05310255289077759
0 0.41153853280203684 0.5380519117627826 0.00795088495526995 0.03334494999476841 0.05283823609352112
0 0.2462669781276158 0.5467025211879185 0.008737632206508092 0.03194880485534668 0.052592456340789795
0 0.8629943302699498 0.5524626459394183 0.009490830557686942 0.021714176450456892 0.0522347018122673
0 0.40842444556100027 0.5353409222194127 0.0075097765241350445 0.0312995229448591 0.05112190917134285
0 0.5259637492043632 0.5197540691920689 0.0055255889892578125 0.02240065165928432 0.050652530044317245
0 0.2515345300946917 0.538543837411063 0.008871572358267648 0.03909475462777274 0.050222914665937424
