0 0.3904005799974714 0.5396855218069894 0.009799276079450334 0.04031433377947126 0.5423390865325928
0 0.9999746595110212 0.5060749053955078 5.068097795758929e-05 0.03863252912248884 0.487566202878952
0 0.5552004746028355 0.5289766788482666 0.00904083251953125 0.04164682115827288 0.46586546301841736
0 0.39451507159641813 0.5383284432547433 0.009663718087332589 0.040492466517857144 0.45932725071907043
0 0.5510947023119245 0.5276546478271484 0.008345263344900948 0.03740784100123814 0.4564983546733856
0 0.3852012498038156 0.5405347687857491 0.009850842612130302 0.04131477219717843 0.4403696358203888
0 0.5596551554543632 0.5330800328935895 0.010260513850620814 0.04644911629813058 0.29994454979896545
0 0.5468395096915108 0.5232504435947963 0.007586921964372907 0.03393394606454032 0.2774502635002136
0 0.37974606241498676 0.5420100688934326 0.009635448455810547 0.0405693735395159 0.2584075927734375
0 0.39811287607465473 0.5338775089808873 0.009396280561174666 0.043000255312238424 0.21002131700515747
0 0.9998207773481097 0.5108466488974435 0.00035844530378069194 0.038610526493617466 0.1849229484796524
0 0.5645018305097308 0.5326574870518276 0.010349954877580916 0.047439132417951314 0.16073784232139587
0 0.5409846305847168 0.5224058968680245 0.007307972226824079 0.032794032778058736 0.13365797698497772
0 0.4025829860142299 0.5375949995858329 0.009234189987182617 0.039408717836652486 0.12723632156848907
0 0.5487356526511056 0.5158100128173828 0.0066051483154296875 0.032875265393938334 0.1200936809182167
0 0.5356528759002686 0.5202685764857701 0.005831990923200335 0.024162394659859792 0.11974682658910751
0 0.373711177280971 0.5431369372776577 0.009411232812064034 0.03914308547973633 0.1117955893278122
0 0.4360354627881731 0.5259620121547154 0.006624426160539899 0.02488527979169573 0.11048157513141632
0 0.530454158782959 0.5157935278756278 0.004848991121564593 0.02081162588936942 0.10108745098114014
0 0.9550587790352958 0.5401411056518555 0.007818426404680525 0.04068640300205776 0.1002032533288002
0 0.5237131459372384 0.5158211503710065 0.00483628681727818 0.02071169444492885 0.1000952199101448
0 0.9512767791748047 0.5403352464948382 0.007729802812848773 0.040918895176478794 0.09952916949987411
0 0.9470595632280622 0.5404641968863351 0.007680211748395648 0.04116286550249372 0.09445030987262726
0 0.5377001081194196 0.5168803759983608 0.0061784131186349055 0.026750939232962474 0.09338577091693878
0 0.95863219669887 0.5400596346173968 0.007941246032714844 0.04047509602137974 0.08943270891904831
0 0.9410118375505719 0.5414614677429199 0.007546492985316685 0.04013487270900181 0.08534117043018341
0 0.5705114092145648 0.5350406510489327 0.01070850236075265 0.04978489875793457 0.08508387953042984
0 0.5280419758387974 0.5201001167297363 0.005627461842128209 0.023098434720720564 0.08084533363580704
0 0.44586385999407085 0.5255288737160819 0.006461313792637416 0.02501113074166434 0.0806090235710144
0 0.08202808243887764 0.543433700289045 0.007984510489872523 0.035113675253731866 0.07899949699640274
0 0.4433414936065674 0.5208619662693569 0.0061975206647600445 0.022620677947998047 0.07637833058834076
0 0.544576781136649 0.536431108202253 0.009427104677472795 0.047833340508597236 0.07630084455013275
0 0.07630508286612374 0.5424982479640416 0.007568427494594029 0.03413050515311105 0.07495273649692535
0 0.9622007778712681 0.5395711830684117 0.00850541251046317 0.0421264512198312 0.07081328332424164
0 0.5429295131138393 0.5147087574005127 0.006332295281546456 0.030925001416887556 0.07052664458751678
0 0.43945707593645367 0.5214124066489083 0.006506068365914481 0.024456092289515903 0.07023145258426666
0 0.575472354888916 0.5352505275181362 0.010686159133911133 0.04992978913443429 0.07009992003440857
0 0.41092634201049805 0.5352065563201904 0.009014299937656947 0.037876742226736884 0.06729059666395187
0 0.966803755078997 0.5405187266213554 0.007974897112165178 0.0415527479989188 0.06651373952627182
0 0.9349786213466099 0.5424817630222866 0.007806709834507534 0.03839186259678432 0.06537021696567535
0 0.08747802461896624 0.5434764453342983 0.007956257888248988 0.03533966200692313 0.06381735950708389
0 0.5817583629063198 0.5364117622375488 0.010585376194545202 0.0488919871194022 0.06277625262737274
0 0.5256140913282122 0.5116951806204659 0.004554816654750279 0.020728860582624162 0.06068778038024902
0 0.41626337596348356 0.5318723406110492 0.008722611836024694 0.036618641444614956 0.05775441974401474
0 0.3824241501944406 0.5275550569806781 0.007756812231881278 0.04645119394574847 0.05565674975514412
0 0.4253448758806501 0.5278081893920898 0.0078125 0.032258306230817525 0.055649127811193466
0 0.5899795804704938 0.5381105286734444 0.010758740561349052 0.04698348045349121 0.05536016821861267
0 0.4330853053501674 0.5232997962406704 0.007159812109810966 0.029988084520612444 0.05438433587551117
0 0.32976668221609934 0.5454720088413784 0.009355783462524414 0.035542454038347514 0.05426536500453949
0 0.07153889111110143 0.5390330723353794 0.0071487171309334895 0.0326498235974993 0.0532134585082531
0 0.0789694104875837 0.5383233342851911 0.0076067788260323664 0.03524725777762277 0.052561480551958084
0 0.5966403143746513 0.5388550077165876 0.01100853511265346 0.046127489634922574 0.05189745873212814
0 0.36607476643153597 0.5438758986336845 0.009353194917951311 0.03783903803144183 0.05103039741516113
0 0.32429061617170063 0.5457229954855782 0.009420224598475866 0.034929820469447544 0.05059443786740303
