0 0.4283650943211147 0.5246637208121163 0.005944524492536273 0.022861582892281667 0.7096493244171143
0 0.42307519912719727 0.526745080947876 0.006551572254725865 0.028515338897705078 0.5870553851127625
0 0.4267692565917969 0.5287801878792899 0.006938729967389788 0.03131553104945591 0.5629135370254517
0 0.42467498779296875 0.5235661438533238 0.006043638501848493 0.026478358677455356 0.5590724945068359
0 0.4205547400883266 0.524876458304269 0.006135872432163784 0.02348991802760533 0.3931545913219452
0 0.431098256792341 0.5200082233973912 0.005518777029854911 0.01983489309038435 0.23252010345458984
0 0.4328324113573347 0.524735859462193 0.005794457026890346 0.02227088383265904 0.22732165455818176
0 0.43103647232055664 0.5286637033735003 0.006921052932739258 0.031364270618983676 0.17213420569896698
0 0.41914667401994976 0.5290229661124093 0.006990058081490653 0.031745808465140204 0.1181698739528656
0 0.4176123482840402 0.5249404566628593 0.006338936941964286 0.024773052760532925 0.10387721657752991
0 0.06748148373195104 0.5382710865565709 0.006605718817029681 0.02950882911682129 0.10355401039123535
0 0.09728918756757464 0.5408878326416016 0.007731803825923375 0.035219056265694756 0.08972564339637756
0 0.4326544148581369 0.532935619354248 0.007071358816964286 0.032516581671578546 0.08418133854866028
0 0.10674761874335152 0.5469021797180176 0.0077675410679408485 0.02969391005379813 0.07567039132118225
0 0.09377058063234602 0.5436296463012695 0.007300785609654018 0.03301470620291574 0.07364881783723831
0 0.43622030530657085 0.5197538648332868 0.005151510238647461 0.018823112760271345 0.07308860123157501
0 0.06387068544115339 0.5358758653913226 0.006210024867738996 0.030385596411568776 0.06712152063846588
0 0.10042724439076015 0.5453033447265625 0.007359538759504046 0.030799457005092075 0.06565631926059723
0 0.06978041785103935 0.5388526575905936 0.006620696612766811 0.0299856322152274 0.060821857303380966
0 0.10288826056889125 0.5455331461770194 0.007414766720363072 0.031076908111572266 0.06019512191414833
0 0.07270540509905134 0.5362278733934674 0.006251743861607143 0.030166012900216237 0.05519964173436165
0 0.4102740968976702 0.5340588433401925 0.007571254457746234 0.03396218163626535 0.054604317992925644
0 0.4128482682364328 0.5362330164228167 0.007497412817818778 0.033815009253365655 0.0545181967318058
0 0.563056468963623 0.5359480040413993 0.007459470203944615 0.0357358455657959 0.05221349745988846
0 0.9143878391810826 0.5452196938650948 0.00860943113054548 0.03370598384312221 0.0509025901556015
