0 0.0919674209186009 0.5376199654170445 0.006435751914978027 0.030875546591622487 0.09980197995901108
0 0.9723069327218192 0.52756667137146 0.005930968693324498 0.026212692260742188 0.09341936558485031
0 0.9679545675005231 0.5297146184103829 0.0064231327601841515 0.03120565414428711 0.08831958472728729
0 0.08555522135325841 0.5370943205697196 0.006633128438677106 0.031611033848353794 0.08379106223583221
0 0.9313538415091378 0.54166579246521 0.008764539446149553 0.04284797395978655 0.07684753835201263
0 0.9534880774361747 0.5410362652369908 0.008359091622488839 0.040486540113176615 0.07626011967658997
0 0.9349278041294643 0.5417734214237758 0.008893898555210658 0.04256302969796317 0.07085631042718887
0 0.9280039242335728 0.5417020661490304 0.008689335414341517 0.04277716364179339 0.06456495076417923
0 0.08092330183301653 0.5391105924333844 0.006257116794586182 0.029897076742989675 0.062364570796489716
0 0.4119851929800851 0.5264649731772286 0.005148376737322126 0.022816930498395647 0.060670528560876846
0 0.9409986904689244 0.5415095942361015 0.008159092494419642 0.04076753343854632 0.053995877504348755
0 0.07839933463505336 0.5284203120640346 0.00440371036529541 0.020696026938302175 0.053650762885808945
0 0.9491311482020787 0.5415422575814384 0.008351121629987444 0.04031440189906529 0.0536084920167923
0 0.4157059873853411 0.526291915348598 0.005132062094552177 0.022684335708618164 0.05319320410490036
