0 0.6804803439549038 0.5423401423863002 0.009244101388113839 0.04136879103524344 0.44406023621559143
0 0.6845880235944476 0.5425802298954555 0.009559358869280134 0.039843967982700894 0.4094516634941101
0 0.6761409214564732 0.541614259992327 0.009248801640101842 0.04099311147417341 0.38340961933135986
0 0.694542407989502 0.5433556011744908 0.010327747889927455 0.038330214364188056 0.3139215111732483
0 0.6691791670663017 0.5421245438711983 0.009179796491350447 0.04153800010681152 0.22209587693214417
0 0.9454160417829242 0.5396544933319092 0.008264814104352678 0.03866011755807059 0.21577589213848114
0 0.9414488928658622 0.5396786076681954 0.008189065115792411 0.039377144404820034 0.21153029799461365
0 0.5499773706708636 0.5339538029261998 0.00878732545035226 0.04221844673156738 0.20227369666099548
0 0.9773979187011719 0.5205834593091693 0.0054563794817243305 0.028713771275111606 0.18125495314598083
0 0.5452377455575126 0.5312728881835938 0.00854498999459403 0.04102393559047154 0.17987872660160065
0 0.5536298411233085 0.5357262747628349 0.008998325892857142 0.04333244051252093 0.17878934741020203
0 0.7876026970999581 0.5418250901358468 0.010914802551269531 0.04129610742841448 0.17763274908065796
0 0.9378338541303363 0.5397988046918597 0.00820010049002511 0.040272883006504605 0.172975555062294
0 0.9579551560538155 0.5324016979762486 0.007993289402553014 0.03766604832240513 0.17238707840442657
0 0.5416874885559082 0.5329849379403251 0.008671658379690987 0.04286735398428781 0.16829325258731842
0 0.9490700449262347 0.5364654404776437 0.008405004228864397 0.038166352680751255 0.16724103689193726
0 0.5379438740866525 0.5284382956368583 0.007656778608049665 0.0365722520010812 0.15938037633895874
0 0.6726231575012207 0.5363016128540039 0.00986889430454799 0.050328118460518975 0.1568041294813156
0 0.9799115317208427 0.5170834745679583 0.005277293069022042 0.030214922768729075 0.15050506591796875
0 0.6641656330653599 0.5422043800354004 0.009132725851876395 0.04196592739650181 0.14865590631961823
0 0.9545505387442452 0.53294951575143 0.00805037362234933 0.03753243173871722 0.14740855991840363
0 0.04127979278564453 0.525092363357544 0.004993758031300136 0.021928719111851284 0.1466251164674759
0 0.04577429805483137 0.5252364703587123 0.005177966185978481 0.021008457456316267 0.13558930158615112
0 0.5573350361415318 0.5378326007298061 0.009090730122157506 0.04386847359793527 0.13315598666667938
0 0.7919277463640485 0.5447593416486468 0.011152471814836775 0.035885776792253764 0.12882092595100403
0 0.04286655357905796 0.5203311102730888 0.004571314368929181 0.01984640530177525 0.12876014411449432
0 0.9617629732404437 0.5287775993347168 0.00790057863507952 0.03637010710580008 0.12607234716415405
0 0.04830928359712873 0.5246891975402832 0.005127165998731341 0.02152214731488909 0.12049883604049683
0 0.03644658412252154 0.5253394331250872 0.004965618252754211 0.021796975816999162 0.11483309417963028
0 0.5358880587986538 0.5217365196772984 0.006305558340890067 0.029058524540492466 0.11289546638727188
0 0.5331176008496966 0.5235987390790667 0.006969588143484933 0.033205577305385044 0.1088610589504242
0 0.9845842633928571 0.51706634249006 0.005083492824009487 0.028900146484375 0.10850038379430771
0 0.9650868007114956 0.5395957401820591 0.007947989872523717 0.04201170376368931 0.10415404289960861
0 0.6883469990321568 0.5339633396693638 0.009709494454520089 0.05666552271161761 0.10384950041770935
0 0.050692464624132426 0.5248005049569267 0.005150194678987775 0.02212691307067871 0.1035701259970665
0 0.9647928646632603 0.5249301365443638 0.0070531027657645086 0.032694646290370395 0.10242059826850891
0 0.9824849537440709 0.5144765717642648 0.005095549992152623 0.030942133494785855 0.09888304769992828
0 0.5289523260934013 0.5209838322230748 0.005924088614327567 0.02712900297982352 0.09736598283052444
0 0.962242875780378 0.5438036237444196 0.007926804678780692 0.03467862946646554 0.09561919420957565
0 0.9714817319597516 0.5208065850394112 0.006098134177071708 0.030919722148350308 0.0948634222149849
0 0.033865396465573995 0.5248255048479352 0.005350489701543536 0.02272765977042062 0.0887925997376442
0 0.5617827687944684 0.5390138626098633 0.008587871279035295 0.04273131915501186 0.08720981329679489
0 0.9323733193533761 0.5403382437569755 0.00832019533429827 0.041125331606183736 0.08695477247238159
0 0.7810054506574359 0.5446073668343681 0.010196208953857422 0.03858024733407157 0.08352693170309067
0 0.9685673032488141 0.521679162979126 0.0067138671875 0.03198099136352539 0.08318836241960526
0 0.04679784604481289 0.519622938973563 0.004361267600740705 0.01891357558114188 0.08229048550128937
0 0.19629059519086564 0.5445805958339146 0.009093199457441057 0.03447604179382324 0.07628900557756424
0 0.04328379034996033 0.5286179270063128 0.005657843181065151 0.026371444974626814 0.07534276694059372
0 0.05240484646388462 0.5292423793247768 0.006139355046408517 0.026388066155569895 0.07434028387069702
0 0.7065406526838031 0.543736185346331 0.010354655129568917 0.03788924217224121 0.07361667603254318
0 0.08827333790915352 0.5416806084769112 0.00738776581627982 0.03380509785243443 0.0720725879073143
0 0.20044595854622976 0.5455616542271206 0.009017058781215124 0.03282025882175991 0.07158167660236359
0 0.0920426504952567 0.5417545863560268 0.0073040638651166645 0.033777475357055664 0.07140807062387466
0 0.08443352154323033 0.54143340247018 0.007439536707741874 0.03360669953482492 0.07076544314622879
0 0.09554983036858695 0.5418942655835833 0.007229055677141462 0.03370073863438198 0.0706300213932991
0 0.0554931504385812 0.5294469424656459 0.00615305985723223 0.0269378593989781 0.0689016655087471
0 0.09967061451503209 0.5420548575265067 0.0071607232093811035 0.03364396095275879 0.06854318082332611
0 0.6592670168195452 0.5424173900059291 0.009420599256243025 0.04166136469159808 0.06831897050142288
0 0.36545753479003906 0.5438229015895298 0.009152684892926897 0.03366742815290179 0.06735868752002716
0 0.8880243301391602 0.5456505843571254 0.010473319462367467 0.03669609342302595 0.06488872319459915
0 0.10377414737428937 0.5425897325788226 0.007275087492806571 0.034059762954711914 0.06465351581573486
0 0.05867086138044085 0.5298480646950858 0.006193322794778007 0.027164663587297713 0.06336329132318497
0 0.37098656381879536 0.5435535567147392 0.009113924843924386 0.03366058213370187 0.06326863169670105
0 0.38005079541887554 0.5430303641727993 0.008952583585466658 0.034086363656180244 0.06229722499847412
0 0.38418361118861605 0.54280686378479 0.008902651923043388 0.03429017748151507 0.06211454048752785
0 0.07744120700018746 0.5384516716003418 0.007001059395926339 0.03164083617074149 0.0618978850543499
0 0.08008981602532524 0.535712650844029 0.006511211395263672 0.031321627753121514 0.061893828213214874
0 0.5659350327083043 0.5391444478716169 0.008576597486223494 0.0431218147277832 0.061686936765909195
0 0.3755762577056885 0.5432015146527972 0.00900895254952567 0.033894709178379605 0.06120362505316734
0 0.5275744029453823 0.5323209762573242 0.007816689355032784 0.04206657409667969 0.060769397765398026
0 0.36047288349696566 0.5442582539149693 0.00906409536089216 0.03385329246520996 0.06058041378855705
0 0.19177705901009695 0.5444945607866559 0.008784941264561244 0.03503104618617466 0.06050705537199974
0 0.5310453346797398 0.5174427032470703 0.0059299468994140625 0.026717526572091237 0.06040385738015175
0 0.9751284463065011 0.5161277907235282 0.006168569837297712 0.0356179986681257 0.06016379967331886
0 0.10799097163336617 0.5379375389644078 0.007593103817531041 0.03445243835449219 0.058549366891384125
0 0.38871560777936665 0.5425996439797538 0.008800131934029716 0.03450979505266462 0.058430399745702744
0 0.7954716001238141 0.5502630642482212 0.011284623827253069 0.02584089551653181 0.058242317289114
0 0.3924475056784494 0.5400028909955706 0.008242811475481306 0.033518825258527486 0.056735921651124954
0 0.5314089911324638 0.5366845812116351 0.008591617856706892 0.04655531474522182 0.05655495822429657
0 0.5392823900495257 0.5189129965645927 0.006216117313929966 0.028905255453927175 0.05593717470765114
0 0.883033003125872 0.5460004806518555 0.010645866394042969 0.03600852830069406 0.055618565529584885
0 0.20432826450892858 0.5454470430101667 0.008927157946995326 0.03292655944824219 0.05485278367996216
0 0.5269327163696289 0.5164353506905692 0.0051871708461216515 0.023320538657052175 0.054561879485845566
0 0.07069282020841326 0.5348395279475621 0.006512969732284546 0.029420852661132812 0.054369572550058365
0 0.07346938337598528 0.5350827830178397 0.006399048226220267 0.030271053314208984 0.05392776057124138
0 0.06665715149470738 0.5343320710318429 0.006580467735018049 0.0288848876953125 0.05330692231655121
0 0.11235691819872175 0.5433820315769741 0.008161297866276332 0.03418104989188058 0.053063202649354935
0 0.061476094382149835 0.5362834249223981 0.006835822548185076 0.029674461909702847 0.052792273461818695
0 0.9287569182259696 0.5410336426326207 0.008435658046177455 0.04080963134765625 0.05265336483716965
0 0.5710000651223319 0.5392627375466483 0.00858926773071289 0.043571063450404575 0.05253682658076286
0 0.06353127530642919 0.5302121979849679 0.00614628621510097 0.02719146864754813 0.05056389048695564
0 0.3226888520377023 0.5436985152108329 0.009367295673915319 0.03543989998953683 0.05030554160475731
