0 0.9631408282688686 0.5280471869877407 0.0066375732421875 0.02910600389753069 0.3651033639907837
0 0.9615426744733538 0.5342746462140765 0.0068803514753069195 0.034461532320295064 0.35254207253456116
0 0.9692284720284599 0.528379133769444 0.007314613887241909 0.032516275133405416 0.20347009599208832
0 0.9661028725760323 0.5365756239209857 0.007237093789236886 0.03938020978655134 0.1819925308227539
0 0.9560237612043109 0.5381919315883091 0.007479872022356305 0.038231883730207174 0.17611300945281982
0 0.9297261919294085 0.5443599564688546 0.0074122292654854914 0.0350823061806815 0.11433076113462448
0 0.9588516780308315 0.5316985334668841 0.007693767547607422 0.0384742191859654 0.10349289327859879
0 0.9519902638026646 0.5411393642425537 0.0077653612409319195 0.03793464388166155 0.0881156176328659
0 0.9535545621599469 0.5348001888820103 0.006981372833251953 0.03970868246895926 0.0835617333650589
0 0.9326607840401786 0.5413703577859061 0.008050714220319475 0.040046828133719306 0.08117945492267609
0 0.9634898049490792 0.5400307519095284 0.007687091827392578 0.037660530635288784 0.07666116207838058
0 0.9275123051234654 0.5368178912571498 0.007193429129464286 0.04469026838030134 0.07612968236207962
0 0.9721215111868722 0.5300263677324567 0.006754193987165179 0.034635066986083984 0.07269412279129028
0 0.06687671797616142 0.5326811245509556 0.0063397330897195 0.031094823564801897 0.05629599839448929
0 0.06296239580426898 0.5326311247689384 0.006372345345360892 0.0310798031943185 0.0555080808699131
0 0.948446410042899 0.5412440299987793 0.007708004542759487 0.037907225745064874 0.053102757781744
0 0.5836004529680524 0.542259965624128 0.008933748517717634 0.03831240109034947 0.05170730501413345
0 0.5871960776192802 0.5429434776306152 0.009102821350097656 0.03732214655194964 0.051496390253305435
0 0.55145035471235 0.5286584581647601 0.006628172738211495 0.02913611275809152 0.05060196295380592
