0 0.09014493227005005 0.5361651011875698 0.0062863145555768695 0.028675317764282227 0.4170837104320526
0 0.0930321557181222 0.538837160382952 0.006511867046356201 0.028555665697370256 0.2722131907939911
0 0.08669412136077881 0.5353953497750419 0.005860371249062675 0.027354887553623745 0.2612059414386749
0 0.5833984102521624 0.5348870073046003 0.009007385798863001 0.04736580167497907 0.12162397056818008
0 0.6033631052289691 0.5388415540967669 0.009949820382254464 0.04650041035243443 0.11728965491056442
0 0.5862510544913155 0.5386661120823452 0.00960186549595424 0.045327220644269674 0.1117934137582779
0 0.08243674891335624 0.5360714367457798 0.006745398044586182 0.030269759041922435 0.099871926009655
0 0.5791699545724052 0.5346666404179165 0.008920533316476005 0.047321932656424384 0.09561849385499954
0 0.5898167746407645 0.5390576635088239 0.009474958692278181 0.046307768140520365 0.09523871541023254
0 0.3962962968008859 0.5330071449279785 0.007269348417009626 0.03327352660042899 0.09254779666662216
0 0.36334248951503206 0.535381623676845 0.008248158863612584 0.03370857238769531 0.08133821934461594
0 0.5935828345162528 0.5391552107674735 0.009542465209960938 0.046792064394269674 0.07957005500793457
0 0.9662346158708844 0.5267340115138462 0.006077425820486886 0.026756014142717634 0.0779721736907959
0 0.5484363692147392 0.5171184199196952 0.005757297788347516 0.024347850254603794 0.07564707845449448
0 0.9547570092337472 0.5376808302743095 0.0070525578090122765 0.03382941654750279 0.07201172411441803
0 0.431750978742327 0.5188689913068499 0.005172797611781529 0.017596823828560964 0.07104112207889557
0 0.5305242538452148 0.5156420980181012 0.005219732012067523 0.01862304551260812 0.06773708015680313
0 0.41068707193647114 0.5325852802821568 0.007001059395926339 0.031208481107439314 0.06740190088748932
0 0.39385182516915457 0.5383522169930595 0.0077059268951416016 0.03420989853995187 0.06608205288648605
0 0.09862810373306274 0.5383440426417759 0.0073435987745012555 0.030911105019705638 0.0644385889172554
0 0.4064127377101353 0.5249556473323277 0.006062848227364677 0.023485115596226284 0.06186012178659439
0 0.3713362216949463 0.5370755195617676 0.007750851767403739 0.03531622886657715 0.060020562261343
0 0.9636467524937221 0.527031421661377 0.005975042070661273 0.027164970125470842 0.05785094574093819
0 0.9510374069213867 0.5366640431540353 0.007008484431675502 0.03739370618547712 0.057739339768886566
0 0.5453664234706334 0.5208217075892857 0.006583452224731445 0.026337453297206333 0.05307193100452423
0 0.40126752853393555 0.525472709110805 0.006142445972987584 0.024607079369681224 0.05224234238266945
0 0.5494421550205776 0.5249193736485073 0.007171256201607841 0.0312833445412772 0.05153839662671089
