0 0.5813061169215611 0.5368069240025112 0.009920937674386161 0.049891505922589986 0.20969587564468384
0 0.5774149213518415 0.5345395973750523 0.009549685886928014 0.05074998310634068 0.16927701234817505
0 0.584484372820173 0.5385251045227051 0.00994525636945452 0.04829566819327218 0.12186600267887115
0 0.588876451764788 0.5387453351702008 0.010030746459960938 0.048505612782069614 0.11453960835933685
0 0.5984973226274762 0.5386807577950614 0.01090376717703683 0.04760803495134626 0.11151005327701569
0 0.9281208855765206 0.5399808543069022 0.009418351309640067 0.044350079127720425 0.08021695911884308
0 0.40851456778390066 0.5344743388039725 0.007833787373134069 0.03558404105050223 0.07705144584178925
0 0.5416383743286133 0.5192962374005999 0.006276266915457589 0.024072885513305664 0.07508313655853271
0 0.5330353123801095 0.5146996634347099 0.005227906363351005 0.01924933706011091 0.0718284398317337
0 0.43142407281058176 0.5236866814749581 0.0063015733446393695 0.0242746216910226 0.07166774570941925
0 0.43368853841509136 0.525327205657959 0.006616660526820591 0.027492897851126536 0.06975129246711731
0 0.5446628843035016 0.5198541709354946 0.006718601499285016 0.026574339185442244 0.06659058481454849
0 0.43771437236240934 0.5236036436898368 0.006245851516723633 0.023902961186000278 0.06636178493499756
0 0.4125462940761021 0.5343085697719029 0.007867438452584403 0.03491670744759696 0.06391756236553192
0 0.9245778492518834 0.5401146411895752 0.009266989571707589 0.044366155351911275 0.06378242373466492
0 0.42423765999930246 0.5352563176836286 0.007441009793962751 0.03399314199175153 0.06216275319457054
0 0.5482686587742397 0.5204498427254813 0.006726912089756557 0.026523896626063755 0.06188647821545601
0 0.4305384840284075 0.5350399017333984 0.007420744214739118 0.03403663635253906 0.05729047954082489
0 0.6022084099905831 0.5396833419799805 0.01052509035382952 0.04318107877458845 0.05696016922593117
0 0.4031670093536377 0.5350398336138044 0.0077615465436662945 0.036272593906947544 0.05544295161962509
0 0.08156672545841762 0.5389535427093506 0.0063218048640659875 0.028996740068708147 0.05368303135037422
0 0.5358124460492816 0.5157173020499093 0.005597761699131557 0.022319282804216658 0.05277895927429199
0 0.9408878598894391 0.540846756526402 0.008650984082903181 0.04106589726039341 0.05246112868189812
0 0.5375738143920898 0.5195516518184117 0.005710124969482422 0.021524361201695034 0.051798783242702484
0 0.5255830628531319 0.5143423761640277 0.00525007929120745 0.018872976303100586 0.050285082310438156
