0 0.9999757494245257 0.5150676795414516 4.8569270542689734e-05 0.15451819556100027 0.487566202878952
0 0.9540080342973981 0.5397413798740932 0.008045605250767298 0.04158561570303781 0.193577840924263
0 0.9579176221575055 0.5395231928144183 0.008124692099434989 0.04145744868687221 0.19161051511764526
0 0.950427736554827 0.540032182421003 0.008044447217668806 0.0415825503213065 0.1585635095834732
0 0.9460705348423549 0.5401575224740165 0.008014065878731864 0.041735240391322544 0.12233798950910568
0 0.08516553470066615 0.5431387083871024 0.00796133279800415 0.035146474838256836 0.11992589384317398
0 0.9640382358006069 0.5401649475097656 0.008092199053083147 0.04278925486973354 0.1151176318526268
0 0.08107691151755196 0.5424316951206752 0.0077531593186514714 0.03478203501020159 0.10906059294939041
0 0.08950110844203404 0.5432171140398298 0.007940709590911865 0.03523107937404087 0.10887410491704941
0 0.9412915366036552 0.5405564308166504 0.007973330361502511 0.04162423951285226 0.09524060040712357
0 0.4203564439501081 0.5303020477294922 0.007950374058314733 0.03292982918875558 0.09224861860275269
0 0.4142307553972517 0.5342773709978376 0.008160148348127092 0.0346005984715053 0.08666138350963593
0 0.4255472251347133 0.5261516230446952 0.007220540727887835 0.02889449255807059 0.08471371978521347
0 0.0946280871118818 0.5433235849652972 0.007967829704284668 0.03514862060546875 0.08405888825654984
0 0.43067594936915804 0.5254367419651577 0.0070438385009765625 0.02751302719116211 0.082142673432827
0 0.9559251240321568 0.5293434688023159 0.007505348750523159 0.037566150937761576 0.08065768331289291
0 0.1782547746385847 0.5464444841657367 0.009041139057704381 0.033998114722115655 0.07630995661020279
0 0.4105308396475656 0.5352264131818499 0.00834195954459054 0.03513588224138532 0.07597307860851288
0 0.18278038501739502 0.5463518415178571 0.009089163371494837 0.03389886447361538 0.07460855692625046
0 0.4446068150656564 0.5196538993290493 0.005772931235177177 0.02046898433140346 0.07404898852109909
0 0.4471930095127651 0.5196569306509835 0.005726235253470284 0.020129782812935964 0.07286782562732697
0 0.9599048750741142 0.5300940104893276 0.007528032575334821 0.03765702247619629 0.07180819660425186
0 0.1713700464793614 0.5465449265071324 0.00887199810573033 0.034112862178257534 0.07134760171175003
0 0.40679679598127094 0.5373203413827079 0.008440392357962472 0.03659544672284808 0.06969641894102097
0 0.09986444881984166 0.5437831197466169 0.0080560530935015 0.03479225294930594 0.06797556579113007
0 0.5379058292933873 0.5250397750309536 0.006683247429983956 0.02895355224609375 0.06609778851270676
0 0.9356317520141602 0.5410712105887276 0.007913248879568917 0.04110383987426758 0.06608905643224716
0 0.8795674868992397 0.5431200436183384 0.008807046072823661 0.03711100987025669 0.06600546091794968
0 0.5329901150294712 0.515979698726109 0.0056661878313337055 0.023227453231811523 0.06428974866867065
0 0.5411522047860282 0.5213987486703056 0.006607498441423688 0.028635331562587192 0.06346414238214493
0 0.16324170998164586 0.546407835824149 0.00879223006112235 0.03397168431963239 0.06273656338453293
0 0.4034034184047154 0.5404687949589321 0.00877969605582101 0.037478242601667135 0.06125436723232269
0 0.5606811387198312 0.5352041380746024 0.009398562567574638 0.0448110784803118 0.05990162864327431
0 0.5341935157775879 0.5246391296386719 0.006497008459908622 0.02728414535522461 0.05955318734049797
0 0.8833353178841727 0.5382181916918073 0.00851304190499442 0.041012423379080634 0.05917994678020477
0 0.10502541065216064 0.5444246700831822 0.0080940808568682 0.03450802394321987 0.05880911648273468
0 0.4356226921081543 0.5208111490522113 0.0065220764705113 0.0259155205317906 0.05856895074248314
0 0.18833213193075998 0.5460985047476632 0.009115525654384069 0.033853701182774136 0.05844977870583534
0 0.5440871374947684 0.5216307640075684 0.0066634246281215125 0.0291224547794887 0.05838668346405029
0 0.5368191855294364 0.5163890974862235 0.00593362535749163 0.025668314525059292 0.05819327011704445
0 0.8754081044878278 0.5432273319789341 0.008786746433803014 0.037178754806518555 0.058107733726501465
0 0.5559651170458112 0.533024515424456 0.00875091552734375 0.04198677199227469 0.05791100859642029
0 0.5278857094900948 0.5200669084276471 0.005799770355224609 0.0223562376839774 0.057870060205459595
0 0.07573263134275164 0.5386173384530204 0.007054328918457031 0.032807929175240655 0.057519249618053436
0 0.39898085594177246 0.5426335675375802 0.009236608232770647 0.03711761747087751 0.05746429041028023
0 0.8865860530308315 0.5429483141217913 0.008800642830984933 0.03718229702540806 0.056757036596536636
0 0.548086302621024 0.5217764718191964 0.006661244801112584 0.02943556649344308 0.05544634908437729
0 0.427786009652274 0.5212017468043736 0.0065501417432512555 0.026014396122523716 0.05418850854039192
0 0.5457280703953334 0.5317128045218331 0.008167948041643416 0.040014335087367466 0.053286757320165634
0 0.43977240153721403 0.5204791682107108 0.006404263632638114 0.0252227783203125 0.053203996270895004
0 0.4172469547816685 0.539339542388916 0.008741617202758789 0.037574870245797296 0.05259508267045021
0 0.8280158724103656 0.54448516028268 0.009499617985316686 0.036015169961111884 0.052454907447099686
0 0.551257678440639 0.527470486504691 0.007992029190063477 0.03666571208408901 0.05208667740225792
0 0.44987426485334125 0.5154159409659249 0.005340780530657087 0.020806210381644114 0.051961664110422134
0 0.45593769209725515 0.5151826994759696 0.005130563463483538 0.01902702876499721 0.05189584195613861
0 0.4586802210126604 0.5152672358921596 0.0050367627825055805 0.018612963812691823 0.05159749463200569
0 0.17379631314958846 0.5524240902491978 0.008569444928850447 0.02141714096069336 0.0515374094247818
0 0.8209936959402901 0.544452462877546 0.009329863956996374 0.03667487416948591 0.051376864314079285
0 0.9337180001395089 0.540137597492763 0.1325639316013881 0.0242788451058524 0.050403472036123276
