0 0.4253341129847935 0.5193840435573033 0.005914449691772461 0.02475874764578683 0.6216950416564941
0 0.4291294642857143 0.5194064549037388 0.0058999402182442805 0.0242980888911656 0.6081765294075012
0 0.5295023918151855 0.515103919165475 0.004846266337803432 0.021135466439383372 0.5274257063865662
0 0.4213474137442453 0.5237115110669818 0.006694691521780831 0.027080467769077847 0.4483790099620819
0 0.5326950890677316 0.5198729378836495 0.005828857421875 0.027441092899867466 0.4025524854660034
0 0.42703771591186523 0.526167801448277 0.007410832813807896 0.03319753919328962 0.39886775612831116
0 0.4314911024911063 0.5155692100524902 0.005450146538870675 0.024303947176252092 0.39612236618995667
0 0.5368025984082904 0.5200107438223702 0.0058759961809430805 0.02750100408281599 0.36667877435684204
0 0.5346905163356236 0.5124882970537458 0.0049413953508649555 0.025385277611868724 0.36571794748306274
0 0.5272575105939593 0.5191785267421177 0.005619049072265625 0.02334298406328474 0.305286169052124
0 0.539320741380964 0.5202682358877999 0.006023577281406948 0.027483837945120677 0.285380095243454
0 0.43443294933864046 0.5156635556902204 0.005426611219133649 0.02391845839364188 0.25756290555000305
0 0.43556339400155203 0.5237442765917096 0.0065310341971261164 0.025761263711111888 0.24209743738174438
0 0.5380050114222935 0.512721197945731 0.004977055958339146 0.02555326053074428 0.22714386880397797
0 0.5429336684090751 0.524644102369036 0.006910766874040876 0.030285324369158064 0.16759561002254486
0 0.4189504895891462 0.5153789520263672 0.0054307324545724055 0.024436541966029575 0.16219261288642883
0 0.4382273129054478 0.515340873173305 0.005112579890659877 0.020491702216012136 0.16202199459075928
0 0.9998392377580915 0.5624096393585205 0.0003215926034109933 0.08063364028930664 0.1574895977973938
0 0.41738387516566683 0.5272269248962402 0.007925714765276228 0.032885653632027764 0.1566772311925888
0 0.09688780988965716 0.5414695739746094 0.007443504674094064 0.03328636714390346 0.15184539556503296
0 0.6846111842564174 0.5440711293901715 0.010526725224086217 0.03814268112182617 0.15076971054077148
0 0.09341539655412946 0.5415714127676827 0.007410773209163121 0.033322845186506 0.14739854633808136
0 0.10087081364222936 0.5413356849125454 0.007424329008374896 0.033338614872523716 0.1452399492263794
0 0.08962738513946533 0.5415737288338798 0.00736642735345023 0.033437490463256836 0.13576753437519073
0 0.5305206435067313 0.5085838181631905 0.004685980933053153 0.023977109364100864 0.13473694026470184
0 0.1037454264504569 0.5334068025861468 0.006791293621063232 0.03431906018938337 0.1328069120645523
0 0.9558545521327427 0.5372131892613002 0.006922176906040737 0.038555451801845005 0.13264183700084686
0 0.09951033762523107 0.531989438193185 0.006641830716814313 0.03023672103881836 0.13042283058166504
0 0.6807340894426618 0.5482871191842216 0.010272366659981864 0.02834183829171317 0.1287808120250702
0 0.10556762559073311 0.5414554732186454 0.0074601513998849055 0.034266505922589986 0.12753760814666748
0 0.42154342787606375 0.5118683406284877 0.005187375204903739 0.02499917575291225 0.12490861862897873
0 0.08706416402544294 0.5359437806265694 0.0069486839430672786 0.03082231112888881 0.12018325179815292
0 0.09530535766056605 0.5319746562412807 0.006635512624468122 0.030146564756120955 0.11497674137353897
0 0.545757702418736 0.5212623732430595 0.007134948457990374 0.033670663833618164 0.11450383812189102
0 0.952559334891183 0.5387954711914062 0.007257665906633649 0.04000793184552874 0.11301299184560776
0 0.6893456322806222 0.5438412257603237 0.010486739022391183 0.038378749574933736 0.11137229204177856
0 0.42369658606392996 0.5348582948957171 0.008504561015537806 0.04000449180603027 0.10684611648321152
0 0.9594422067914691 0.5440943241119385 0.007414136614118304 0.02776902062552316 0.10437187552452087
0 0.08032882213592529 0.535496711730957 0.0061896273068019324 0.029327801295689175 0.10074013471603394
0 0.5408788408551898 0.511676515851702 0.004652159554617745 0.021981205259050642 0.09989425539970398
0 0.5305027961730957 0.5259120804922921 0.0073201656341552734 0.03561547824314663 0.09947405755519867
0 0.5202375480106899 0.515174388885498 0.004878997802734375 0.020696946552821567 0.09765849262475967
0 0.11093340601239886 0.5420198781149728 0.007610397679465157 0.035459041595458984 0.09649644047021866
0 0.09121447801589966 0.5319051742553711 0.006699749401637486 0.0299093382699149 0.09629739820957184
0 0.432537317276001 0.532792159489223 0.008176939828055245 0.03808767454964774 0.0944533497095108
0 0.7789026669093541 0.5485215187072754 0.009536470685686384 0.025670221873692105 0.09100715070962906
0 0.9619907651628766 0.5396949904305595 0.007199423653738839 0.03719101633344378 0.09009942412376404
0 0.9467710767473493 0.5398868833269391 0.007211003984723773 0.038935695375714986 0.08760789036750793
0 0.7752166475568499 0.5437666688646589 0.009910379137311662 0.03733757563999721 0.08371765166521072
0 0.07761658089501518 0.5351666041782924 0.00610853944505964 0.029254538672310964 0.08346319943666458
0 0.6767779758998326 0.543985230582101 0.010848522186279297 0.03940810476030622 0.08255796879529953
0 0.6942189761570522 0.5477242469787598 0.009516443525041853 0.027346508843558177 0.08168716728687286
0 0.5220165933881488 0.5112077849251884 0.004573277064732143 0.020255974360874722 0.08142241835594177
0 0.548332963671003 0.5316262245178223 0.008202450616019112 0.03863665035792759 0.0804658755660057
0 0.4360292298453195 0.5118087700435093 0.004743269511631557 0.02065352031162807 0.0799543485045433
0 0.42925732476370676 0.5350902421133858 0.008450542177472795 0.03990517343793597 0.0796138197183609
0 0.9415643555777413 0.5400693757193429 0.0073751722063337055 0.038716214043753486 0.07950351387262344
0 0.536783082144601 0.5300968715122768 0.008464438574654716 0.0394770758492606 0.0782422199845314
0 0.08463544504983085 0.531853267124721 0.006643882819584438 0.029642105102539062 0.07740594446659088
0 0.958599499293736 0.5311922005244664 0.006640638623918805 0.03556006295340402 0.07715807110071182
0 0.9492812837873187 0.535076550074986 0.00698927470615932 0.03663795334952218 0.07704693078994751
0 0.41393702370779856 0.5306940078735352 0.00834662573678153 0.03509773526872907 0.07501564174890518
0 0.9366655349731445 0.5405598367963519 0.007568972451346261 0.03851989337376186 0.07297123968601227
0 0.10799833706447057 0.5477497577667236 0.008025246007101876 0.023962020874023438 0.07282967120409012
0 0.8530182157244001 0.5436592783246722 0.008629730769566126 0.037182467324393134 0.06405802816152573
0 0.41951288495744976 0.535881655556815 0.00913201059613909 0.04155199868338449 0.06331836432218552
0 0.5527897221701485 0.5219033786228725 0.0074182237897600445 0.034555367061070034 0.06244809180498123
0 0.9314618791852679 0.5411109243120465 0.007684298924037388 0.03836890629359654 0.06129205971956253
0 0.7834169524056571 0.5439411572047642 0.009691919599260603 0.03740242549351284 0.06109728664159775
0 0.6978532246180943 0.5435857432229179 0.010357652391706194 0.03878927230834961 0.060185883194208145
0 0.11664031233106341 0.5422639846801758 0.007671798978533063 0.03561537606375558 0.060109253972768784
0 0.7692362240382603 0.5435756274632045 0.009644372122628348 0.037006923130580356 0.05956085026264191
0 0.8483811787196568 0.5436406816755023 0.008708204541887556 0.03702735900878906 0.05908910930156708
0 0.41587209701538086 0.5154523849487305 0.0054280076708112445 0.024671963282993863 0.057883698493242264
0 0.857464109148298 0.5436286585671561 0.008726051875523158 0.037161554609026225 0.05778338387608528
0 0.08111209528786796 0.5464357648577008 0.007798952715737479 0.028839281627110074 0.05661159008741379
0 0.42814816747392925 0.5089272771562848 0.004883357456752232 0.025334630693708147 0.05580369010567665
0 0.8403596878051758 0.5434517179216657 0.009251662663051061 0.03686615398951939 0.055150192230939865
0 0.11460718086787633 0.5342911992754255 0.006861976214817592 0.03564180646623884 0.05410199239850044
0 0.835404668535505 0.5433365617479596 0.009359087262834822 0.03729377474103655 0.053562428802251816
0 0.07516649791172572 0.5311685289655413 0.005846185343606132 0.027890171323503767 0.05298598110675812
0 0.3791607788630894 0.5404590197971889 0.00910323006766183 0.03842728478567941 0.052389733493328094
0 0.6714122635977608 0.548337595803397 0.010261671883719308 0.028165817260742188 0.051673080772161484
0 0.844524656023298 0.5403732572283063 0.009198120662144251 0.03962203434535435 0.05070154368877411
0 0.4105578831263951 0.5252079282488141 0.0070383548736572266 0.029048545019967214 0.05047137290239334
0 0.5551609311785016 0.5343020643506732 0.008625268936157227 0.0426741327558245 0.05032450333237648
0 0.343221800667899 0.5433756283351353 0.009330919810703822 0.035797323499407084 0.0501241534948349
