0 0.3996656281607492 0.5285677909851074 0.008224657603672572 0.033785309110369 0.619549036026001
0 0.4045163563319615 0.5221617903028216 0.007024322237287249 0.028613362993512834 0.5593951344490051
0 0.39590024948120117 0.5283529417855399 0.008093936102730888 0.03426224844796317 0.5028301477432251
0 0.40885935510907856 0.531759330204555 0.007283551352364677 0.033501659120832174 0.46719345450401306
0 0.40241990770612446 0.5381079401288714 0.008558273315429688 0.04076552391052246 0.44349902868270874
0 0.4101625510624477 0.5211469786507743 0.006510257720947266 0.027218171528407505 0.24811775982379913
0 0.406717096056257 0.5178680079323905 0.0061489854540143695 0.026755809783935547 0.21358071267604828
0 0.39159257071358816 0.533958980015346 0.008758374622889928 0.03963630540030343 0.18501678109169006
0 0.5476805823189872 0.5265686511993408 0.007046801703316825 0.03175217764718192 0.17505565285682678
0 0.5517169407435826 0.5297209535326276 0.00782534054347447 0.036275999886648994 0.17230719327926636
0 0.39471830640520367 0.5428164345877511 0.009706939969744002 0.0307596070425851 0.15016426146030426
0 0.545325517654419 0.5324152537754604 0.007987839835030692 0.03736485753740583 0.1454026997089386
0 0.39376027243477957 0.5214422770908901 0.006451811109270368 0.03715143884931292 0.13958926498889923
0 0.12447624547140938 0.5491757392883301 0.008827132838112968 0.024068832397460938 0.1284729391336441
0 0.13165277242660522 0.5431908198765346 0.008827856608799525 0.03643121038164411 0.12794890999794006
0 0.5409135818481445 0.525721549987793 0.006902285984584263 0.0298046384538923 0.12584926187992096
0 0.5557802064078194 0.5337957654680524 0.00815483501979283 0.0387418270111084 0.12357092648744583
0 0.1363922357559204 0.5431744711739677 0.008892408439091273 0.03649711608886719 0.12055494636297226
0 0.12747477633612497 0.5432736533028739 0.008849569729396276 0.03608056477137974 0.11951999366283417
0 0.5335022721971784 0.5196606091090611 0.005563667842320034 0.022087914603097097 0.1183282658457756
0 0.9728949410574776 0.5427401747022357 0.008516107286725725 0.031154155731201172 0.11580116301774979
0 0.5441834586007255 0.5215321268354144 0.006377186094011579 0.027771847588675364 0.11444839090108871
0 0.29970291682652067 0.544123785836356 0.010128157479422433 0.03561036927359445 0.10641930997371674
0 0.5385472433907645 0.5210468769073486 0.006245817456926618 0.026796272822788784 0.10597661137580872
0 0.3071691649300711 0.5439857074192592 0.010243075234549386 0.034746715000697544 0.10308057814836502
0 0.6024607249668666 0.5384713581630162 0.010937690734863281 0.04278063774108887 0.10291894525289536
0 0.4144255093165806 0.5212833540780204 0.006863730294363839 0.030575479779924666 0.10037636756896973
0 0.11993438005447388 0.5431884356907436 0.008688603128705705 0.0355403082711356 0.09965890645980835
0 0.14046312229973928 0.543222291128976 0.009057879447937012 0.03623400415693011 0.0981772392988205
0 0.2952747344970703 0.5442626135689872 0.009905202048165458 0.0357729366847447 0.09290559589862823
0 0.5285964012145996 0.5153448241097587 0.004717656544276646 0.0191892215183803 0.09123319387435913
0 0.5964009421212333 0.5369053568158831 0.010255541120256697 0.04182771274021694 0.08939375728368759
0 0.31307789257594515 0.54389830998012 0.009911469050816126 0.03520240102495466 0.0858091339468956
0 0.6081850869315011 0.5384890011378697 0.010970456259591239 0.04310839516775949 0.0840311050415039
0 0.11452612706593104 0.5425597599574498 0.008157423564365931 0.035000971385410855 0.08040236681699753
0 0.5368986810956683 0.5158037458147321 0.005251101085117885 0.02244537217276437 0.07544121891260147
0 0.11061935765402657 0.5422208649771554 0.008094097886766707 0.03480689866202218 0.07467009127140045
0 0.4223543235233852 0.5282584599086216 0.00690528324672154 0.030657597950526645 0.07452485710382462
0 0.10645927701677595 0.5419184480394635 0.008045443466731481 0.034764766693115234 0.07446649670600891
0 0.6319562367030552 0.5390679836273193 0.01023721694946289 0.040419306073869975 0.07394446432590485
0 0.3862026759556362 0.537721940449306 0.008840799331665039 0.040842533111572266 0.0737144723534584
0 0.6389443533761161 0.5396367481776646 0.010255813598632812 0.03971723147800991 0.07349496334791183
0 0.09290273700441633 0.5416428021022252 0.007830313273838587 0.03535434177943638 0.07259585708379745
0 0.10165487016950335 0.541849000113351 0.008019013064248222 0.03483217103140695 0.07247588783502579
0 0.08937449114663261 0.5408246517181396 0.007542567593710763 0.03593833105904715 0.07244926691055298
0 0.09740402017320905 0.5417722974504743 0.00791177579334804 0.03503905023847308 0.071051225066185
0 0.1449387925011771 0.5433650016784668 0.009166232177189418 0.03607596669878278 0.06973983347415924
0 0.5260792459760394 0.5197324752807617 0.0054803575788225445 0.02149690900530134 0.0683075338602066
0 0.8903661455426898 0.5439943245479039 0.00848524911063058 0.034686429159981866 0.06696292012929916
0 0.5589027745383126 0.5286189488002232 0.00785064697265625 0.037361860275268555 0.06646262854337692
0 0.8974052156720843 0.5439217431204659 0.008577142442975725 0.03443506785801479 0.06631883233785629
0 0.5462745938982282 0.5169549669538226 0.005689246313912528 0.025224924087524414 0.06386328488588333
0 0.3039545331682478 0.5504852363041469 0.009736435753958566 0.023958206176757812 0.06366387009620667
0 0.2910394327981131 0.5451715333121163 0.009487560817173548 0.035018478121076314 0.06249948963522911
0 0.08511604581560407 0.5381711551121303 0.007004814488547189 0.03455659321376255 0.06227407976984978
0 0.3813548428671701 0.5383604935237339 0.008738177163260323 0.040537629808698385 0.0603535957634449
0 0.893803528376988 0.550417287009103 0.008472442626953125 0.021574156624930247 0.05999959260225296
0 0.5916142463684082 0.5385667937142509 0.0095062255859375 0.04401489666530064 0.059884581714868546
0 0.967930793762207 0.5376204763139997 0.007791178567068917 0.03796989577157157 0.0593123659491539
0 0.9643261092049735 0.5391832419804165 0.008224078587123327 0.03985909053257534 0.05749618262052536
0 0.6055609839303153 0.527245317186628 0.008983816419328963 0.0415257385798863 0.05736197531223297
0 0.9016787665230888 0.5439210619245257 0.008627619062151228 0.03434525217328753 0.057166390120983124
0 0.4167464120047433 0.538710491997855 0.008403164999825614 0.03970473153250558 0.05713702365756035
0 0.5808869770595005 0.5387008530752999 0.0093841552734375 0.04362545694623675 0.055240727961063385
0 0.5628720692225865 0.536456687109811 0.008555446352277483 0.041407925742013116 0.054244089871644974
0 0.3182315485818045 0.543424299785069 0.009810175214494978 0.035843031747000556 0.05385757237672806
0 0.37603678022112164 0.5392352172306606 0.008618933813912528 0.0401064327784947 0.05229727551341057
0 0.5851405007498605 0.5387130805424282 0.009419986179896764 0.04368025915963309 0.051776763051748276
0 0.61534697668893 0.5384725161961147 0.010863985334123884 0.04318594932556152 0.051402121782302856
0 0.8849296569824219 0.5446164948599679 0.00851576668875558 0.03438748632158552 0.05019152909517288
