0 0.9505928584507534 0.5371291296822684 0.0069732666015625 0.038140569414411275 0.41565147042274475
0 0.9540917532784599 0.5348543439592633 0.006893907274518695 0.037075962339128764 0.41078686714172363
0 0.9474427359444755 0.5391247953687396 0.007165568215506417 0.03882748740059989 0.4067518711090088
0 0.943328993661063 0.5397022111075265 0.00705644062587193 0.03914420945303781 0.35254746675491333
0 0.9574884687151227 0.5305579049246651 0.006788321903773716 0.0344667775290353 0.3093183636665344
0 0.9396817343575614 0.5400674683707101 0.007064614977155413 0.03899925095694406 0.28210026025772095
0 0.9655849593026298 0.5260859898158482 0.005761691502162388 0.028729268482753208 0.22695159912109375
0 0.9356152670724052 0.5414380346025739 0.00707319804600307 0.0383730275290353 0.2217634618282318
0 0.963787351335798 0.5364575386047363 0.007754802703857422 0.04011314255850656 0.20460735261440277
0 0.961200441632952 0.5265955243791852 0.006041594914027623 0.03018355369567871 0.20328772068023682
0 0.5634889943259103 0.540748051234654 0.00768484388078962 0.04048010281154087 0.17549844086170197
0 0.931408337184361 0.5439854349408831 0.007704462323869977 0.037005458559308736 0.1621902734041214
0 0.5577942643846784 0.5402240071977887 0.007760184151785714 0.040167774472917826 0.16135157644748688
0 0.14647759710039412 0.5437678609575544 0.008729909147535051 0.03520257132393973 0.15120942890644073
0 0.9276379176548549 0.5450069563729423 0.008199896131243025 0.03537750244140625 0.14528703689575195
0 0.5676061766488212 0.5408270699637276 0.007750749588012695 0.040556022099086216 0.1434442549943924
0 0.9230124609810966 0.5442624773297992 0.008562360491071428 0.03594115802219936 0.1400657445192337
0 0.1398058533668518 0.5433504240853446 0.008287719317844935 0.03586220741271973 0.13615325093269348
0 0.9685344014848981 0.5223452704293388 0.0056215013776506695 0.02767678669520787 0.13301627337932587
0 0.9601197242736816 0.5447907788412911 0.007922989981515067 0.03434814725603376 0.128188818693161
0 0.5522717748369489 0.5355948039463588 0.007795572280883789 0.039563894271850586 0.1181238666176796
0 0.9184149333408901 0.5442293030875069 0.008677482604980469 0.03585784775870187 0.11658626049757004
0 0.13594795976366317 0.5433218138558524 0.008282448564256941 0.03599326951163156 0.11382711678743362
0 0.5715300696236747 0.541353532246181 0.0077745914459228516 0.03986188343593052 0.1107286661863327
0 0.5486753327505929 0.5347027097429548 0.0077833788735525945 0.039260421480451314 0.10629528760910034
0 0.15334241730826242 0.5443594796316964 0.00936598437173026 0.034449713570731025 0.10358796268701553
0 0.13218295574188232 0.5432682718549456 0.008397502558571952 0.035893099648611884 0.09800132364034653
0 0.24434220790863037 0.5451466356004987 0.010136944907052177 0.03365434919084821 0.0967240035533905
0 0.2369000060217721 0.5453020504542759 0.010115861892700195 0.03366620200020926 0.0948878675699234
0 0.10423042093004499 0.5419338090079171 0.007508277893066406 0.0340242726462228 0.09430939704179764
0 0.09837801115853446 0.5397154263087681 0.007106704371316093 0.03283834457397461 0.09350445121526718
0 0.10106173583439418 0.532782758985247 0.006557209151131766 0.031205688204084123 0.09270130842924118
0 0.9712859562465123 0.52149612562997 0.00578233173915318 0.02951744624546596 0.09187694638967514
0 0.24860412733895437 0.5422356809888568 0.010162455695016044 0.039303439004080634 0.09131959825754166
0 0.10839368615831647 0.542142493384225 0.007556114877973284 0.034271240234375 0.08934109658002853
0 0.15039491653442383 0.5381763322012765 0.008842042514256068 0.04073752675737653 0.08896849304437637
0 0.2531327520098005 0.5449862480163574 0.01007694857461112 0.033754587173461914 0.08602509647607803
0 0.2290543488093785 0.5453353609357562 0.010084407670157296 0.03368912424360003 0.08379779011011124
0 0.12801850693566458 0.543205806187221 0.008373243468148368 0.03595175061907087 0.08369757980108261
0 0.543898446219308 0.5309931210109166 0.007495096751621791 0.037591048649379184 0.08329041302204132
0 0.913238389151437 0.5442313466753278 0.008870124816894531 0.035739353724888394 0.08302401751279831
0 0.5754311425345284 0.5420165743146624 0.007748808179582868 0.03861931392124721 0.08241919428110123
0 0.09430265426635742 0.5396280288696289 0.007009148597717285 0.032958848135811944 0.08139408379793167
0 0.08215900829860143 0.5363770553043911 0.00607290438243321 0.03114448274884905 0.07818246632814407
0 0.09047654696873256 0.5395086833408901 0.006953792912619454 0.03318047523498535 0.07707615196704865
0 0.15882723672049387 0.5445925167628697 0.009487032890319824 0.03432662146432059 0.07580921798944473
0 0.3145368439810617 0.5444316182817731 0.009862286703927177 0.034739528383527486 0.07453630119562149
0 0.06836513962064471 0.5267688887459892 0.00490560701915196 0.02342377390180315 0.07398990541696548
0 0.22413505826677596 0.545363017490932 0.010046379906790597 0.03368949890136719 0.07377303391695023
0 0.08665697063718523 0.5392969676426479 0.006846581186567034 0.03329978670392718 0.07341030985116959
0 0.07910687582833427 0.5322973387581962 0.005677555288587298 0.029074702944074358 0.0715315118432045
0 0.07251885959080287 0.5317136900765556 0.005595811775752476 0.028514317103794644 0.07133612781763077
0 0.11261328629084996 0.5422991684504918 0.007586445127214704 0.03493690490722656 0.07132970541715622
0 0.07489814077104841 0.5319995539528983 0.005616179534367153 0.02854905809674944 0.07100537419319153
0 0.06994775789124626 0.5314842632838658 0.005584231444767543 0.02840226037161691 0.07075338810682297
0 0.2585535390036447 0.544917106628418 0.010010991777692522 0.03390775408063616 0.07072483748197556
0 0.06516266720635551 0.5266123499189105 0.004876651934215001 0.02315545082092285 0.07008960098028183
0 0.3069452558244978 0.5446814468928746 0.009903499058314733 0.03466347285679409 0.06952640414237976
0 0.0846611772264753 0.5320948873247419 0.006232295717511859 0.02969329697745187 0.06788739562034607
0 0.12243708542415074 0.5429462705339704 0.008124164172581263 0.03601752008710589 0.06782863289117813
0 0.5385376385280064 0.5272985867091587 0.006571565355573382 0.032243660518101284 0.06747879087924957
0 0.16385149955749512 0.544640064239502 0.00946503026144845 0.03445799010140555 0.06683462858200073
0 0.16952555520193918 0.5447335924421038 0.009450520787920271 0.03456085068838937 0.0663381889462471
0 0.5353717122759137 0.5314040184020996 0.007561104638235909 0.03803413254874093 0.06328264623880386
0 0.17536096913473948 0.544752699988229 0.009454045976911272 0.03459732873099191 0.0632353127002716
0 0.21873460497174943 0.545384407043457 0.00997974191393171 0.03373030253819057 0.062310028821229935
0 0.059636707816805155 0.5263915061950684 0.004975693566458566 0.02211172240121024 0.062049899250268936
0 0.32095565114702496 0.5434679985046387 0.009581906454903739 0.03564565522330148 0.061472054570913315
0 0.9079944065638951 0.5442786897931781 0.009061881474086217 0.035745552607945034 0.0609699971973896
0 0.2638680083411081 0.5448876789637974 0.009963069643293108 0.03396909577505929 0.06074929237365723
0 0.11733286721365792 0.5426496097019741 0.007822573184967041 0.03559316907610212 0.060513466596603394
0 0.3028375080653599 0.5458171708243233 0.009933062962123327 0.03360983303615025 0.060450371354818344
0 0.29815670422145296 0.5447742598397392 0.009901319231305803 0.03483619008745466 0.057325657457113266
0 0.061551770993641446 0.5305421692984444 0.005648059504372733 0.02705495698111398 0.05724501982331276
0 0.3107689448765346 0.5387115478515625 0.009659971509660994 0.04067925044468471 0.05680955573916435
0 0.554879869733538 0.5287206513541085 0.006976706641060966 0.03619728769574847 0.05585106462240219
0 0.27024502413613455 0.5449114527021136 0.009918485369001116 0.03406180654253278 0.055332284420728683
0 0.5810444695608956 0.5431304999760219 0.0077402932303292414 0.03720739909580776 0.054285913705825806
0 0.09785779884883336 0.5282102993556431 0.005862508501325335 0.027220453534807478 0.05414915457367897
0 0.9251140866960798 0.5517926216125488 0.008496556963239397 0.02331498691013881 0.053433384746313095
0 0.24047160148620605 0.5519208567483085 0.009880219187055315 0.021925040653773716 0.05182832479476929
0 0.5609537533351353 0.5289954798562186 0.007109710148402623 0.03635713032313755 0.051377177238464355
0 0.9034754208156041 0.545736380985805 0.009082249232700892 0.03412376131330218 0.05094683915376663
0 0.09010227237428937 0.5275510379246303 0.00563812255859375 0.02602311543055943 0.05048040300607681
