0 0.31582188606262207 0.5479889256613595 0.009394577571323939 0.02806220735822405 0.07654154300689697
0 0.08090471369879586 0.5375510624476841 0.006568380764552525 0.028383561543055942 0.07084953039884567
0 0.9654842104230609 0.5294438770839146 0.006395816802978516 0.03075439589364188 0.06795740127563477
0 0.7699054990495954 0.5443696635110038 0.009919098445347376 0.0369741576058524 0.0625222846865654
0 0.9524504797799247 0.5396592957632882 0.008298328944614955 0.03885994638715472 0.059474699199199677
0 0.96342590876988 0.5272693634033203 0.0058051518031529015 0.027184350149972097 0.059200219810009
0 0.5424308095659528 0.5257754325866699 0.006142820630754743 0.0263127258845738 0.056236837059259415
0 0.3318661281040737 0.5467316082545689 0.008743183953421456 0.03014646257672991 0.05621964856982231
0 0.3279938016619001 0.5472447531563895 0.008849314280918666 0.02868689809526716 0.05573364719748497
0 0.33529254368373324 0.5455938747950962 0.008692775453839983 0.03221981866019113 0.05551717430353165
0 0.08572581836155482 0.5370286192212786 0.006054375852857318 0.027829715183803012 0.055468056350946426
0 0.9555837086268834 0.5393909045628139 0.008179051535470145 0.038962330136980326 0.054639287292957306
0 0.3975045680999756 0.5365955489022392 0.006754534585135323 0.031071628843035017 0.05168501287698746
