0 0.3935931750706264 0.5341747147696358 0.007070609501429966 0.033379180090768 0.10408724099397659
0 0.9295421327863421 0.5406734602791923 0.008287770407540458 0.04261864934648786 0.10011237114667892
0 0.39690405981881277 0.5338420527321952 0.0069430555616106305 0.0324211801801409 0.0993204340338707
0 0.9265149661472866 0.5408116068158831 0.00813157217843192 0.04266609464372907 0.08037880808115005
0 0.08927936213357109 0.5393248966761998 0.006098721708570208 0.02893097060067313 0.0723717212677002
0 0.08030545711517334 0.53874100957598 0.006121030875614711 0.02835648400442941 0.07180576771497726
0 0.38949414661952425 0.536858081817627 0.0074492522648402625 0.034264598573957174 0.06650562584400177
0 0.9233175005231585 0.540433236530849 0.008214269365583147 0.042589051382882256 0.06446950137615204
0 0.4013597624642508 0.5364995002746582 0.007136174610682896 0.03262087277003697 0.057955916970968246
0 0.35302642413548063 0.5457590648106166 0.008217334747314453 0.0321221011025565 0.052884507924318314
0 0.5857969692775181 0.5394798687526158 0.00824178968157087 0.04151555470057896 0.051684752106666565
