0 0.9499490601675851 0.5388084820338658 0.007204736982073102 0.0385110718863351 0.28911611437797546
0 0.9438039234706334 0.536726576941354 0.0074868883405412945 0.038527216230119975 0.26200294494628906
0 0.9390311922345843 0.5389855929783413 0.007806846073695591 0.038783107485089986 0.26033639907836914
0 0.9327117374965123 0.5398314680371966 0.007947989872523717 0.037951605660574775 0.23169547319412231
0 0.9541547639029366 0.5404275826045445 0.0075392041887555805 0.0392876352582659 0.22851452231407166
0 0.927140644618443 0.5433520248958043 0.008696419852120536 0.036899566650390625 0.2100203037261963
0 0.9472800663539341 0.5317045279911586 0.006883212498256138 0.0362238883972168 0.20010538399219513
0 0.9358775275094169 0.5486743109566825 0.008860792432512556 0.025455849511282786 0.17396016418933868
0 0.9227465902056012 0.5434346199035645 0.008669580732073103 0.036803756441388814 0.16460774838924408
0 0.9516923086983817 0.52740250314985 0.00608478273664202 0.03237458637782505 0.13357773423194885
0 0.3987741470336914 0.5374529021126884 0.0074574266161237445 0.0335043157849993 0.13149034976959229
0 0.39497784205845426 0.5386054175240653 0.007794516427176339 0.03415342739650181 0.12947846949100494
0 0.9358478273664202 0.5333049637930733 0.007899352482386999 0.043437106268746514 0.12259520590305328
0 0.4022878238133022 0.5372762680053711 0.007469654083251953 0.03370124953133719 0.11785512417554855
0 0.09169706276484899 0.5426253931862968 0.007178613117762974 0.034574576786586216 0.11780966818332672
0 0.08814643962042672 0.5425173895699638 0.007120915821620396 0.034603970391409736 0.1168239489197731
0 0.9415123803274972 0.5293628828866142 0.006386211940220424 0.034174510410853794 0.10820133239030838
0 0.3831929479326521 0.5417195728846959 0.008054120200020927 0.035941975457327704 0.1054474413394928
0 0.386979341506958 0.5414674622671944 0.008035727909633092 0.03582460539681571 0.10474582761526108
0 0.3909015314919608 0.54130448613848 0.00802762167794364 0.03563431331089565 0.10466310381889343
0 0.4519993577684675 0.5153554167066302 0.004661696297781808 0.017848287309919084 0.10230891406536102
0 0.0962357861655099 0.5427021299089704 0.007182930197034564 0.03456970623561314 0.09964320808649063
0 0.9171661649431501 0.5435816901070731 0.008694308144705636 0.03665290560041155 0.09885343164205551
0 0.08257416316441127 0.5420287336621966 0.007001119000571114 0.0340465818132673 0.09766872227191925
0 0.3788093498774937 0.5419284956795829 0.00805527823311942 0.03601135526384626 0.0972278043627739
0 0.9579671451023647 0.5450059005192348 0.0073887961251395086 0.029820782797677175 0.09043321758508682
0 0.09953488622392927 0.5428791727338519 0.007267074925558907 0.03467583656311035 0.08488333225250244
0 0.3755246571132115 0.5482629026685443 0.009062051773071289 0.025676931653703963 0.08305645734071732
0 0.37283410344805035 0.5427827153887067 0.008118970053536552 0.035774367196219306 0.08285703510046005
0 0.9606388636997768 0.5401011875697544 0.007969379425048828 0.03971982002258301 0.07882170379161835
0 0.07815508331571307 0.539283037185669 0.00636216572352818 0.03260033471243722 0.07697800546884537
0 0.44934589522225515 0.5152312687465123 0.004633699144635882 0.01968210084097726 0.07600605487823486
0 0.3653345448630197 0.5440654073442731 0.008539267948695592 0.03480597904750279 0.07509610801935196
0 0.407703127179827 0.5306041240692139 0.006922755922589984 0.030035700116838728 0.07495362311601639
0 0.36936834880283903 0.5447228295462472 0.008701086044311523 0.035382747650146484 0.07039091736078262
0 0.06374753373009819 0.5366523265838623 0.0064179812158857074 0.03064032963344029 0.07034026086330414
0 0.4058902604239328 0.5396169934953962 0.008136987686157227 0.037290402821132114 0.07000264525413513
0 0.06714592661176409 0.5357599258422852 0.006067969969340733 0.02957098824637277 0.06986991316080093
0 0.4467061587742397 0.5152414866856166 0.004727091108049665 0.018651655742100308 0.06916966289281845
0 0.45659964425223215 0.515383243560791 0.004695722034999302 0.018170186451503208 0.06872003525495529
0 0.10614636966160365 0.5435094492776054 0.0076876623289925715 0.03505427496773856 0.06729556620121002
0 0.4114644527435303 0.530144453048706 0.006829602377755302 0.029801028115408763 0.06715412437915802
0 0.07547688484191895 0.5387821197509766 0.006374027047838483 0.03122023173740932 0.06714646518230438
0 0.058400324412754605 0.5354319981166294 0.006291649171284267 0.030622175761631558 0.0645751804113388
0 0.07077663285391671 0.5359844139644078 0.005997236285890851 0.029848711831229075 0.06215602159500122
0 0.061562035764966695 0.531386171068464 0.005760699510574341 0.027949299131120955 0.061059895902872086
0 0.5799789428710938 0.5378616877964565 0.009527342660086495 0.045915228979928155 0.0604768842458725
0 0.415292603628976 0.5298384257725307 0.006775072642735073 0.02955521856035505 0.05928570404648781
0 0.5757207870483398 0.5375719751630511 0.009552172252110072 0.04636519295828683 0.059126339852809906
0 0.5871023450578962 0.5390122617994036 0.009515762329101562 0.04426962988717215 0.05897516384720802
0 0.4357067857469831 0.5198891844068255 0.005356379917689732 0.021572317395891463 0.0585222989320755
0 0.42428697858537945 0.5251640251704625 0.006004708153860909 0.02459451130458287 0.05850769579410553
0 0.5703614098685128 0.5354956558772496 0.00929192134312221 0.04538536071777344 0.05736437812447548
0 0.4213166577475412 0.52529205594744 0.006016458783830915 0.024678775242396762 0.05606180056929588
0 0.4406682423182896 0.5195056370326451 0.005431209291730609 0.020423991339547292 0.05600284785032272
0 0.5515240260532924 0.5268187522888184 0.007687057767595563 0.035671813147408624 0.05553736165165901
0 0.5479826927185059 0.5215717043195452 0.006840263094220843 0.03056168556213379 0.0544574037194252
0 0.43237781524658203 0.5201647281646729 0.0053250108446393695 0.021595478057861328 0.05398266762495041
0 0.9111136708940778 0.5437308720179966 0.008745465959821428 0.036526032856532505 0.05389243736863136
0 0.1118800299508231 0.5438680648803711 0.007992769990648543 0.03520733969552176 0.053838007152080536
0 0.35947016307285856 0.5443986483982631 0.008710963385445731 0.03447035380772182 0.053824812173843384
0 0.5446724891662598 0.5213746343340192 0.006863559995378766 0.03024223872593471 0.05338462442159653
0 0.1021202462060111 0.5381088256835938 0.007077540670122419 0.034469195774623325 0.052256498485803604
0 0.4176924909864153 0.5255146367209298 0.00607783453805106 0.024715968540736606 0.05188772454857826
0 0.5943058558872768 0.5406462805611747 0.009825706481933594 0.04192580495561872 0.05125437676906586
0 0.6049731118338448 0.5414869444710868 0.010045596531459264 0.04109161240713937 0.05117756128311157
0 0.5415658950805664 0.5210497719900948 0.00684356689453125 0.030022757393973216 0.05052982643246651
0 0.556879963193621 0.5326142311096191 0.008919239044189453 0.04373908042907715 0.05051835626363754
