0 0.6292061124529157 0.5455214296068464 0.009590353284563338 0.03469705581665039 0.1495136171579361
0 0.6354327883039202 0.5449436732700893 0.009222984313964844 0.03583550453186035 0.11752813309431076
0 0.6252731595720563 0.5435984475272042 0.009342874799455916 0.03669670649937221 0.11599689722061157
0 0.08261538403374809 0.5426309449332101 0.0067452022007533485 0.032618556703839986 0.0969696119427681
0 0.08956357410975865 0.5434375490461077 0.0071917687143598285 0.03266709191458566 0.09688091278076172
0 0.08639469317027501 0.5431537287575858 0.0071446214403424945 0.03266348157610212 0.0964200496673584
0 0.09309072153908866 0.5435379913875035 0.007196979863303048 0.03266777311052595 0.0922480896115303
0 0.07857699905123029 0.5397121565682548 0.0063326869692121234 0.03142172949654715 0.09072655439376831
0 0.9666004180908203 0.5257829938616071 0.005623476845877511 0.026698691504342214 0.08869565278291702
0 0.9608733994620187 0.5263450486319405 0.006261144365583148 0.0280827454158238 0.08345489948987961
0 0.3987677778516497 0.5375732013157436 0.007137707301548549 0.03377250262669155 0.08170202374458313
0 0.06914088555744716 0.535728999546596 0.005971614803586688 0.029157263892037526 0.08145277202129364
0 0.09701051030840192 0.543602739061628 0.007262459823063442 0.03244376182556152 0.08135606348514557
0 0.07207482201712472 0.5360150337219238 0.005923347813742501 0.029454401561192105 0.08099114149808884
0 0.4030776023864746 0.5369100911276681 0.007132291793823242 0.034306117466517856 0.07877025008201599
0 0.07605459008898054 0.5365373066493443 0.006122742380414691 0.031123127256120955 0.07743310183286667
0 0.6220542362758091 0.5489997863769531 0.00908102308000837 0.027568272181919644 0.07614702731370926
0 0.6186824526105609 0.5432637759617397 0.009124006543840681 0.03713386399405343 0.07379554212093353
0 0.9579402378627232 0.5261395999363491 0.006257942744663784 0.02828216552734375 0.07353750616312027
0 0.40624230248587473 0.5365696634565081 0.0071955748966762 0.03443404606410435 0.07200201600790024
0 0.10196529115949358 0.5435684749058315 0.0072686757360185894 0.03234015192304339 0.06946486979722977
0 0.4088930402483259 0.5338311195373535 0.006715161459786552 0.03147973333086286 0.06931983679533005
0 0.06238508224487305 0.534449577331543 0.006097052778516497 0.028680801391601562 0.06918656080961227
0 0.4365455082484654 0.5241543906075614 0.0056852953774588445 0.02310912949698312 0.06843729317188263
0 0.10566563265664237 0.543651853288923 0.007360007081712995 0.03249529429844448 0.06622438877820969
0 0.10951461962291173 0.5437275341578892 0.007565345082964216 0.03273861748831613 0.06414603441953659
0 0.6143084934779576 0.5431854384286063 0.009009565625871931 0.037341764995029995 0.06402894854545593
0 0.39576693943568636 0.5399759837559291 0.00748511723109654 0.035237210137503486 0.06219623237848282
0 0.4116307667323521 0.5301354272024972 0.0063713959285191125 0.02903761182512556 0.0619005411863327
0 0.11465809174946376 0.5440533842359271 0.008069498198372977 0.03293725422450474 0.05964447930455208
0 0.06529130254473005 0.5315027918134417 0.005714437791279384 0.027888706752232144 0.05963579937815666
0 0.06032971824918475 0.5308406012398856 0.005867481231689453 0.02736960138593401 0.05938064679503441
0 0.6098171642848423 0.5427755287715367 0.008848326546805245 0.03746543611798968 0.05892930552363396
0 0.06663618768964495 0.540259667805263 0.0066555312701634 0.032669476100376675 0.057542264461517334
0 0.43400723593575613 0.5196273667471749 0.004956960678100586 0.019733428955078125 0.057127516716718674
0 0.9080464499337333 0.5438833236694336 0.008990355900355749 0.034558773040771484 0.05687319487333298
0 0.051978273051125665 0.5254153183528355 0.005080478531973702 0.02214758736746652 0.05643531680107117
0 0.41809749603271484 0.5254999228886196 0.005671024322509766 0.023426600864955356 0.055698104202747345
0 0.6059018543788365 0.5421722275870187 0.008670806884765625 0.03787268911089216 0.055350471287965775
0 0.4150686264038086 0.5299258232116699 0.006406920296805245 0.028966903686523438 0.05510888248682022
0 0.6002705437796456 0.5412378992353167 0.008492401668003626 0.03892091342381069 0.05466221272945404
0 0.05736012118203299 0.5360226631164551 0.006383742604936872 0.032341991152082174 0.054043687880039215
0 0.1423283815383911 0.5445607389722552 0.008755411420549666 0.03367723737444196 0.053557075560092926
0 0.5946546963282994 0.5405277524675641 0.008492469787597656 0.03958221844264439 0.0531565323472023
0 0.5589479378291539 0.5256639548710415 0.006605761391775948 0.028643948691231862 0.05308588221669197
0 0.05418412174497332 0.5255703926086426 0.005007718290601458 0.022206408636910573 0.05295513942837715
0 0.6319764001028878 0.534909554890224 0.008179732731410436 0.04603849138532366 0.05231892690062523
0 0.4214621271405901 0.5253375598362514 0.0056977953229631695 0.023297957011631558 0.052087076008319855
0 0.44026109150477816 0.5193747111729213 0.004937819072178432 0.019500562122889926 0.05206034332513809
0 0.9551335062299456 0.5306262288774762 0.007216317313058036 0.03312574114118304 0.05189724639058113
0 0.4238689286368234 0.524876628603254 0.005745308739798409 0.0230623653956822 0.05182710662484169
0 0.40099975040980745 0.5267947401319232 0.005958182471139091 0.02658830370221819 0.051746781915426254
0 0.9142324583871024 0.5437883308955601 0.009039606366838728 0.03400489262172154 0.05173737555742264
0 0.6405435289655413 0.5450693879808698 0.00916644505092076 0.03588976178850446 0.051456134766340256
0 0.5889483860560826 0.5398021766117641 0.00851583480834961 0.039899076734270365 0.051321785897016525
0 0.09953325135367257 0.5498615673610142 0.008213179452078683 0.024510111127580916 0.050647102296352386
0 0.9243056433541434 0.5384065083095005 0.007665906633649554 0.03575805255344936 0.05058757960796356
