0 0.9685884203229632 0.5278718812125069 0.005647931780133929 0.02733581406729562 0.24003534018993378
0 0.9614850452968052 0.5364455495561872 0.006909166063581195 0.034558773040771484 0.18123029172420502
0 0.08191100188664027 0.5331918852669852 0.006567912442343575 0.03199594361441476 0.15281464159488678
0 0.07900103500911168 0.53675719669887 0.00704319987978254 0.03384515217372349 0.15181121230125427
0 0.7444628306797573 0.5471315724509103 0.009297030312674386 0.02863175528390067 0.14193089306354523
0 0.5416239329746791 0.5267257009233747 0.00668440546308245 0.03124863760811942 0.12866391241550446
0 0.9715844563075474 0.5266242027282715 0.005444322313581195 0.02660196168082101 0.12356102466583252
0 0.5441848891122001 0.5277824401855469 0.0070122650691441125 0.032555852617536275 0.12171313166618347
0 0.9634930746895927 0.5304345743996757 0.006409576960972377 0.0338409287588937 0.11009085178375244
0 0.10833229337419782 0.538539000919887 0.007677725383213588 0.03634469849722726 0.10702822357416153
0 0.10549766676766532 0.5427745069776263 0.00788299526487078 0.037004402705601284 0.09839789569377899
0 0.07404868943350655 0.5380101885114398 0.007092484406062535 0.03036001750401088 0.08354102075099945
0 0.5377398218427386 0.5261478764670235 0.006473984037126813 0.030736378261021206 0.08139754086732864
0 0.5489273752485003 0.540142297744751 0.0090113707951137 0.04280485425676618 0.0797218531370163
0 0.5466040883745465 0.5302604266575405 0.0075108323778424945 0.038053887231009345 0.0766267254948616
0 0.10279859815325056 0.5422058786664691 0.007959936346326555 0.03686860629490444 0.0750187560915947
0 0.5399291855948312 0.5365909167698452 0.00795497213091169 0.03765249252319336 0.06522848457098007
0 0.9590951374598912 0.531470707484654 0.00653914042881557 0.03198303495134626 0.06447883695363998
0 0.21889570781162807 0.5465280669076102 0.008368032319205148 0.031033481870378767 0.06363086402416229
0 0.13457127979823522 0.5448856013161796 0.008242394242967879 0.034886223929268975 0.05880182236433029
0 0.2868861470903669 0.5453755514962333 0.008938142231532506 0.033949034554617744 0.058679163455963135
0 0.11072005544389997 0.5443761008126395 0.008097742285047258 0.03577263014657157 0.05749327689409256
0 0.08652409485408238 0.539515563419887 0.007296834673200335 0.032644101551600864 0.056888073682785034
0 0.07687912668500628 0.532228810446603 0.006219140120915004 0.03022500446864537 0.05563301593065262
0 0.0836919971874782 0.5403130735669818 0.007688488279070173 0.03293405260358538 0.0549497976899147
0 0.04116274629320417 0.5229646137782505 0.004482094730649676 0.019046272550310408 0.05243723839521408
0 0.09639503274645124 0.542177677154541 0.007384376866476876 0.036045925957815986 0.051663145422935486
0 0.04470822640827724 0.5261826515197754 0.0046518828187670025 0.0201197692326137 0.051516804844141006
0 0.2908362661089216 0.5453688076564244 0.009121860776628767 0.03426047733851841 0.05134513974189758
