0 0.9607647487095424 0.5379328046526227 0.008465698787144251 0.04220093999590192 0.3674831986427307
0 0.9631524085998535 0.5302841322762626 0.007666451590401786 0.03799980027335031 0.33177098631858826
0 0.9572862897600446 0.5393904277256557 0.008545534951346261 0.039650065558297296 0.32877275347709656
0 0.9681188038417271 0.5412900788443429 0.009223324911934989 0.0354179995400565 0.2977930009365082
0 0.9675277982439313 0.5285380908421108 0.006593908582414899 0.03615461077008929 0.2476755678653717
0 0.9519903319222587 0.5396879741123745 0.008478709629603795 0.0393094675881522 0.19039727747440338
0 0.559140818459647 0.5341452871050153 0.008504322596958705 0.04003068378993443 0.18964140117168427
0 0.9642553329467773 0.5457774571010044 0.008288587842668806 0.030615840639386858 0.18568190932273865
0 0.5655133383614677 0.5389062336512974 0.00862084116254534 0.04157519340515137 0.180608868598938
0 0.8414015088762555 0.5455837249755859 0.009313651493617467 0.03369276864188058 0.17159505188465118
0 0.0682956235749381 0.5308989797319684 0.006464076893670219 0.0276883670261928 0.1698809415102005
0 0.3093663624354771 0.5431132997785296 0.010283027376447405 0.03490356036594936 0.16390755772590637
0 0.5798488344464984 0.5422748156956264 0.008481230054582869 0.03786216463361468 0.16372817754745483
0 0.5713320459638324 0.5392612729753766 0.008555139814104353 0.041899102074759345 0.16033625602722168
0 0.3039039203098842 0.5434840406690326 0.010455574308122908 0.03444181169782366 0.15670393407344818
0 0.5750865936279297 0.5394110679626465 0.008487701416015625 0.04204358373369489 0.15307553112506866
0 0.07186326810291835 0.5311022486005511 0.006605680499758039 0.02773421151297433 0.151797816157341
0 0.06552204063960484 0.5343495777675084 0.006486398833138602 0.0285836969103132 0.15084856748580933
0 0.8479912621634347 0.547403199332101 0.009445803506033761 0.0318631785256522 0.15075631439685822
0 0.9603636605398995 0.525249787739345 0.006059578486851284 0.03627606800624302 0.14871111512184143
0 0.142375077520098 0.5443998745509556 0.008820865835462297 0.03530318396432059 0.14729362726211548
0 0.5553200585501534 0.5304758548736572 0.008492129189627511 0.039535658700125556 0.14342127740383148
0 0.13822320529392787 0.544426441192627 0.008595389979226249 0.0348329884665353 0.14045286178588867
0 0.5841941833496094 0.5433048520769391 0.008708340781075614 0.036709751401628764 0.14040134847164154
0 0.8369954654148647 0.5454690115792411 0.009266717093331473 0.033787080219813755 0.13986869156360626
0 0.06296460117612566 0.5305313042231968 0.00621805020741054 0.02744361332484654 0.1394585818052292
0 0.8521886553083148 0.5463764667510986 0.009471484592982702 0.03393629619053432 0.134484201669693
0 0.970379148210798 0.5249720300946917 0.006478241511753627 0.0330263546534947 0.12928518652915955
0 0.07541032348360334 0.5353446006774902 0.007142526762826102 0.029535600117274692 0.12724569439888
0 0.549950122833252 0.5273504597800118 0.007632698331560407 0.033855438232421875 0.1267736256122589
0 0.8593786784580776 0.5459816796439034 0.009236335754394531 0.034115995679582865 0.12446720898151398
0 0.14806052616664342 0.5448789596557617 0.008457609585353307 0.03427886962890625 0.1227777972817421
0 0.8635285241263253 0.5458791596548898 0.009110723223005022 0.03415921756199428 0.11844834685325623
0 0.9458590916224888 0.539928708757673 0.008406843457903181 0.03918729509626116 0.11770784854888916
0 0.061135215418679376 0.5258345603942871 0.005415230989456177 0.022883585521153042 0.11523238569498062
0 0.13404762744903564 0.5444654737200055 0.008516064711979457 0.03504858698163714 0.11406926810741425
0 0.9715392930167062 0.5482475757598877 0.007932118007114955 0.031496797289167135 0.11385756731033325
0 0.5401851790291923 0.5214441844395229 0.006676333291190011 0.02823805809020996 0.11205045878887177
0 0.5444389070783343 0.5221798760550362 0.0068896497998918805 0.029460293906075612 0.10662330687046051
0 0.8556212697710309 0.5517821993146624 0.009333746773856027 0.02259962899344308 0.10491696000099182
0 0.9492428643362862 0.5341689927237374 0.007263796670096261 0.0392763614654541 0.10355210304260254
0 0.9751796041216169 0.5243639945983887 0.006248337881905692 0.03155943325587681 0.10320518910884857
0 0.5470474106924874 0.5349852357591901 0.009073495864868164 0.04419851303100586 0.10165341943502426
0 0.08084118366241455 0.5386811665126255 0.0075876542500087196 0.031706230981009345 0.10155706852674484
0 0.2989437239510672 0.5437699726649693 0.010534933635166712 0.03433087893894741 0.09748896211385727
0 0.871011461530413 0.5457522528512138 0.009023734501429967 0.03438728196280343 0.09713199734687805
0 0.05791288614273071 0.525735582624163 0.005333717380251203 0.02281342233930315 0.09703856706619263
0 0.8958597183227539 0.5452713966369629 0.008986813681466239 0.03464232172284808 0.09387818723917007
0 0.5684091704232352 0.5318161419459752 0.007378952843802316 0.039881842476981025 0.09374388307332993
0 0.9403133392333984 0.540677581514631 0.008261544363839286 0.039028167724609375 0.09298388659954071
0 0.5475429126194545 0.5223721095493862 0.0068012986864362445 0.02970222064426967 0.09238623827695847
0 0.5868492126464844 0.5490971973964146 0.008923598698207311 0.026085819516863142 0.09009508788585663
0 0.1302278552736555 0.5443768501281738 0.00844459022794451 0.03534279550824847 0.09003125131130219
0 0.8666398184640067 0.5407719612121582 0.009074687957763672 0.04449643407549177 0.08844321221113205
0 0.08567976100104195 0.5419084685189384 0.008066620145525252 0.034056084496634345 0.087000273168087
0 0.8344212940761021 0.5522519520350865 0.009255341121128626 0.021705797740391324 0.08658133447170258
0 0.8319593838282994 0.54539840562003 0.00920513698032924 0.0338308470589774 0.0856361836194992
0 0.15446633952004568 0.5449409144265311 0.008167641503470284 0.03390046528407505 0.08149563521146774
0 0.8904778616768974 0.5454815455845424 0.008944988250732422 0.03461405209132603 0.08127332478761673
0 0.09061529806682042 0.5419883046831403 0.00799783638545445 0.03441047668457031 0.0794614627957344
0 0.5909481048583984 0.5441195964813232 0.008886405399867467 0.03601203645978655 0.07915257662534714
0 0.0777735710144043 0.5415652138846261 0.007625537259238107 0.03335601942879813 0.07865774631500244
0 0.05423950297491891 0.5252902507781982 0.0052800944873264855 0.022588729858398438 0.07763110846281052
0 0.875173704964774 0.5456075327736991 0.009064333779471261 0.034339496067592075 0.07740601897239685
0 0.12664828981672013 0.543949978692191 0.008322605064937047 0.0354067257472447 0.07394430786371231
0 0.9013847623552594 0.5450723511832101 0.008916173662458147 0.03473571368626186 0.0710323303937912
0 0.7504659380231585 0.5456616197313581 0.00947216578892299 0.032923834664481025 0.07100885361433029
0 0.7451611246381488 0.5457866532461983 0.009545326232910156 0.03300561223711286 0.0705215111374855
0 0.9343732425144741 0.5416588102068219 0.008084160940987723 0.03841791834150042 0.06945966929197311
0 0.5378074645996094 0.516632080078125 0.005935123988560268 0.024536609649658203 0.06900908052921295
0 0.5431650025503976 0.537224360874721 0.009010008403233119 0.04427368300301688 0.06512786448001862
0 0.5423109872000558 0.517117806843349 0.006056240626743862 0.025307791573660716 0.06504587084054947
0 0.04834579144205366 0.5246695109776088 0.005138167313167027 0.022405317851475308 0.06416644901037216
0 0.9289840970720563 0.5417160306658063 0.007987090519496374 0.03698693002973284 0.06316517293453217
0 0.1506807804107666 0.5518519878387451 0.008578317505972726 0.02119248253958566 0.06293047219514847
0 0.3162041391645159 0.5415370123726981 0.010136570249285017 0.03844254357474191 0.06262198835611343
0 0.5952226775033134 0.5440818241664341 0.00881331307547433 0.03606833730425153 0.06205921992659569
0 0.5282789298466274 0.5195860862731934 0.005812440599714007 0.022211313247680664 0.06098829209804535
0 0.057117189679827006 0.5352386406489781 0.006662807294300624 0.03134993144444057 0.06092182919383049
0 0.8259571620396206 0.5453775950840541 0.009143829345703125 0.033746038164411275 0.06023591011762619
0 0.8855669839041573 0.5455198628561837 0.008918285369873047 0.03457784652709961 0.05998707935214043
0 0.8801407814025879 0.5454995972769601 0.009018216814313616 0.03445744514465332 0.059606969356536865
0 0.5612095764705113 0.5248369148799351 0.0066781725202287945 0.03509773526872907 0.058542586863040924
0 0.7408120291573661 0.5457250050136021 0.009511607033865792 0.03315254620143345 0.05819397419691086
0 0.9255288669041225 0.5431863580431256 0.008257729666573661 0.03668342317853655 0.05721528083086014
0 0.09349254199436732 0.5474622590201241 0.008525448186056954 0.026650258472987583 0.05615243315696716
0 0.09624007769993373 0.5420099326542446 0.007950961589813232 0.034779208047049384 0.05563369765877724
0 0.044175727026803155 0.5245586463383266 0.005091816186904907 0.02224860872541155 0.05437784269452095
0 0.1218778235571725 0.5434716769627163 0.008219795567648751 0.03538710730416434 0.0534723624587059
0 0.5885393960135323 0.5336713450295585 0.007871968405587333 0.04103619711739676 0.05331762507557869
0 0.4421407835824149 0.520108699798584 0.005617516381399972 0.020614726202828542 0.05247608199715614
0 0.5994848523821149 0.5440522602626255 0.00871208735874721 0.03617657933916364 0.05185972899198532
0 0.45094926016671316 0.5158723422459194 0.004797731127057757 0.018007653100149974 0.05117592215538025
0 0.05129218527248928 0.5319155624934605 0.006080227238791329 0.028653417314801897 0.050205063074827194
