0 0.9004807472229004 0.5423996107918876 0.010166304452078683 0.03828941072736468 0.3343237340450287
0 0.9441506522042411 0.5391464573996407 0.008839539119175501 0.04135751724243164 0.30615395307540894
0 0.8952217783246722 0.543555566242763 0.01014559609549386 0.03712572370256696 0.2989027202129364
0 0.9064551762172154 0.5424332959311349 0.010249478476388114 0.03728423799787249 0.2879349887371063
0 0.9563438551766532 0.5284367970057896 0.005887304033551898 0.03320772307259696 0.26593899726867676
0 0.9493940898350307 0.5318689005715507 0.0068231310163225445 0.03771863664899554 0.2644038200378418
0 0.9538356236049107 0.528937646320888 0.006104128701346261 0.035049847194126675 0.24839603900909424
0 0.947556904384068 0.5428357464926583 0.008934497833251953 0.039071968623570034 0.2481146603822708
0 0.9402275085449219 0.539111682346889 0.008959497724260603 0.04151953969682966 0.2444908767938614
0 0.9112277712140765 0.5416334015982491 0.010521684374128069 0.037699733461652486 0.2392791509628296
0 0.9590174811226981 0.5273691926683698 0.0055642809186662945 0.030958380017961775 0.23041941225528717
0 0.8895970753261021 0.5439939498901367 0.010263511112758092 0.036064556666782925 0.19111166894435883
0 0.953801155090332 0.5434527397155762 0.008375917162214006 0.038340943200247626 0.17993631958961487
0 0.9173451151166644 0.5412524087088448 0.00994464329310826 0.038523265293666294 0.17571663856506348
0 0.9362765720912388 0.5391332081386021 0.009115150996616908 0.04158922604152134 0.16679702699184418
0 0.5491855485098702 0.5335756710597447 0.007528134754725865 0.03764792851039341 0.14050079882144928
0 0.5465224811008998 0.5267601694379535 0.006387574332101005 0.03036597796848842 0.13828791677951813
0 0.5524657794407436 0.5343268939426967 0.0074945177350725445 0.03790886061532157 0.1332642287015915
0 0.9220668247767857 0.54030442237854 0.009491579873221261 0.04029853003365653 0.12377646565437317
0 0.5435166358947754 0.5264560835702079 0.0064230987003871375 0.030083622251238142 0.1220821887254715
0 0.9613468987601144 0.524857759475708 0.0055234091622488836 0.0325474739074707 0.11363346129655838
0 0.9604123660496303 0.5406875610351562 0.0071032387869698664 0.040237018040248325 0.112542524933815
0 0.930823802947998 0.5391701970781598 0.009190831865583147 0.04182509013584682 0.10676309466362
0 0.9031896591186523 0.5522386687142509 0.010786397116524833 0.024340220860072544 0.10125599801540375
0 0.5560038089752197 0.5370166642325265 0.007734911782400948 0.04056429862976074 0.09941458702087402
0 0.9641071047101702 0.5230635234287807 0.005108492715018136 0.028492416654314314 0.09928421676158905
0 0.9270037242344448 0.5436743327549526 0.01024777548653739 0.03416970797947475 0.09879304468631744
0 0.9469825199672154 0.5264199801853725 0.006994315556117466 0.0382077693939209 0.09216038882732391
0 0.8849851063319615 0.5385245595659528 0.010692596435546875 0.04183929307120187 0.0851181373000145
0 0.9097264153616769 0.5523250443594796 0.010852949959891183 0.023681061608450755 0.08483905345201492
0 0.9678318841116769 0.5227321897234235 0.0050811767578125 0.02789473533630371 0.08439139276742935
0 0.5502557073320661 0.5220701353890556 0.00524207523890904 0.028446504047938755 0.08173639327287674
0 0.807060854775565 0.545731612614223 0.009572029113769531 0.03423936026436942 0.0788978561758995
0 0.8815256527491978 0.5443649973188128 0.010339055742536272 0.03547249521527972 0.07862859964370728
0 0.8024389403206962 0.5466171673366002 0.009440013340541295 0.03260510308401925 0.07538971304893494
0 0.5415406908307757 0.5212244987487793 0.005602802549089704 0.0262885434286935 0.07363532483577728
0 0.5592218126569476 0.5392990793500628 0.00762939453125 0.04147110666547503 0.07359864562749863
0 0.5615649223327637 0.5319127695901054 0.006515060152326312 0.03614800316946847 0.0707092210650444
0 0.5448330470493862 0.5373965672084263 0.007908718926565987 0.04217437335423061 0.06914034485816956
0 0.5389534745897565 0.5209626470293317 0.005548000335693359 0.025995390755789622 0.0648343488574028
0 0.16660319055829728 0.5459196226937431 0.0073621443339756554 0.03288885525294712 0.06320250779390335
0 0.17071965762547084 0.5459344727652413 0.007408056940351214 0.03290840557643345 0.05981811136007309
0 0.392124993460519 0.5364816529410226 0.006613084248134068 0.03146134104047503 0.056823063641786575
0 0.5362392493656704 0.5207559721810477 0.0054749080113002235 0.025586400713239397 0.05679655075073242
0 0.1748497486114502 0.545921904700143 0.0074536970683506554 0.032877717699323385 0.055933501571416855
0 0.398568902696882 0.5349862234933036 0.006403820855276925 0.029660020555768694 0.05563131347298622
0 0.16140249797276088 0.545684780393328 0.007302403450012207 0.03293275833129883 0.05533153936266899
0 0.6535280772617885 0.5455333845955985 0.008840015956333705 0.034064803804670064 0.05482470244169235
0 0.5550565719604492 0.5225186347961426 0.00529554912022182 0.02890801429748535 0.05427389591932297
0 0.9641828536987305 0.541133063180106 0.00758014406476702 0.04198084558759417 0.05353657156229019
0 0.17931359154837473 0.5458825656345913 0.007457579885210309 0.032910210745675225 0.053143151104450226
0 0.5750609125409808 0.5402764592851911 0.007604871477399554 0.040530000414167135 0.05293426662683487
0 0.8142474038260323 0.5456375394548688 0.009712696075439453 0.034401042120797296 0.05264941602945328
0 0.5656270640236991 0.5398077283586774 0.007568972451346261 0.04099890163966587 0.05264938622713089
0 0.6866452353341239 0.5455990518842425 0.009004524775913783 0.03395087378365653 0.05236975848674774
0 0.691413266318185 0.5456742218562535 0.00906017848423549 0.03397233145577567 0.05201287195086479
0 0.5795982905796596 0.5408062253679548 0.007591656276157924 0.04002043179103306 0.05192031338810921
0 0.5842441150120327 0.5414733205522809 0.0075729915073939735 0.03906365803309849 0.05180884152650833
0 0.1349191665649414 0.5444754873003278 0.007150726658957345 0.03374617440359933 0.05145115405321121
0 0.5700885227748326 0.5400878361293248 0.007603066308157784 0.04070455687386649 0.05142097920179367
0 0.12981859275272914 0.5444351945604596 0.00714874267578125 0.033761910029820034 0.05123138055205345
0 0.5905019896371024 0.5426410266331264 0.007790837969098773 0.03746747970581055 0.050897080451250076
0 0.6822215488978794 0.545487540108817 0.00894301278250558 0.03394906861441476 0.050289399921894073
0 0.6471441813877651 0.5453207833426339 0.008781705583844866 0.034177848270961216 0.050177715718746185
0 0.6582874570574079 0.5455035482134137 0.008834362030029297 0.034010614667619975 0.050173014402389526
