0 0.11207109689712524 0.5420852388654437 0.008739284106663294 0.034923553466796875 0.3245871365070343
0 0.11643328836985997 0.5423799923488072 0.009768928800310408 0.03562211990356445 0.30197328329086304
0 0.12050317866461617 0.5405445780072894 0.009517482348850794 0.036648716245378764 0.2536374032497406
0 0.10514249120439802 0.5419714791434151 0.00868501833506993 0.03626905168805804 0.2499200999736786
0 0.10863188334873744 0.5378022193908691 0.008108096463339669 0.03565025329589844 0.24529655277729034
0 0.10922023228236608 0.5488678727831159 0.01057474102292742 0.026866367885044644 0.2366565465927124
0 0.20055505207606725 0.5440079825265067 0.010115964072091239 0.034385817391531806 0.23019355535507202
0 0.9547714505876813 0.5379456111363002 0.008380140577043806 0.0365776675088065 0.22033236920833588
0 0.942601067679269 0.5412505354200091 0.008310113634381975 0.036337035042898994 0.21936920285224915
0 0.9490134375435966 0.5411208016531808 0.008493150983537947 0.035491739000592916 0.20931436121463776
0 0.938842909676688 0.5413519314357212 0.00824601309640067 0.0369283812386649 0.206241637468338
0 0.20632290840148926 0.5416449138096401 0.010142888341631209 0.03440519741603306 0.20375558733940125
0 0.21186249596732004 0.5423054013933454 0.010632600103105818 0.0341188907623291 0.1995578557252884
0 0.9608309609549386 0.5350064550127301 0.007979461124965124 0.03517355237688337 0.1993788331747055
0 0.13296014070510864 0.5430759361812046 0.009950671877179827 0.03600386210850307 0.197364941239357
0 0.21776090349469865 0.5447774274008614 0.011196596281869071 0.0334294182913644 0.19630615413188934
0 0.10123993669237409 0.5419071061270577 0.008668363094329834 0.03648100580487933 0.19485805928707123
0 0.12532062189919607 0.5428252901349749 0.009938486984797887 0.0360196658543178 0.19269345700740814
0 0.9342857088361468 0.543360846383231 0.008368696485246931 0.03679135867527553 0.1726919412612915
0 0.9575636727469308 0.5321925708225795 0.007726737431117466 0.034486089433942525 0.1693413406610489
0 0.9456984656197684 0.5364124434334892 0.008061408996582031 0.03634054320199149 0.16502588987350464
0 0.22286570072174072 0.5444271223885673 0.01089576312473842 0.03369004385811942 0.16346292197704315
0 0.964616230555943 0.5308329377855573 0.007458618709019252 0.03289406640189035 0.16131307184696198
0 0.3957561765398298 0.5411570412772042 0.00833794048854283 0.0361217771257673 0.1499241441488266
0 0.38549862589154926 0.5420010430472237 0.008584158761160714 0.035757201058523994 0.1458326280117035
0 0.38992016656058176 0.5417822429112026 0.008488246372767858 0.036011968340192525 0.14485099911689758
0 0.39896699360438753 0.5388496943882534 0.008010012762887138 0.03565376145499093 0.13746735453605652
0 0.9707495144435337 0.5268630981445312 0.006661415100097656 0.028128351484026228 0.13484439253807068
0 0.6765904426574707 0.5475497245788574 0.009717260088239397 0.0328397410256522 0.1321152001619339
0 0.9515603610447475 0.5327364376613072 0.007963861737932478 0.03451967239379883 0.13020694255828857
0 0.5637731892721993 0.5402495861053467 0.008162225995744978 0.039218902587890625 0.12888850271701813
0 0.3803370339529855 0.5422138145991734 0.008643286568777902 0.03558410917009626 0.1281450241804123
0 0.9676745278494698 0.5270361219133649 0.006929329463413784 0.02913492066519601 0.12717917561531067
0 0.5605269500187465 0.5373426164899554 0.008236544472830636 0.03920020375932966 0.12555892765522003
0 0.09573373624256679 0.5418720926557269 0.00841869626726423 0.035633938653128486 0.12371083348989487
0 0.4160340854099819 0.5312129429408482 0.006883825574602399 0.0317558901650565 0.12112081795930862
0 0.19688875334603445 0.5378993238721576 0.010938405990600586 0.04187413624354771 0.12103863060474396
0 0.4017974989754813 0.5446373394557408 0.00900963374546596 0.030629839215959822 0.12031379342079163
0 0.6830550602504185 0.5477138587406704 0.009908131190708705 0.0325859614780971 0.12023890763521194
0 0.12916574307850429 0.5491272721971784 0.010604568890162877 0.025609833853585378 0.11981576681137085
0 0.41343573161533903 0.5347493716648647 0.007239375795636859 0.03367049353463309 0.11853093653917313
0 0.22831850392477854 0.5456106322152274 0.01083019801548549 0.03220374243600028 0.11773979663848877
0 0.4043229307447161 0.5378397532871791 0.007835933140345983 0.03567358425685337 0.11580094695091248
0 0.4201458522251674 0.5265747479030064 0.006082296371459961 0.026128360203334262 0.11536217480897903
0 0.5702441079275948 0.5406227793012347 0.008125202996390206 0.03913085801260812 0.11296086013317108
0 0.2469196319580078 0.544269187109811 0.010599068232945033 0.03394521985735212 0.11267421394586563
0 0.5815418788364956 0.5420945031302316 0.00813913345336914 0.03743141038077218 0.11107620596885681
0 0.23306233542306082 0.5440761702401298 0.010701298713684082 0.0333709716796875 0.11039414256811142
0 0.577782426561628 0.5413024766104562 0.008092199053083147 0.03837670598711286 0.10946769267320633
0 0.41022123609270367 0.534926346370152 0.007306269236973354 0.033688511167253764 0.10930268466472626
0 0.5743583951677594 0.540757315499442 0.008108139038085938 0.038935491016932895 0.1085151806473732
0 0.23831466266087123 0.5441131251198905 0.010614020483834403 0.033526216234479635 0.10850512981414795
0 0.2522852761404855 0.5443519864763532 0.010642732892717634 0.033957208905901225 0.10824240744113922
0 0.4232477460588728 0.5264732837677002 0.006021431514195034 0.025919573647635325 0.10770855844020844
0 0.3756664139883859 0.54274582862854 0.008677516664777483 0.03525284358433315 0.10220026969909668
0 0.5861128398350307 0.5432341779981341 0.008379663739885603 0.036088262285505025 0.10025498270988464
0 0.5555101803370884 0.5344587053571429 0.008105754852294922 0.03873246056692941 0.09953740239143372
0 0.42560897554670063 0.5323256083897182 0.007021938051496234 0.03389150755746024 0.09265286475419998
0 0.7024338585989816 0.5478729520525251 0.009907858712332589 0.03252584593636649 0.09155558049678802
0 0.9631257057189941 0.5425195012773786 0.00807598658970424 0.03947227341788156 0.09150483459234238
0 0.713496480669294 0.5479697840554374 0.010022572108677455 0.0321617807660784 0.09105544537305832
0 0.9580356052943638 0.5460680552891323 0.008605207715715681 0.03287758146013532 0.09078113734722137
0 0.9277418681553432 0.5453166961669922 0.008940560477120536 0.034555298941476006 0.08844732493162155
0 0.672262328011649 0.547586304800851 0.009763922010149275 0.032803194863455634 0.08830235153436661
0 0.19120487145015172 0.543952226638794 0.010710375649588448 0.03558737891060965 0.08791955560445786
0 0.5513306345258441 0.5334694044930595 0.008291857583182198 0.03935347284589495 0.08556988835334778
0 0.4222961834498814 0.5374761308942523 0.007944175175258092 0.03845725740705218 0.08376210182905197
0 0.08947106770106725 0.5394729205540248 0.0075106195041111535 0.03402801922389439 0.08307506144046783
0 0.04532025967325483 0.5256309509277344 0.004999314035688128 0.023512635912214006 0.08229769766330719
0 0.7065184456961495 0.547161306653704 0.009850161416190011 0.03630600656781878 0.08228089660406113
0 0.7096883910042899 0.552586589540754 0.009996959141322545 0.023290021078927175 0.08221971988677979
0 0.9676425116402763 0.5413837773459298 0.008254255567278181 0.03978395462036133 0.08102177083492279
0 0.08468763317380633 0.5391180515289307 0.007307512419564384 0.03294181823730469 0.08022131025791168
0 0.34775945118495394 0.5451892444065639 0.009001765932355608 0.03358847754342215 0.07944867759943008
0 0.6874866485595703 0.5481245858328683 0.010130746023995536 0.0323160035269601 0.07839083671569824
0 0.40742049898420063 0.5444584233420235 0.008972031729561942 0.03068678719656808 0.0781480073928833
0 0.2584847893033709 0.5446114540100098 0.010637623923165458 0.03369498252868652 0.07792384922504425
0 0.08062617267881121 0.5358544077192035 0.0067086560385567805 0.031610727310180664 0.07761622220277786
0 0.34361233030046734 0.5451278345925468 0.009040423801967077 0.033625125885009766 0.07749810814857483
0 0.9777116775512695 0.5218236786978585 0.005959442683628627 0.025765929903302873 0.07748786360025406
0 0.37020158767700195 0.5433152743748256 0.008669682911464147 0.03492065838405064 0.07747714966535568
0 0.9749176842825753 0.5220752443586077 0.006258419581821987 0.02627594130379813 0.0768832415342331
0 0.14214018412998744 0.5433086327144078 0.009935813290732247 0.03601973397391183 0.07571510970592499
0 0.07595443725585938 0.5353564534868512 0.0065591590745108464 0.03067612648010254 0.07336898893117905
0 0.2552264758518764 0.5508567265101841 0.010515178952898298 0.02252663884844099 0.07247155904769897
0 0.05041987555367606 0.5257675988333566 0.005110148872647967 0.02288954598563058 0.07219197601079941
0 0.6939105987548828 0.5479599067143032 0.010091509137834822 0.03247342790876116 0.07064782083034515
0 0.3118983336857387 0.545466695513044 0.00992584228515625 0.03317655835832868 0.0690356194972992
0 0.3394976684025356 0.5451382909502301 0.009150164467947823 0.03359590257917132 0.06870382279157639
0 0.5668116978236607 0.5333262171064105 0.007554701396397182 0.037467513765607564 0.06864629685878754
0 0.03392884135246277 0.5207006590706962 0.004342690110206604 0.0197387763432094 0.06688596308231354
0 0.3179140772138323 0.5453742912837437 0.009587253843035017 0.0335477420261928 0.06652321666479111
0 0.5459708486284528 0.5298754487718854 0.008029018129621233 0.0373955454145159 0.0650988444685936
0 0.5409138543265206 0.5324783325195312 0.008283206394740514 0.04013204574584961 0.06452161073684692
0 0.35557671955653597 0.5449163573128837 0.008883442197527205 0.03376013892037528 0.06347335129976273
0 0.2091458865574428 0.5503292083740234 0.011285969189235143 0.025662388120378767 0.062134478241205215
0 0.03894291605268206 0.5206053938184466 0.004389711788722447 0.019982610430036272 0.06211322546005249
0 0.30631344658987864 0.5454906736101423 0.010123865944998605 0.03296623911176409 0.061772964894771576
0 0.6981652123587472 0.54593597139631 0.010055405752999442 0.039599009922572544 0.061073195189237595
0 0.32423809596470426 0.5452697617667062 0.009172712053571428 0.034023863928658624 0.06047181785106659
