0 0.9544157300676618 0.5336362293788365 0.008003847939627511 0.03705321039472308 0.41140085458755493
0 0.9587954793657575 0.5299248695373535 0.007842608860560827 0.03634401730128697 0.3644222319126129
0 0.9505673136029925 0.537046125956944 0.00843456813267299 0.037419523511614115 0.343883216381073
0 0.6915057046072823 0.5459671701703753 0.012087890080043249 0.037539890834263394 0.3328312933444977
0 0.6695004190717425 0.5458546366010394 0.011514936174665178 0.03704902103969029 0.3148592412471771
0 0.6845973559788295 0.5462914194379535 0.0115509033203125 0.036231551851545064 0.29683464765548706
0 0.6740184511457171 0.5406196457999093 0.013069902147565569 0.043894052505493164 0.2953742444515228
0 0.9615061623709542 0.5410679408482143 0.007805892399379185 0.043244634355817525 0.28194260597229004
0 0.9619249616350446 0.5265466826302665 0.0067544664655412945 0.032549960272652764 0.27388665080070496
0 0.678147384098598 0.5465283393859863 0.01118605477469308 0.03601465906415667 0.2667991518974304
0 0.9467086110796247 0.5379659107753209 0.008268083844866072 0.03693502289908273 0.2636691927909851
0 0.9415851320539202 0.5406081335885184 0.008363042558942522 0.037770237241472514 0.210301011800766
0 0.06723025866917201 0.5362292698451451 0.006174138614109584 0.03158538682120187 0.199602410197258
0 0.07038062385150365 0.5392696857452393 0.0066561102867126465 0.032542637416294644 0.19335685670375824
0 0.9373254776000977 0.5407687595912388 0.0082113402230399 0.037816013608660014 0.1698072850704193
0 0.06457207032612391 0.5385224137987409 0.006697514227458409 0.0326390266418457 0.1659030169248581
0 0.06132348946162632 0.535719462803432 0.0063150014196123394 0.031063147953578403 0.162984699010849
0 0.9273627144949776 0.5449889046805245 0.008946623120989119 0.0346158572605678 0.15535444021224976
0 0.9328428677150181 0.5421333312988281 0.00811971936907087 0.03679227828979492 0.15453559160232544
0 0.9226066725594657 0.5458503791264125 0.009310586111886161 0.033085482461111884 0.1541156768798828
0 0.05851886102131435 0.535287720816476 0.006384973015104022 0.03117401259286063 0.1517639458179474
0 0.07325435536248344 0.5415687901633126 0.007010532276971 0.03354651587350028 0.15005412697792053
0 0.662602152143206 0.5455820901053292 0.012117930821010045 0.03611101422991071 0.1460413932800293
0 0.9650261742728097 0.5433259691510882 0.008084297180175781 0.0432499817439488 0.14342346787452698
0 0.9646015167236328 0.5233942440577916 0.006056104387555804 0.03137690680367606 0.14107680320739746
0 0.049839134727205546 0.5260952540806362 0.005058680261884417 0.02363065310886928 0.13990764319896698
0 0.9186409541538784 0.5448036875043597 0.009384291512625558 0.03430778639657157 0.13763049244880676
0 0.6515767914908273 0.5439044407435826 0.011458260672433036 0.03810722487313407 0.13664059340953827
0 0.05596776945250375 0.5313407693590436 0.00604353632245745 0.029653549194335938 0.13137753307819366
0 0.052991364683423726 0.5311026573181152 0.006080942494528634 0.029396976743425642 0.13044457137584686
0 0.07623669079371861 0.5422880308968681 0.007218522684914725 0.033605950219290595 0.13028962910175323
0 0.6465858731951032 0.5419698442731585 0.011029311588832311 0.038897105625697544 0.13023482263088226
0 0.6991638456072126 0.5461804866790771 0.011176041194370814 0.034682001386369975 0.12389230728149414
0 0.04595428705215454 0.5246010507856097 0.005050918885639736 0.024188007627214705 0.12367001175880432
0 0.08013583081109184 0.542656591960362 0.007407052176339286 0.03351402282714844 0.12261669337749481
0 0.3548717839377267 0.5439700399126325 0.009199142456054688 0.03549269267490932 0.11549777537584305
0 0.6567279270717076 0.5452940123421806 0.012462615966796875 0.037814480917794366 0.11513424664735794
0 0.082352842603411 0.5368734768458775 0.006629467010498047 0.033031191144670756 0.11230769008398056
0 0.3503209522792271 0.5442154407501221 0.009322336741856166 0.03542382376534598 0.11136544495820999
0 0.43684632437569754 0.519932610648019 0.005192722593035016 0.021449599947248186 0.11101914197206497
0 0.08473469529833112 0.5426804338182721 0.007442874567849296 0.03352860042027065 0.11101696640253067
0 0.040100932121276855 0.5248340197971889 0.005064342703138079 0.023925304412841797 0.11063385009765625
0 0.42615972246442524 0.5267110211508614 0.006756816591535296 0.027493136269705638 0.10966330021619797
0 0.4325925963265555 0.5214494977678571 0.0058070250919887 0.0235161440713065 0.1062420979142189
0 0.04788527318409511 0.5318487712315151 0.006118003811155047 0.0318211487361363 0.10550288110971451
0 0.640760966709682 0.5428060804094587 0.01083019801548549 0.038630826132638116 0.10388349741697311
0 0.3877171448298863 0.542038985661098 0.008738109043666295 0.03707739285060337 0.10356240719556808
0 0.38274880817958284 0.5422859873090472 0.008631672177995955 0.03710709299360003 0.1023494228720665
0 0.08964308670588902 0.5427533899034772 0.007531642913818359 0.03351340975080218 0.10180075466632843
0 0.967240401676723 0.5225999014718192 0.0060144151960100445 0.030422210693359375 0.09958450496196747
0 0.5499753952026367 0.5360090051378522 0.008980614798409598 0.0395444461277553 0.0993816927075386
0 0.9125219072614398 0.5463459832327706 0.00943347385951451 0.03257080486842564 0.09672877192497253
0 0.4305382456098284 0.532043320792062 0.007411343710763114 0.03530349050249372 0.09664894640445709
0 0.5448542322431292 0.5299380166190011 0.008462531226021903 0.035936219351632256 0.09360171109437943
0 0.09480484894343785 0.542813777923584 0.007592354501996722 0.033429316111973355 0.09267669171094894
0 0.42113208770751953 0.5315909385681152 0.007578917912074498 0.031494310923985074 0.09248252958059311
0 0.42328691482543945 0.5256178038460868 0.006148917334420341 0.02596245493207659 0.09201420843601227
0 0.3452483245304653 0.5443826402936663 0.009388651166643416 0.03534919875008719 0.09005942195653915
0 0.04753706284931728 0.5207368986947196 0.004224491970879691 0.0200434752873012 0.089701347053051
0 0.5403756414140973 0.529167924608503 0.008112260273524694 0.03561622755868094 0.08840171247720718
0 0.09994263308388847 0.5430659566606794 0.007708796433040074 0.03340339660644531 0.08539631217718124
0 0.5543437685285296 0.5367467744009835 0.009254149028233119 0.039496387754167826 0.08437599241733551
0 0.05968015534537179 0.5267104421343122 0.005014236484255109 0.025191443307059153 0.08313081413507462
0 0.050045549869537354 0.5371135984148298 0.006945086377007621 0.03592732974461147 0.07899349927902222
0 0.3409172466823033 0.5446927206856864 0.009471893310546875 0.035181283950805664 0.07743030786514282
0 0.41818039757864817 0.5352537291390556 0.008013997759137834 0.0327577931540353 0.07679275423288345
0 0.36211960656302317 0.5434519222804478 0.008976970400129045 0.03578322274344308 0.07639459520578384
0 0.915658678327288 0.5516694273267474 0.009570462363106864 0.022492340632847378 0.07619022578001022
0 0.5371759278433663 0.5257434504372733 0.007147141865321568 0.030262606484549388 0.07577712833881378
0 0.7067621094839913 0.5462676456996373 0.011016981942313058 0.03436139651707241 0.07503896951675415
0 0.7134222303118024 0.5455116544451032 0.011074679238455636 0.03523291860307966 0.07476077228784561
0 0.03617746915136065 0.5242980888911656 0.005436124546187264 0.024885926927839006 0.07404088228940964
0 0.10494990008217948 0.5434160232543945 0.007892804486410958 0.03355346407209124 0.07281661778688431
0 0.33179003851754324 0.5455645493098668 0.009741136005946569 0.03414154052734375 0.072483129799366
0 0.3368193081447056 0.5450243268694196 0.00957345962524414 0.03484109469822475 0.07210996001958847
0 0.39265142168317524 0.5396712507520404 0.008445433207920619 0.03664255142211914 0.07153791189193726
0 0.3765544891357422 0.542271477835519 0.008582523890904017 0.037521192005702426 0.07129981368780136
0 0.3247589383806501 0.5458395821707589 0.009883710316249303 0.0336341176714216 0.07100385427474976
0 0.9701346669878278 0.5223957470485142 0.005893707275390625 0.029780115400041853 0.07066765427589417
0 0.6355281557355609 0.5426441941942487 0.01086977549961635 0.03896386282784598 0.07047171890735626
0 0.4294419288635254 0.5204154423304966 0.005208798817225865 0.021624394825526645 0.06884730607271194
0 0.9088472638811383 0.5416623524257115 0.009733268192836217 0.04087349346705845 0.06846365332603455
0 0.44111701420375277 0.5281966413770404 0.0069261278424944195 0.03284052440098354 0.0681406557559967
0 0.9047260965619769 0.5448940822056362 0.009384427751813616 0.034520932606288364 0.0678151547908783
0 0.7029517037527901 0.5394424710954938 0.011709281376429967 0.04347402708871024 0.06750477850437164
0 0.5585171154567173 0.5393408366612026 0.009409972599574499 0.04031600270952497 0.06724955141544342
0 0.06605383328029088 0.527386120387486 0.0053675004414149696 0.02772348267691476 0.06640859693288803
0 0.4441174098423549 0.524550199508667 0.006026233945574079 0.025493553706577847 0.06614517420530319
0 0.08706052814211164 0.5487317357744489 0.00850527627127511 0.024353946958269392 0.06584949791431427
0 0.8912808554513114 0.5470143726893834 0.009283133915492467 0.03148913383483887 0.06582757830619812
0 0.885176454271589 0.5473167555672782 0.009340694972446986 0.03094308716910226 0.06321219354867935
0 0.37341737747192383 0.5477542877197266 0.009657961981637138 0.02809415544782366 0.0626034364104271
0 0.895402090890067 0.5466993876865932 0.009316580636160714 0.03216603824070522 0.0624287910759449
0 0.10827982425689697 0.5388201645442418 0.007710857050759452 0.03537940979003906 0.06226961687207222
0 0.3691962105887277 0.5427698067256382 0.00864546639578683 0.037020478929792135 0.062120817601680756
0 0.9004283632550921 0.5450425148010254 0.009329727717808314 0.034555673599243164 0.0618353970348835
0 0.6808958053588867 0.535003628049578 0.011907509395054408 0.05516821997506278 0.058808088302612305
0 0.4146733283996582 0.5354243346623012 0.008000952856881278 0.033092498779296875 0.058091700077056885
0 0.35794966561453684 0.5504598958151681 0.009533303124564034 0.023961544036865234 0.05807715654373169
0 0.31657430103846956 0.5460348810468402 0.009943621499197823 0.033398219517299106 0.05715592950582504
