0 0.32516186577933176 0.5440366608755929 0.010294812066214425 0.040084668568202426 0.6159294247627258
0 0.18520852497645787 0.5394881793430873 0.009028434753417969 0.040048224585396905 0.596666157245636
0 0.32109526225498747 0.5390786102839878 0.009790863309587752 0.0455385616847447 0.5903947353363037
0 0.332082952771868 0.5433204514639718 0.010533060346330916 0.040519271578107564 0.5458831191062927
0 0.18912781987871444 0.5394868850708008 0.009026646614074707 0.0394986697605678 0.5411750078201294
0 0.18149021693638392 0.5375807966504779 0.00904914311000279 0.0409308842250279 0.5066396594047546
0 0.19280920709882463 0.5407734598432269 0.008925250598362513 0.04186592783246722 0.3639119267463684
0 0.3156412328992571 0.5432689530508858 0.009816850934709822 0.039718525750296454 0.35539984703063965
0 0.3364665848868234 0.5396020753043038 0.010155507496425084 0.04695221355983189 0.32259055972099304
0 0.3289308888571603 0.5341439928327288 0.009998457772391183 0.05193931715829032 0.28940582275390625
0 0.17805964606148855 0.5410228456769671 0.00872964518410819 0.04036201749529157 0.28566113114356995
0 0.3409313474382673 0.5421202523367745 0.010007006781441825 0.04048660823277065 0.2682046592235565
0 0.34911305563790457 0.5417647361755371 0.009787048612322127 0.0405402524130685 0.2173050045967102
0 0.8692313602992466 0.5406901495797294 0.009604794638497489 0.0381709166935512 0.19975362718105316
0 0.8739820889064244 0.5408871855054583 0.009250232151576452 0.0386068480355399 0.19679759442806244
0 0.1978015729359218 0.5405173982892718 0.008810928889683314 0.04203704425266811 0.17440006136894226
0 0.3104997362409319 0.543654339654105 0.009738002504621233 0.03934989656720843 0.14242132008075714
0 0.7764418465750558 0.5434924534388951 0.009453977857317244 0.03632596560886928 0.13650067150592804
0 0.780848775591169 0.5434023652757917 0.009326798575265067 0.036525113242013116 0.1352529525756836
0 0.871382440839495 0.5303822926112584 0.008685452597481864 0.037658589226858954 0.12964613735675812
0 0.1881697859082903 0.5246760163988385 0.006360360554286412 0.042686666761125834 0.1235053762793541
0 0.785308974129813 0.5433139801025391 0.009159701211111886 0.03675767353602818 0.11628458648920059
0 0.09935943569455828 0.5416881016322544 0.007500852857317243 0.03421963964189802 0.1160893440246582
0 0.10334031070981707 0.5416660308837891 0.007410407066345215 0.03437866483415876 0.11285864561796188
0 0.09571492671966553 0.5417533942631313 0.007532826491764614 0.03411504200526646 0.11277741938829422
0 0.862262521471296 0.5416164398193359 0.009455272129603795 0.038270030702863424 0.1077786535024643
0 0.09191722529275077 0.5417430060250419 0.00752962487084525 0.034002372196742466 0.10609747469425201
0 0.7718638011387416 0.5439721175602504 0.009532451629638672 0.03653464998517718 0.10538406670093536
0 0.08712117161069598 0.5391338893345424 0.007119297981262207 0.03344586917332241 0.1025974377989769
0 0.10797837802342006 0.5418639183044434 0.007407418319157192 0.03469327517918178 0.09934713691473007
0 0.8778075490679059 0.5370567185538155 0.008491652352469308 0.03879509653363909 0.09926743060350418
0 0.9596428189958844 0.5425211702074323 0.007809775216238839 0.031257425035749166 0.09731324017047882
0 0.548685005732945 0.5290977614266532 0.009070737021309989 0.04280120985848563 0.09355781227350235
0 0.7898069109235492 0.5433199405670166 0.00904696328299386 0.03701857158115932 0.09238150715827942
0 0.08255394867488317 0.5384520803179059 0.006733519690377372 0.0328552382332938 0.08940297365188599
0 0.9571830204554966 0.5321712153298515 0.00735398701259068 0.03891679218837193 0.08905818313360214
0 0.35787793568202425 0.541520186832973 0.009694269725254603 0.04041511671883719 0.08580151200294495
0 0.5546314375741142 0.5354586328778949 0.010514838354928153 0.049250636781964986 0.0854465514421463
0 0.8581059319632394 0.5417855126517159 0.009469168526785714 0.03840521403721401 0.08209484815597534
0 0.29906109401157926 0.544492380959647 0.009230647768293108 0.03699854442051479 0.08137795329093933
0 0.35293902669634136 0.5340121814182827 0.008792196001325334 0.0437955515725272 0.07845531404018402
0 0.1719034399305071 0.5417441640581403 0.008610384804861886 0.0388613087790353 0.07474448531866074
0 0.20269976343427384 0.5411484241485596 0.008721777370997838 0.04140922001429966 0.07272762060165405
0 0.794625963483538 0.543419361114502 0.00900684084211077 0.03727759633745466 0.07259795069694519
0 0.8653253146580288 0.5314110347202846 0.008499962942940848 0.039867094584873745 0.07105577737092972
0 0.9603809629167829 0.5287613187517438 0.00703709466116769 0.03658345767429897 0.06914697587490082
0 0.11316155535834176 0.5421207972935268 0.007469194275992257 0.03523346355983189 0.06909492611885071
0 0.5447454452514648 0.5243582044328962 0.008207014628819056 0.03865926606314523 0.0684964656829834
0 0.9535282679966518 0.5348829541887555 0.007831096649169922 0.041561433247157505 0.06796260178089142
0 0.8043663842337472 0.5437745707375663 0.009292466299874442 0.03734758922031948 0.06753688305616379
0 0.964038440159389 0.5257641928536552 0.00630262919834682 0.0306851863861084 0.06639262288808823
0 0.7996740341186523 0.5435675212315151 0.009085587092808314 0.037383590425763814 0.06559856235980988
0 0.5593617984226772 0.5370205811091832 0.010729925973074777 0.04920312336512974 0.06539798527956009
0 0.09376651900155204 0.532787663596017 0.0067040835108075824 0.03180091721670968 0.06369361281394958
0 0.04461778913225446 0.5245286396571568 0.0049276820250919885 0.021635498319353377 0.06331700831651688
0 0.80975341796875 0.5439639091491699 0.009365694863455636 0.03737807273864746 0.06311870366334915
0 0.764801161629813 0.5444303240094867 0.009239946092878069 0.036707469395228794 0.06258746981620789
0 0.8204622268676758 0.5441126142229352 0.009501661573137556 0.03754356929234096 0.0616646371781826
0 0.8251256942749023 0.5439815180642265 0.009515421731131417 0.03775726045880999 0.06125832349061966
0 0.0898112314088004 0.5325299671718052 0.006680216108049665 0.03152544157845633 0.059618059545755386
0 0.7681012153625488 0.5383251735142299 0.008331162588936942 0.04303152220589774 0.058721378445625305
0 0.8155104773385184 0.5440949712480817 0.00947216578892299 0.03734360422406878 0.058462824672460556
0 0.19529175758361816 0.5290885993412563 0.00817511762891497 0.04574714388166155 0.0571759007871151
0 0.05370241403579712 0.5255201203482491 0.005012022597449166 0.022881882531302317 0.05704351142048836
0 0.9638778141566685 0.5415492057800293 0.008166653769356864 0.042132207325526645 0.05701419711112976
0 0.5397519384111676 0.523611204964774 0.008218526840209961 0.03787337030683245 0.05524266138672829
0 0.32376486914498465 0.5274197374071393 0.008049930844988142 0.04823895863124302 0.05303647741675377
0 0.07720705441066197 0.5354030472891671 0.006259049688066755 0.03197782380240304 0.05292326956987381
0 0.590057236807687 0.5387959480285645 0.010291780744280134 0.046334300722394674 0.0528496578335762
0 0.4464179447719029 0.5158627033233643 0.005739314215523856 0.02129432133265904 0.05196792632341385
0 0.8300439289637974 0.5438722201756069 0.009548051016671317 0.037729195186070034 0.05171554535627365
0 0.04114804097584316 0.5247058868408203 0.005005057368959699 0.021809373583112444 0.05163808539509773
0 0.9493375505719867 0.5382792609078544 0.008030346461704798 0.04089409964425223 0.05103708431124687
0 0.44959068298339844 0.5159642355782645 0.005600588662283761 0.020490101405552456 0.05076413229107857
0 0.5849508558000837 0.5380426134381976 0.010376180921282088 0.048352956771850586 0.050283659249544144
0 0.34533538137163433 0.5316802433558873 0.008987971714564733 0.04789396694728306 0.050253015011548996
