0 0.9548375265938895 0.538994550704956 0.007942404065813338 0.04289756502423968 0.16880249977111816
0 0.9302652903965541 0.5398768356868199 0.008822781699044364 0.041012355259486606 0.14618179202079773
0 0.9250458308628627 0.5399782657623291 0.008751937321254186 0.040380001068115234 0.11570467054843903
0 0.9627151489257812 0.5354832921709333 0.006778853280203683 0.03595198903764997 0.1074790507555008
0 0.940115247453962 0.5393851484571185 0.007588045937674386 0.039701598031180244 0.09323912113904953
0 0.5471295629228864 0.5260038716452462 0.006588356835501534 0.030828475952148438 0.09288736432790756
0 0.9469546590532575 0.5367425509861538 0.007517542157854352 0.03745361736842564 0.08782327175140381
0 0.9375014986310687 0.5407256058284214 0.008078302655901228 0.038210664476667135 0.0843283087015152
0 0.5873396737234933 0.5416013172694615 0.00888408933367048 0.03911008153642927 0.08158043771982193
0 0.9329215458461216 0.5409113679613385 0.008105754852294922 0.03750726154872349 0.07697699218988419
0 0.949211665562221 0.5404845987047467 0.007983548300606864 0.03826965604509626 0.07519692927598953
0 0.08135666166033063 0.5385231971740723 0.006352765219552177 0.02873192514692034 0.07342981547117233
0 0.9431969778878349 0.5405124255589077 0.008115291595458984 0.03775031226021903 0.07007179409265518
0 0.5818459647042411 0.5416266918182373 0.008808749062674386 0.04006004333496094 0.06576719880104065
0 0.5688872337341309 0.5398240770612445 0.008747066770281111 0.040491853441510885 0.06229974702000618
0 0.5907800538199288 0.5434753554207938 0.009106091090611048 0.03628349304199219 0.055201273411512375
0 0.9145730563572475 0.5446509633745465 0.008681024823869978 0.035778965268816264 0.053940653800964355
0 0.41010870252336773 0.5250377995627267 0.005936043603079659 0.024226461138044084 0.05389582738280296
0 0.4335272993360247 0.519620588847569 0.004998956407819476 0.0182516234261649 0.052671559154987335
0 0.5764780725751605 0.5414369106292725 0.008837427411760603 0.04001304081508091 0.0521809421479702
0 0.5721829278128487 0.5416399751390729 0.008834362030029297 0.04021590096609933 0.052115198224782944
0 0.5452609062194824 0.5292693546840123 0.007501227515084403 0.03753829002380371 0.05040367692708969
