0 0.5882391929626465 0.5381763322012765 0.01041262490408761 0.04787680080958775 0.15461455285549164
0 0.5828290666852679 0.5389463220323835 0.009946755000523158 0.048458712441580634 0.12240345776081085
0 0.5791663442339215 0.5388293947492327 0.009877749851771764 0.048425538199288506 0.1190013661980629
0 0.5917588642665318 0.538247925894601 0.010406630379813058 0.04775009836469378 0.11478067934513092
0 0.5704016004289899 0.5352110862731934 0.009434734072004045 0.05067253112792969 0.10102374851703644
0 0.4122698647635324 0.5363881247384208 0.007725988115583148 0.03444099426269531 0.09949730336666107
0 0.4341167041233608 0.5239614077976772 0.006197963442121234 0.02352632795061384 0.09923208504915237
0 0.5761001450674874 0.5362744331359863 0.009469270706176758 0.04730050904410226 0.09504958987236023
0 0.4525447572980608 0.5192479065486363 0.005163499287196568 0.019049371991838728 0.07732748240232468
0 0.9288793291364398 0.5400152547018868 0.009311267307826452 0.04367399215698242 0.07497797906398773
0 0.4306238038199289 0.5238778250558036 0.0065348829541887555 0.025139774594988142 0.06846773624420166
0 0.4540609632219587 0.514082772391183 0.005024330956595284 0.018688712801252092 0.0637148767709732
0 0.9252498490469796 0.5401819092886788 0.009333338056291853 0.04369711875915527 0.059498585760593414
0 0.5374150957380023 0.5198492322649274 0.005685670035226005 0.02158754212515695 0.05759701877832413
0 0.45576838084629606 0.5138489859444755 0.004965611866542271 0.018129961831229075 0.056727346032857895
0 0.5324880736214774 0.5150353567940849 0.00531073978969029 0.021367345537458147 0.05388367921113968
0 0.40923452377319336 0.5370823996407645 0.00800081661769322 0.03537590163094657 0.05174671858549118
0 0.9644494737897601 0.5280230385916573 0.006471906389508929 0.030737604413713728 0.051548127084970474
