0 0.8460917472839355 0.5379678862435477 0.008532387869698661 0.044506686074393134 0.31592175364494324
0 0.8423471450805664 0.5376339639936175 0.008530276162283761 0.04463798659188407 0.30922460556030273
0 0.8494129862104144 0.5332175663539341 0.008713722229003906 0.04255196026393345 0.2520853579044342
0 0.7028100149972099 0.5467031342642648 0.009651933397565569 0.02902817726135254 0.23554396629333496
0 0.8378287724086216 0.5393997260502407 0.00868851797921317 0.04251466478620257 0.20087023079395294
0 0.6987282889229911 0.5418028831481934 0.010348796844482422 0.04110121726989746 0.19108746945858002
0 0.40588596888950895 0.5252172606331962 0.006220170429774693 0.0248960086277553 0.18854080140590668
0 0.38609491075788227 0.5375857353210449 0.008103881563459123 0.036033732550484796 0.17526875436306
0 0.40121487208775114 0.5258422919682094 0.006359236580984933 0.02596351078578404 0.1678612381219864
0 0.6756683077130999 0.5420120103018624 0.010254519326346261 0.04367940766470773 0.16589340567588806
0 0.6812559536525181 0.5420349666050502 0.01028033665248326 0.04262321335928781 0.1625533550977707
0 0.8532074519566127 0.5385511943272182 0.008553300585065569 0.04435569899422782 0.16132348775863647
0 0.39694121905735563 0.5296118600027901 0.0071201324462890625 0.03063896724155971 0.15615352988243103
0 0.38990422657557894 0.5373952048165458 0.008106844765799386 0.035819019590105326 0.15364450216293335
0 0.39391844613211496 0.5309503419058663 0.007382495062691825 0.03227755001613072 0.1509508341550827
0 0.8437929153442383 0.5239489078521729 0.007293905530657087 0.04185942241123745 0.14912091195583344
0 0.38083648681640625 0.5400151865822929 0.008422987801688058 0.03684377670288086 0.14027446508407593
0 0.4085836410522461 0.5207612855093819 0.005578688212803432 0.02240456853594099 0.1338656097650528
0 0.41213345527648926 0.5205672809055873 0.005565098353794643 0.022106545312064036 0.12919627130031586
0 0.707538400377546 0.5423099654061454 0.009789739336286272 0.040028231484549384 0.12683090567588806
0 0.6939734731401715 0.5415785993848529 0.01026017325265067 0.040902955191476006 0.12229716032743454
0 0.6681984492710659 0.5421317645481655 0.010080678122384208 0.04378645760672433 0.12087687104940414
0 0.4151016984667097 0.5203145231519427 0.005517346518380302 0.021769183022635325 0.119204081594944
0 0.09192862680980138 0.5420983178274972 0.007603049278259277 0.03497144154139927 0.11679834872484207
0 0.6864912169320243 0.5416021347045898 0.010562896728515625 0.041014637265886576 0.11346936225891113
0 0.08768861634390694 0.5419794150761196 0.007567959172385079 0.034893580845424106 0.1127195954322815
0 0.3769099031175886 0.5403110640389579 0.008408410208565848 0.03688924653189523 0.11242072284221649
0 0.8334255218505859 0.5395511899675641 0.008820533752441406 0.04226722036089216 0.10672986507415771
0 0.08418609414781843 0.5418163027082171 0.007450061185019357 0.03482018198285784 0.10372386872768402
0 0.0975862911769322 0.5427188192095075 0.007726405348096575 0.035053559712001255 0.1022537425160408
0 0.4188734122685024 0.520122936793736 0.00547858646937779 0.021459204810006276 0.09721939265727997
0 0.8404265812465123 0.5248023441859654 0.00724867412022182 0.04148330007280622 0.09599974751472473
0 0.08018534524100167 0.5416821071079799 0.007430613040924072 0.03466711725507464 0.08731061220169067
0 0.37167889731270926 0.5415488651820591 0.008505105972290039 0.03653917993818011 0.08547773957252502
0 0.09441045352390834 0.5354163646697998 0.007298188550131661 0.03739363806588309 0.08249836415052414
0 0.3591382844107492 0.5437561784471784 0.009224857602800642 0.03485870361328125 0.08200423419475555
0 0.07653249161584037 0.5386372293744769 0.007024322237287249 0.033868415015084405 0.08008946478366852
0 0.3638782160622733 0.5432607105800084 0.00911085946219308 0.03519674709865025 0.0796409398317337
0 0.35500941957746235 0.5437624454498291 0.009116377149309431 0.03487028394426618 0.07720747590065002
0 0.1003513251032148 0.5484180109841483 0.008440290178571428 0.025127615247453963 0.07665028423070908
0 0.10371344430106026 0.5397247586931501 0.008087021963936942 0.03788270269121442 0.07387392222881317
0 0.9603000368390765 0.5436199051993233 0.007884502410888672 0.03132101467677525 0.07209430634975433
0 0.10667928627559117 0.5440085274832589 0.008550890854426793 0.03480591092790876 0.07140679657459259
0 0.8596351487295968 0.5402633122035435 0.008620125906808036 0.041325739451817105 0.07101000845432281
0 0.06169032199042184 0.5337298257010323 0.006369173526763916 0.030102389199393138 0.06956362724304199
0 0.4222609656197684 0.5190004280635289 0.005496365683419364 0.020922320229666575 0.06921697407960892
0 0.059310325554439 0.5302295344216483 0.006129826818193708 0.028917857578822544 0.068088099360466
0 0.07278693573815483 0.5354478699820382 0.006525648491723197 0.03233088765825544 0.06684046238660812
0 0.06417709589004517 0.530949456351144 0.006223631756646293 0.02944772584097726 0.0668104887008667
0 0.8285044942583356 0.5397234644208636 0.008921078273228236 0.04201163564409528 0.0666176900267601
0 0.4154533658708845 0.5309141022818429 0.0074833801814488 0.03298585755484445 0.0661497712135315
0 0.06712790046419416 0.5347206251961845 0.006585461752755302 0.030977181025913784 0.06525325030088425
0 0.3499659129551479 0.5438600267682757 0.009146928787231445 0.03473152433122907 0.06292035430669785
0 0.7116428102765765 0.5473483630589077 0.009397438594273158 0.02806244577680315 0.06271619349718094
0 0.6593281882149833 0.5422230107443673 0.010089397430419922 0.043500423431396484 0.0624239481985569
0 0.38280793598720003 0.5265732492719378 0.006739343915666852 0.03487672124590192 0.06190263107419014
0 0.40272845540727886 0.5378307615007673 0.008275917598179408 0.03725859097072056 0.05874059721827507
0 0.07013221297945295 0.5315723419189453 0.006154524428503854 0.03112452370779855 0.05570363253355026
0 0.5664429664611816 0.5378043310982841 0.009594951357160295 0.0466153621673584 0.055617235600948334
0 0.7697680337088448 0.5423485551561628 0.009069374629429408 0.038388456617082865 0.053587187081575394
0 0.8249416351318359 0.5447539942605155 0.0089569091796875 0.029915945870535716 0.05334053561091423
0 0.42048849378313335 0.516127450125558 0.004811116627284459 0.020291158131190708 0.05325236916542053
0 0.395871639251709 0.543172904423305 0.008846044540405273 0.030766453061785017 0.052491240203380585
0 0.9532299041748047 0.5360256263187954 0.00796645028250558 0.04000650133405413 0.052101004868745804
0 0.7651863779340472 0.5423524720328194 0.009107862200055803 0.03844482558114188 0.05157618597149849
0 0.4082104819161551 0.5368011338370187 0.008300474711826869 0.037091153008597236 0.05106920748949051
0 0.3445678097861154 0.5439861161368233 0.009188311440604073 0.03457788058689663 0.050617851316928864
0 0.16798312323434011 0.5454234395708356 0.00938011918749128 0.033633266176496236 0.05021481588482857
0 0.05710074305534363 0.5349967139107841 0.006382857050214495 0.031980276107788086 0.05006309598684311
