0 0.9531047684805733 0.5356346198490688 0.0059582846505301336 0.032687527792794366 0.1382756531238556
0 0.9542414120265416 0.5301662172589984 0.005777631487165179 0.025989907128470286 0.1114637553691864
0 0.9597217696053642 0.5299474171229771 0.005691392081124442 0.025403738021850586 0.07194946706295013
0 0.948082447052002 0.5386233670370919 0.006174904959542411 0.03293548311505999 0.059111882001161575
0 0.9551918847220284 0.5387839589800153 0.0059920719691685265 0.0327787058694022 0.05703309550881386
0 0.08438432216644287 0.5359653064182827 0.0054075973374503 0.026523351669311523 0.056152623146772385
0 0.9508820261274066 0.5336828231811523 0.006938798086983817 0.032823494502476284 0.05556128919124603
0 0.9640601021902901 0.5293828419276646 0.00571857179914202 0.025388274874006 0.0511694960296154
0 0.3951010022844587 0.5353574071611676 0.006096260888235909 0.032269341605050225 0.050812363624572754
0 0.3144138881138393 0.5450481687273298 0.008760077612740653 0.03484344482421875 0.050094593316316605
