0 0.4229764938354492 0.5262191636221749 0.005911554609026227 0.02423051425388881 0.3548925220966339
0 0.420445305960519 0.5217830794198173 0.005473579679216657 0.022502592631748745 0.22723056375980377
0 0.41951775550842285 0.5304962907518659 0.006440980093819755 0.02773359843662807 0.2081989198923111
0 0.4263134683881487 0.5216834204537528 0.005511317934308734 0.022457735879080638 0.1899295151233673
0 0.966106687273298 0.5401288441249302 0.007431915828159877 0.038197483335222514 0.17784783244132996
0 0.41746412004743305 0.5217371668134417 0.0053637027740478516 0.022443771362304688 0.15604695677757263
0 0.9627099718366351 0.5422057424272809 0.007661002022879464 0.03842360632760184 0.14758232235908508
0 0.9740441186087472 0.5438800539289202 0.0067457471575055805 0.03713059425354004 0.14124640822410583
0 0.9700087819780622 0.542764697756086 0.00755514417375837 0.03825242178780692 0.13854219019412994
0 0.9597317831856864 0.5339619091578892 0.006829193660191127 0.03526919228690011 0.1363486498594284
0 0.4161114011492048 0.5305673735482352 0.0064547061920166016 0.027744599751063755 0.13212841749191284
0 0.5553790501185826 0.531212432043893 0.007426772798810687 0.038745062691824775 0.11805880814790726
0 0.5586466108049665 0.5352710996355329 0.007869550159999303 0.043204035077776225 0.10992087423801422
0 0.9784028870718819 0.5311525208609444 0.005958693368094308 0.0337522029876709 0.10881093144416809
0 0.9770146778651646 0.5480515616280692 0.00715712138584682 0.033623729433332174 0.10543232411146164
0 0.9709974016462054 0.5305851868220738 0.006032262529645648 0.03296858923775809 0.1049531027674675
0 0.5524022238595145 0.528257029397147 0.006632225854056222 0.03394998822893415 0.10461368411779404
0 0.4218258857727051 0.5352346556527274 0.007260152271815709 0.036272832325526645 0.10304434597492218
0 0.9282541275024414 0.5440832206181118 0.0080240113394601 0.0356907844543457 0.10162555426359177
0 0.9567526408604213 0.5423001561846051 0.007660525185721261 0.03702150072370257 0.0981704443693161
0 0.9324413027082171 0.5432607105800084 0.007674557822091239 0.036392109734671454 0.09585976600646973
0 0.5628382819039481 0.5369437762669155 0.008279119219098772 0.045162507465907505 0.09498566389083862
0 0.5489019325801304 0.5278842789786202 0.006638799394880023 0.03362083435058594 0.09432774782180786
0 0.4301391669682094 0.5284402711050851 0.0065021514892578125 0.031664950507027764 0.09135016053915024
0 0.5719353812081474 0.5346762793404716 0.007362331662859235 0.045042106083461216 0.08813431113958359
0 0.9363039561680385 0.5429622105189732 0.007691928318568638 0.03618277822222028 0.08663308620452881
0 0.5460683277675084 0.5274174554007394 0.006630046027047294 0.0332526479448591 0.08508014678955078
0 0.5684779030936105 0.5388867514474052 0.008543116705758231 0.0463982309613909 0.08340070396661758
0 0.24467522757393972 0.5454716682434082 0.009433627128601074 0.034517458506992886 0.08274071663618088
0 0.9224371228899274 0.544851575578962 0.00844219752720424 0.03522600446428571 0.08156050741672516
0 0.13808698313576834 0.5450833865574428 0.007637594427381243 0.033579417637416294 0.08107518404722214
0 0.9544356209891183 0.5343398707253593 0.00698368889944894 0.035559586116245816 0.08047279715538025
0 0.4263967105320522 0.5351366315569196 0.007250990186418805 0.0363893849509103 0.07990497350692749
0 0.9811465399605888 0.5510999815804618 0.0072514670235770086 0.031396797725132534 0.07982584834098816
0 0.13378540107182094 0.5450192178998675 0.0075947727475847516 0.03370812961033413 0.07938195019960403
0 0.251201936176845 0.5459518092019218 0.009351866585867745 0.03516456059047154 0.07862197607755661
0 0.1445451123373849 0.5451700346810477 0.007831403187343053 0.033632210322788784 0.07683786004781723
0 0.13009410245077951 0.5449502127511161 0.007532502923692975 0.03381453241620745 0.07566207647323608
0 0.9405053002493722 0.5426190921238491 0.00775705065046038 0.03606353487287249 0.07471451908349991
0 0.8078979764665876 0.5475177083696637 0.0093252318246024 0.03314375877380371 0.07380928844213486
0 0.4125563757760184 0.5307856287275042 0.0065293993268694195 0.027884823935372487 0.0712566003203392
0 0.2404726573399135 0.5454985073634556 0.009381362370082311 0.0343343870980399 0.06990285962820053
0 0.1488004752567836 0.5453266416277204 0.00816748823438372 0.03386930056980678 0.06973076611757278
0 0.943584510258266 0.5385420663016183 0.007400376456124442 0.0360234124319894 0.06896743923425674
0 0.12366196087428502 0.5447100230625698 0.007371996130262103 0.03374314308166504 0.06706809997558594
0 0.25544008186885286 0.545947824205671 0.009327990668160575 0.03517631122044155 0.06631822139024734
0 0.812333379473005 0.5470592975616455 0.009443010602678572 0.035131590706961494 0.06580796092748642
0 0.5750202451433454 0.5394173349652972 0.008498055594308036 0.04671079771859305 0.06472232192754745
0 0.8194607325962612 0.5468134880065918 0.009467329297746931 0.03483891487121582 0.06228811293840408
0 0.9302246229989188 0.5340925284794399 0.008205277579171317 0.040603842054094584 0.06198590621352196
0 0.9514745984758649 0.5423579897199359 0.007676397051130023 0.036695855004446845 0.059835996478796005
0 0.8262970106942313 0.5465356281825474 0.009563309805733817 0.03446596009390695 0.05965523049235344
0 0.8012655121939523 0.5466470037187848 0.009888921465192522 0.03545434134347098 0.05945676937699318
0 0.9831956454685756 0.5261806760515485 0.0053631918770926336 0.03028130531311035 0.05925959721207619
0 0.7613912309919085 0.5470399175371442 0.010784149169921875 0.03678764615740095 0.057520542293787
0 0.9463133811950684 0.5425446033477783 0.007740156991141183 0.036252226148332865 0.05619380623102188
0 0.41286100660051617 0.5212264060974121 0.004959821701049805 0.022587810243879045 0.05599313974380493
0 0.43272324970790316 0.5204370362418038 0.005201578140258789 0.022073439189365933 0.05579742416739464
0 0.8307862962995257 0.5464607647487095 0.009643827165876116 0.03438009534563337 0.05500034615397453
0 0.5418968541281564 0.5222176143101284 0.0059528350830078125 0.029101950781685964 0.05239670351147652
0 0.7654334477015904 0.5420002256120954 0.010947568075997489 0.046345608575003486 0.05230623111128807
0 0.2595604487827846 0.5459562369755336 0.00927269458770752 0.03509392057146345 0.05203215405344963
0 0.11843827792576381 0.5414178030831474 0.006827277796609061 0.03255721500941685 0.050834838300943375
