0 0.4225046634674072 0.5341008390699115 0.007150036948067802 0.03219120843069894 0.17598864436149597
0 0.9316915784563337 0.5418811866215297 0.00864560263497489 0.03722524642944336 0.11766082793474197
0 0.423403263092041 0.5213452747889927 0.005590064185006278 0.021935428891863142 0.11376738548278809
0 0.9547563961574009 0.5326832362583706 0.007585116795131138 0.03522726467677525 0.1094350591301918
0 0.4176344871520996 0.526240621294294 0.0063065460750034875 0.026576314653669084 0.10891472548246384
0 0.9282018116542271 0.5447135993412563 0.008789198739188058 0.037170614515032084 0.10533346980810165
0 0.9612816401890346 0.536548410143171 0.007861069270542689 0.03551786286490304 0.09802385419607162
0 0.419151987348284 0.5312217984880719 0.007100071225847516 0.033429111753191264 0.0921754464507103
0 0.42519780567714144 0.5303165572030204 0.0069686004093715125 0.03136437279837472 0.09011664986610413
0 0.9185300554547992 0.5480500629970005 0.008394922528948103 0.029373884201049805 0.08991775661706924
0 0.9678256171090263 0.5268279484340123 0.0056825365339006695 0.026789631162370955 0.08572837710380554
0 0.9375207083565849 0.5422205243791852 0.008672373635428292 0.036665337426321845 0.08548993617296219
0 0.9119334902082171 0.5480601446969169 0.008398124149867467 0.029300451278686523 0.08273854851722717
0 0.4273414271218436 0.5262675966535296 0.006160599844796317 0.025616066796439036 0.0771096721291542
0 0.9417121750967843 0.5423077174595424 0.00852557591029576 0.037906340190342495 0.07165800780057907
0 0.9585505213056292 0.5267258371625628 0.0056558336530412945 0.02731255122593471 0.07108944654464722
0 0.9239159311567035 0.547924314226423 0.00831958225795201 0.028943538665771484 0.06795237213373184
0 0.9569426264081683 0.5298519134521484 0.0067430223737444195 0.03375639234270368 0.06734666228294373
0 0.414496762411935 0.5354038306644985 0.007333142416817802 0.03342608043125698 0.0666825920343399
0 0.059706730501992364 0.5383789879935128 0.006001319204057966 0.029993738446916853 0.06124597787857056
0 0.9561027799333844 0.5404361316135952 0.008363655635288783 0.034854888916015625 0.06012466922402382
0 0.9477182797023228 0.5395452635628837 0.00821481432233538 0.03616983549935477 0.05564383789896965
0 0.06443201218332563 0.5372627122061593 0.006176871912819999 0.030101469584873745 0.05549041926860809
0 0.5491739000592913 0.535379307610648 0.0072718688419887 0.03398193631853376 0.055425819009542465
0 0.9516968045915876 0.5406011172703334 0.00832503182547433 0.03482086317879813 0.053747326135635376
0 0.12301323243549891 0.547792775290353 0.008469905172075545 0.030500105449131558 0.0536002442240715
0 0.05492812395095825 0.5382968357631138 0.0057631858757564 0.02912797246660505 0.052403390407562256
0 0.9663326399666923 0.5296919005257743 0.0067326681954520086 0.03397481782095773 0.05236987769603729
0 0.963390622820173 0.5286111831665039 0.006380421774727958 0.03218238694327218 0.051372259855270386
0 0.9138709477015904 0.5426233836582729 0.008559295109340124 0.039565597261701314 0.05078541487455368
