0 0.40326738357543945 0.5258640221187046 0.005210093089512416 0.022640160151890347 0.220035120844841
0 0.4005581651415144 0.5306119918823242 0.005938938685825893 0.030711923326764787 0.1583988219499588
0 0.40167501994541716 0.5228276252746582 0.005332027162824359 0.020847014018467495 0.15042744576931
0 0.395876407623291 0.5231677464076451 0.005436863218035016 0.02115518706185477 0.13943831622600555
0 0.9506009646824428 0.540564843586513 0.00836331503731864 0.04229988370622907 0.09322783350944519
0 0.9340252195085798 0.5410360608782087 0.0089111328125 0.0441713673727853 0.0896834209561348
0 0.9310971668788365 0.5411847659519741 0.008741446903773717 0.04417763437543597 0.08786246925592422
0 0.10694900580814906 0.5378927503313337 0.008184926850455148 0.03353510584150042 0.08578401803970337
0 0.40486165455409456 0.5305307252066476 0.006008829389299665 0.030426127570016042 0.07999929785728455
0 0.9270780427115304 0.541210378919329 0.008687291826520647 0.04402548926217215 0.07880356907844543
0 0.9687038149152484 0.5268682071140834 0.005866663796561105 0.02692450795854841 0.0786222517490387
0 0.9477096285138812 0.5410919870649066 0.008409432002476283 0.042141573769705634 0.07737560570240021
0 0.9437898908342633 0.5413841520036969 0.008290086473737444 0.042436225073678155 0.07380363345146179
0 0.3703040395464216 0.5368572643824986 0.0077419281005859375 0.03496762684413365 0.07309164851903915
0 0.406639780317034 0.5225394793919155 0.005320276532854352 0.020615100860595703 0.06638341397047043
0 0.9390654563903809 0.5411759104047503 0.008146967206682478 0.04249092510768345 0.06530401855707169
0 0.3738580771854946 0.5349645955221993 0.007137162344796317 0.033256394522530694 0.06445042043924332
0 0.3920044217790876 0.5287457874843052 0.005844627107892718 0.025224379130772183 0.06405532360076904
0 0.393817595073155 0.5307937008993966 0.006027357918875558 0.03126593998500279 0.06328210234642029
0 0.9721189907618931 0.5276812144688198 0.005940573556082589 0.02725090299333845 0.061773765832185745
0 0.40767455101013184 0.5271171161106655 0.0055403028215680805 0.02437492779323033 0.060673151165246964
0 0.10419128622327532 0.5434130941118512 0.007716902664729527 0.036504200526646206 0.051809683442115784
