0 0.9406194686889648 0.5378660474504743 0.008907794952392578 0.03771635464259556 0.5846761465072632
0 0.9331580570765904 0.5379923411778041 0.009048325674874442 0.03798866271972656 0.4833166301250458
0 0.9448748997279576 0.532935619354248 0.00864560263497489 0.037373100008283346 0.437297523021698
0 0.9289866856166294 0.5402466229030064 0.009026186806815011 0.038274220057896206 0.42062559723854065
0 0.9363153321402413 0.5457523209708077 0.010304859706333705 0.03216276850019183 0.4196603000164032
0 0.9375711849757603 0.5315812315259661 0.008504186357770647 0.039238384791782925 0.38906726241111755
0 0.9242326191493443 0.5434953825814384 0.009880678994315011 0.03634895597185407 0.3544481098651886
0 0.9200213296072823 0.5436919757298061 0.009854248591831751 0.03638267517089844 0.2784029245376587
0 0.9491595540727887 0.5418991361345563 0.0076689038957868305 0.0400418894631522 0.2596731185913086
0 0.9479330607822963 0.5287145205906459 0.007236480712890625 0.034735407148088725 0.24461793899536133
0 0.9321622848510742 0.5500199113573346 0.010276590074811662 0.025096757071358815 0.21481208503246307
0 0.9512017795017788 0.5283559049878802 0.006901196071079799 0.03348432268415179 0.19141213595867157
0 0.9151347024100167 0.543891293661935 0.009890351976667131 0.0364046437399728 0.15871895849704742
0 0.5549104554312569 0.5316314356667655 0.008022751126970564 0.03732851573399135 0.1444927155971527
0 0.9556876591273716 0.542147159576416 0.007305622100830078 0.039725269590105326 0.14021705090999603
0 0.6112388883318219 0.5431804997580392 0.00921494620186942 0.0362891469682966 0.1332312673330307
0 0.5520876475742885 0.5278065204620361 0.0070345401763916016 0.03329542704990932 0.13170908391475677
0 0.5488252639770508 0.5272080217088971 0.0070416246141706195 0.032009737832205634 0.12654447555541992
0 0.6038928713117327 0.5430175917489188 0.009221485682896205 0.03530723708016532 0.12231917679309845
0 0.5582662650517055 0.536771331514631 0.008552006312779017 0.041759490966796875 0.12103065103292465
0 0.6157353946140834 0.5432861191885812 0.009210859026227678 0.03659871646336147 0.11642640084028244
0 0.06669387647083827 0.5355959279196603 0.006277799606323242 0.03153085708618164 0.1095002070069313
0 0.06420923130852836 0.5314928804125104 0.005810469388961792 0.030336993081229075 0.10841413587331772
0 0.061524076121194024 0.5312586511884417 0.0058173877852303645 0.030201639447893416 0.10657854378223419
0 0.06977804218019758 0.5360456194196429 0.006525776215962001 0.03376807485307966 0.1059364378452301
0 0.053882517984935215 0.5259266580854144 0.004799238273075649 0.024616922651018416 0.10430925339460373
0 0.5994024276733398 0.5425494398389544 0.009111131940569197 0.03527273450578962 0.10200884193181992
0 0.3153775078909738 0.5458645139421735 0.009406260081699916 0.03330819947378976 0.0998276099562645
0 0.5454222815377372 0.5327843938555036 0.008278438023158483 0.04110724585396903 0.09839123487472534
0 0.1308843493461609 0.5442421095711845 0.009407196726117815 0.03432318142482212 0.09776251763105392
0 0.07287614686148507 0.5391943795340401 0.006715766021183559 0.03462934494018555 0.09403528273105621
0 0.05676335947854178 0.5306502750941685 0.0057056886809212825 0.03022313117980957 0.09397798031568527
0 0.32072799546378 0.5455780710492816 0.00939948218209403 0.033314670835222514 0.09366975724697113
0 0.6200534275599888 0.543623549597604 0.009300845009940011 0.0365410532270159 0.09346304833889008
0 0.30842699323381695 0.5457752772739956 0.00931896482195173 0.033767870494297574 0.09234809130430222
0 0.32546584946768625 0.5453367914472308 0.009319918496268136 0.03343987464904785 0.09189699590206146
0 0.9107503890991211 0.544248240334647 0.009888172149658203 0.03615515572684152 0.09044166654348373
0 0.07943499088287354 0.54188414982387 0.0077217817306518555 0.03525689670017788 0.09040533751249313
0 0.12585687637329102 0.5441529410226005 0.009357333183288574 0.03428987094334194 0.08976124227046967
0 0.3300520692552839 0.5453342710222516 0.009333201817103795 0.033404997416904995 0.08703190088272095
0 0.0835509215082441 0.5421692643846784 0.007815837860107422 0.03512321199689593 0.08635371923446655
0 0.13578993933541433 0.544304370880127 0.00949444089617048 0.03432869911193848 0.08563181757926941
0 0.5626932212284633 0.5393802097865513 0.00848531723022461 0.042328051158360074 0.08533701300621033
0 0.5465210505894252 0.5214054243905204 0.0061489854540143695 0.027293920516967773 0.08504652231931686
0 0.07595712797982353 0.5416207994733538 0.007091445582253593 0.035216297422136576 0.08482764661312103
0 0.5949666159493583 0.5419610568455288 0.008919715881347656 0.035755157470703125 0.08344441652297974
0 0.6085453033447266 0.5496682780129569 0.009397574833461217 0.02490166255405971 0.08129806816577911
0 0.565455709184919 0.5330902508326939 0.007829666137695312 0.0370152337210519 0.08092205971479416
0 0.30435432706560406 0.54572480065482 0.009275334221976144 0.03392509051731655 0.08083869516849518
0 0.5845178876604352 0.5385616847446987 0.008573532104492188 0.037381070000784736 0.07894518971443176
0 0.5410712446485247 0.5263237271990094 0.006882803780691964 0.03213415827069964 0.07758766412734985
0 0.9546372549874442 0.5259287697928292 0.00699131829398019 0.036190952573503764 0.07729881256818771
0 0.08803832530975342 0.5422278812953404 0.007773595196860177 0.03518033027648926 0.07701362669467926
0 0.6246930531093052 0.5439887728009906 0.009402820042201452 0.0362307003566197 0.07599189132452011
0 0.5432821682521275 0.5212041309901646 0.006107125963483538 0.02705413954598563 0.07480262219905853
0 0.33480848584856304 0.5453566483088902 0.00933316775730678 0.03334944588797433 0.07445795834064484
0 0.590146541595459 0.5412022386278424 0.008805138724190848 0.037063802991594584 0.07357975095510483
0 0.12016877106257848 0.5437789985111782 0.009111200060163225 0.03439215251377651 0.07209797203540802
0 0.16171111379350936 0.5454854624611991 0.009886179651532854 0.03343125752040318 0.06998365372419357
0 0.16821517263139998 0.5470953668866839 0.010009918894086565 0.0315422671181815 0.06874139606952667
0 0.09337910584041051 0.5423182419368199 0.007737364087785993 0.03512062345232282 0.06737612932920456
0 0.5792995861598423 0.540285757609776 0.008483750479561942 0.03963804244995117 0.06714433431625366
0 0.5735714776175362 0.5402056149074009 0.008382320404052734 0.04039369310651507 0.06592734158039093
0 0.569072791508266 0.5399786404200962 0.008280481610979353 0.041081837245396206 0.06576330959796906
0 0.14072677067347936 0.5443861143929618 0.009536981582641602 0.03441245215279715 0.06549005210399628
0 0.31844568252563477 0.552415030343192 0.009564978735787528 0.020861659731183733 0.06439299136400223
0 0.5760062081473214 0.5310729571751186 0.007755688258579799 0.038479396275111606 0.06347082555294037
0 0.6306518827165876 0.5445035866328648 0.009448255811418806 0.03565910884312221 0.06252690404653549
0 0.07164108753204346 0.5277541364942279 0.005880985941205706 0.029406275068010603 0.06124671921133995
0 0.050577802317483087 0.5279228346688407 0.005920009953635079 0.03231423241751535 0.06074395030736923
0 0.11504250764846802 0.5433477674211774 0.00858257498059954 0.03463714463370187 0.05992567911744118
0 0.2984540121895926 0.5471350806100028 0.009424618312290736 0.032284634453909736 0.059811536222696304
0 0.05801434602056231 0.5208581515720913 0.004124087946755546 0.021089860371180942 0.059753820300102234
0 0.3405991962977818 0.545372486114502 0.009292296000889369 0.03340635980878558 0.058748967945575714
0 0.17283620153154647 0.5470764636993408 0.010027119091578893 0.03166709627423968 0.058728959411382675
0 0.15573603766305105 0.5452863148280552 0.009773697171892439 0.03360860688345773 0.0585298053920269
0 0.5378433636256627 0.5208049501691546 0.006040845598493304 0.026861054556710378 0.058401115238666534
0 0.09890865428107125 0.5422904150826591 0.007735405649457659 0.03511772836957659 0.05825994536280632
0 0.9581924165998187 0.5243748256138393 0.006418023790631976 0.032309259687151225 0.057750679552555084
0 0.10957356861659459 0.5428190912519183 0.008002698421478271 0.035046475274222236 0.05774250626564026
0 0.10449716023036412 0.5425193650381905 0.007833233901432582 0.03513094357081822 0.057072412222623825
0 0.6525779451642718 0.5463848795209613 0.0096151488167899 0.033440079007829936 0.056741900742053986
0 0.4253820351191929 0.5311195509774345 0.0062432970319475445 0.02831918852669852 0.05651460215449333
0 0.4274746690477644 0.5262385436466762 0.0053997039794921875 0.023238522665841237 0.055893827229738235
0 0.14535001346043178 0.5445864541190011 0.009635746479034424 0.034217630113874166 0.05559979006648064
0 0.6484046663556781 0.5463427816118512 0.009599617549351283 0.03348050798688616 0.054381415247917175
0 0.43044969013759066 0.5261342866080148 0.005410773413521903 0.0232478209904262 0.054146479815244675
0 0.43308912004743305 0.5260571411677769 0.005425487245832171 0.023138046264648438 0.05414070934057236
0 0.055625932557242255 0.521019560950143 0.0042079644543784 0.022321019853864397 0.05411187559366226
0 0.5599513735089984 0.5239500999450684 0.006612164633614677 0.03219750949314663 0.05369800701737404
0 0.1502211093902588 0.5448782103402274 0.009729879243033273 0.03391235215323312 0.05348549038171768
0 0.039622677224023004 0.524364743913923 0.00532966000693185 0.026102202279227122 0.053022101521492004
0 0.9027977670942035 0.5458507878439767 0.009910855974469866 0.03401947021484375 0.052653416991233826
0 0.4226122924259731 0.5263498170035226 0.005385126386369977 0.023198502404349192 0.05240969359874725
0 0.05102244871003287 0.5203827449253627 0.0040912628173828125 0.02102814401899065 0.052320487797260284
0 0.6370935440063477 0.5448096820286342 0.009516784123011999 0.03536292484828404 0.051782239228487015
0 0.09083245481763567 0.5481453623090472 0.008921333721705846 0.026821443012782505 0.05036596953868866
0 0.09597471782139369 0.537151643208095 0.007218573774610247 0.03476456233433315 0.05022278055548668
