0 0.447871276310512 0.5197582244873047 0.004658494676862445 0.017746039799281528 0.40871959924697876
0 0.4502379894256592 0.5202437809535435 0.004734039306640625 0.017116035733904158 0.4026319682598114
0 0.44628735951014925 0.5206472873687744 0.005081347056797573 0.019222804478236606 0.2490955889225006
0 0.45193181719098774 0.5202012062072754 0.004863364355904716 0.01778592382158552 0.24370039999485016
0 0.9524258204868862 0.5365857396806989 0.0074487413678850445 0.033668381827218194 0.1541568785905838
0 0.06879299027579171 0.5364091736929757 0.005788781813212803 0.028617075511387417 0.12122475355863571
0 0.9663463320050921 0.528148923601423 0.005495139530726841 0.026894705636160716 0.11879650503396988
0 0.9680239813668388 0.5258263860430036 0.005450453077043805 0.02386529105050223 0.10501860827207565
0 0.9709619794573102 0.5272530147007534 0.005520956856863839 0.025502307074410573 0.08864666521549225
0 0.4490846906389509 0.525040694645473 0.005320446831839425 0.02150825091770717 0.08770565688610077
0 0.9458776882716587 0.5346465110778809 0.006857599530901227 0.034167391913277764 0.0872584730386734
0 0.9606084823608398 0.5276527064187186 0.005563259124755859 0.026734215872628347 0.08516953140497208
0 0.9742467062813895 0.5273620060511998 0.005637100764683315 0.0257134096963065 0.07468506693840027
0 0.9570608139038086 0.5367052214486259 0.007416112082345145 0.03556234495980399 0.0721440389752388
0 0.549924203327724 0.5354152066367013 0.007421016693115234 0.03373908996582031 0.0700598657131195
0 0.9542937959943499 0.5283495017460415 0.005631923675537109 0.026891776493617466 0.06915353238582611
0 0.44435194560459684 0.5247777530125209 0.005166224070957729 0.021320479256766185 0.06456807255744934
0 0.9639395986284528 0.5298920358930316 0.006572314671107701 0.03286170959472656 0.06372096389532089
0 0.9401816640581403 0.542388881955828 0.00852612086704799 0.03952741622924805 0.05935679003596306
0 0.9475752285548619 0.539280925478254 0.007559640066964286 0.03427321570260184 0.05682263895869255
0 0.9597734042576381 0.536865098135812 0.007361139569963727 0.035468067441667826 0.05108256638050079
