0 0.08333952937807355 0.5377508231571743 0.0062831129346575055 0.027144908905029297 0.20535850524902344
0 0.08671113422938756 0.5360156467982701 0.006853367601122175 0.029565981456211636 0.1291513293981552
0 0.09914064407348633 0.5390601839338031 0.00709716762815203 0.03120126043047224 0.12829995155334473
0 0.9347990580967495 0.5383219037737165 0.007687841142926898 0.03417297771998814 0.11304692924022675
0 0.9142559596470424 0.5428590774536133 0.007882050105503626 0.03512770789010184 0.10203487426042557
0 0.9294865471976144 0.538194077355521 0.007189069475446429 0.03388861247471401 0.09702602028846741
0 0.9397469929286412 0.535973344530378 0.007268973759242466 0.034802607127598355 0.07907447218894958
0 0.07975414821079799 0.5341100011553083 0.006148414952414376 0.027003492627825056 0.07891085743904114
0 0.9178156171526227 0.5425570692334857 0.007883140019008092 0.035986627851213725 0.07846596837043762
0 0.09686900888170515 0.5339305060250419 0.007084676197596959 0.02975630760192871 0.07764021307229996
0 0.39092935834612164 0.536433185849871 0.008115393774850028 0.034868989671979635 0.07298720628023148
0 0.08859893253871373 0.5394981929234096 0.007220940930502755 0.03073293822152274 0.07138992100954056
0 0.5753041676112584 0.5396630423409599 0.009141172681535994 0.044549567358834405 0.07086443156003952
0 0.10392636060714722 0.5344367027282715 0.007740191050938198 0.03199165207999093 0.07071178406476974
0 0.5396418571472168 0.5246586799621582 0.006373575755528041 0.02685441289629255 0.06715769320726395
0 0.5338687215532575 0.5197301592145648 0.00566932133265904 0.022373880658830916 0.0650569275021553
0 0.4357320921761649 0.5200092451913017 0.005230392728533063 0.01840172495160784 0.06459037214517593
0 0.5415096623556954 0.5202795778002057 0.005940709795270648 0.024649347577776228 0.06430423259735107
0 0.11009480272020612 0.538489648274013 0.007885055882590157 0.0334125246320452 0.0631050169467926
0 0.9371925081525531 0.5410734585353306 0.007376057761056083 0.032299586704799106 0.06144372373819351
0 0.41704327719552176 0.5243632452828544 0.006146533148629325 0.023912429809570312 0.06099402531981468
0 0.923191887991769 0.5365396567753383 0.007360117776053292 0.03396477018083845 0.060858432203531265
0 0.5366748060498919 0.5163586820874896 0.005467619214739118 0.02296577181134905 0.060605697333812714
0 0.9114962986537388 0.5458252429962158 0.007461071014404297 0.029047012329101562 0.05927722156047821
0 0.07629456690379552 0.5376040254320417 0.006306205477033343 0.026985781533377513 0.05797796696424484
0 0.5402476446969169 0.5164394378662109 0.005465541567121234 0.02282571792602539 0.057281244546175
0 0.5853556224278041 0.5397906984601702 0.00939934594290597 0.044590915952410014 0.05624190345406532
0 0.9316450527736119 0.5409495489937919 0.007415771484375 0.03244645254952567 0.05607382953166962
0 0.5451313427516392 0.5243540491376605 0.006402833121163505 0.028196777616228377 0.05483737587928772
0 0.4075390951974051 0.5254737649645124 0.006162166595458984 0.024338381631033763 0.05476970598101616
0 0.9199438095092773 0.5394236019679478 0.007627282823835101 0.03415448325020926 0.0544801689684391
0 0.5799343245370048 0.5397928782871791 0.009216172354561942 0.04379691396440778 0.05442250147461891
0 0.4196087632860456 0.5239872932434082 0.006008148193359375 0.023981877735682895 0.05397719144821167
0 0.42083815165928434 0.5206217765808105 0.005573885781424386 0.020482642310006276 0.05250978097319603
0 0.38276995931352886 0.5286595140184674 0.006936413901192802 0.028987952641078403 0.051985956728458405
0 0.9263251168387276 0.5406974043164935 0.007541452135358538 0.031799180167061944 0.05169898644089699
