0 0.40849058968680246 0.5342053685869489 0.009423426219395228 0.0382411139351981 0.4800620973110199
0 0.41252946853637695 0.5312938008989606 0.009241955620901925 0.03738859721592495 0.43280017375946045
0 0.4035557338169643 0.5360242979867118 0.009661504200526647 0.03984945161002023 0.3756389915943146
0 0.41651766640799387 0.5287092072623116 0.00865837505885533 0.03479422841753278 0.30848637223243713
0 0.4193545069013323 0.5358803272247314 0.007881402969360352 0.0368163926260812 0.2333611100912094
0 0.39739976610456196 0.5390998295375279 0.010073150907244002 0.040951286043439596 0.2132553905248642
0 0.34614079339163645 0.5450357028416225 0.009799957275390625 0.03642967769077846 0.21087312698364258
0 0.3518320151737758 0.5448314802987235 0.00985724585396903 0.03571745327540806 0.20414291322231293
0 0.15333236966814315 0.5420916080474854 0.009156618799482073 0.0378481319972447 0.18690308928489685
0 0.14796921185084752 0.5421928678240094 0.009468248912266322 0.038017102650233676 0.1498744785785675
0 0.15747860499790736 0.5422258036477225 0.00914745671408517 0.037919316973005025 0.14828038215637207
0 0.42932564871651785 0.525543076651437 0.006612539291381836 0.02512594631740025 0.14305554330348969
0 0.3401174545288086 0.5454457827976772 0.009748050144740514 0.03647674833025251 0.13756078481674194
0 0.9999021802629743 0.514660085950579 0.00019563947405133928 0.1539121695927211 0.13549594581127167
0 0.35682283129010883 0.5444071974073138 0.009868451527186803 0.03612463814871652 0.11829157173633575
0 0.14410243715558732 0.5395950589861188 0.009246068341391427 0.03915940012250628 0.11594073474407196
0 0.42152721541268484 0.5243393353053502 0.008018902369907923 0.03348711558750698 0.11326364427804947
0 0.43527071816580637 0.5254240717206683 0.006641387939453125 0.02536606788635254 0.11241251230239868
0 0.1510749544416155 0.5314781325204032 0.008090649332318987 0.04335815565926688 0.11191562563180923
0 0.3353950636727469 0.5462617533547538 0.00952049664088658 0.034712723323277066 0.09137086570262909
0 0.08415067195892334 0.5420674937111991 0.007928873811449324 0.036307266780308316 0.08773375302553177
0 0.3896824972970145 0.5406744480133057 0.010128770555768694 0.041062627519880025 0.08059745281934738
0 0.140011089188712 0.5425043106079102 0.009422378880637032 0.03821114131382534 0.08053618669509888
0 0.42662504741123747 0.5207512378692627 0.0063822950635637555 0.024626527513776506 0.07655034214258194
0 0.5626365797860282 0.5344645295824323 0.00965745108468192 0.04441445214407785 0.07523460686206818
0 0.5674163273402623 0.536445038659232 0.009915385927472795 0.04665374755859375 0.0748327374458313
0 0.9141813686915806 0.5416925975254604 0.008804593767438616 0.039312192371913364 0.07389523088932037
0 0.571554320199149 0.5381315776279995 0.010124683380126953 0.04745827402387347 0.07384885102510452
0 0.36203411647251676 0.543665954044887 0.009949820382254464 0.037275688988821845 0.07111632078886032
0 0.0787076439176287 0.5389879771641323 0.007219076156616211 0.0330697808946882 0.07049048691987991
0 0.921804564339774 0.5411873544965472 0.008857113974434989 0.03978044646126883 0.0693066418170929
0 0.16274949482509068 0.5424696717943464 0.009107742990766252 0.037858894893101284 0.0685318186879158
0 0.1350935697555542 0.5426122120448521 0.009363251073019845 0.038043056215558736 0.06573078781366348
0 0.5565519673483712 0.527872119631086 0.008134910038539342 0.036208970206124444 0.06204535439610481
0 0.09092576163155693 0.5425699778965541 0.008123057229178292 0.03696329253060477 0.0602189302444458
0 0.4292283058166504 0.5387227875845773 0.008313689913068498 0.03768324851989746 0.06007833406329155
0 0.9094835008893695 0.5418102741241455 0.00873715536934989 0.039278575352260044 0.058625079691410065
0 0.36614506585257395 0.5469583443232945 0.010190044130597795 0.029756546020507812 0.05783422291278839
0 0.382685729435512 0.5409238679068429 0.010192258017403739 0.04067260878426688 0.057571522891521454
0 0.33048949922834125 0.5460701669965472 0.009213413511003767 0.03516953332083566 0.05701340734958649
0 0.5780549730573382 0.5381127766200474 0.010135718754359655 0.04743811062404087 0.056582286953926086
0 0.4419778415134975 0.5204871722630092 0.005940641675676618 0.021979127611432756 0.05639396980404854
0 0.13018204484667098 0.5426482813698905 0.009162945406777518 0.037768500191824775 0.05636926740407944
0 0.07496511084692818 0.5387604577200753 0.007183462381362915 0.03300748552594866 0.05507979542016983
0 0.37042951583862305 0.5417143957955497 0.010184117725917272 0.04013589450291225 0.05481800436973572
0 0.15567989008767263 0.5304974147251674 0.00824216433933803 0.044820547103881836 0.05468425899744034
0 0.4245069367544992 0.5214746338980538 0.007695368358067104 0.03666574614388602 0.05434436723589897
0 0.3753870555332729 0.5410547597067696 0.010240793228149414 0.040568760463169644 0.05432712659239769
0 0.12383839062282018 0.5426662308829171 0.008871444634028844 0.03749605587550572 0.05385664105415344
0 0.5353213718959263 0.5157111712864467 0.005615677152361188 0.022312538964407786 0.05380316078662872
0 0.9178240639822823 0.5470944813319615 0.008743762969970703 0.026628596442086355 0.053768035024404526
0 0.5500540733337402 0.5324551718575614 0.008669069835117884 0.04147955349513462 0.05180826038122177
0 0.10439522777284894 0.5472001688820975 0.00810391562325614 0.026353427342006137 0.05127306655049324
0 0.9271249771118164 0.5390241486685616 0.008486952100481306 0.04242287363324847 0.05062926560640335
0 0.06420564651489258 0.5351159232003349 0.006708030189786639 0.031053236552647183 0.05036168545484543
