0 0.3164310795920236 0.5471507481166294 0.008494513375418527 0.029732261385236467 0.11938067525625229
0 0.320030893598284 0.5460749353681292 0.008734907422746931 0.032395396913800924 0.1066017746925354
0 0.31070419720241 0.5474613053458077 0.008582319532121931 0.02926809447152274 0.09298412501811981
0 0.9254532541547503 0.5419597285134452 0.008616311209542411 0.04022932052612305 0.0882209837436676
0 0.10715033326830183 0.5465375355311802 0.00795959574835641 0.029994589941842214 0.08220064640045166
0 0.32596635818481445 0.5458035469055176 0.008249385016305106 0.032317127500261576 0.07832743227481842
0 0.39251463753836496 0.5321547303880964 0.006303412573678153 0.03070695059640067 0.07813820987939835
0 0.4065910748073033 0.5260933467320034 0.005395753043038505 0.022615603038242886 0.07201769202947617
0 0.39032098225184847 0.5326626982007708 0.006520101002284459 0.030636583055768694 0.06367785483598709
0 0.06521850824356079 0.5355738231113979 0.006403390850339617 0.029326779501778737 0.06357907503843307
0 0.9635610580444336 0.5312825611659459 0.00661052976335798 0.028008426938738142 0.06249776482582092
0 0.928631101335798 0.5431391511644635 0.008541720254080636 0.03737892423357282 0.056926429271698
0 0.09492445843560356 0.5451091357639858 0.007487773895263672 0.03158477374485561 0.05505887418985367
0 0.3941800594329834 0.5392225129263741 0.007084574018205915 0.03155003275190081 0.05458507686853409
0 0.39685133525303434 0.531679630279541 0.006313834871564593 0.030198744365147183 0.05455451086163521
0 0.4113644191196987 0.5258657591683524 0.005296945571899414 0.022388832909720286 0.05388590320944786
0 0.25873701913016184 0.5483264923095703 0.009128996304103307 0.028589657374790738 0.053169481456279755
0 0.9548425674438477 0.5369947978428432 0.00771611077444894 0.03529000282287598 0.05304074287414551
0 0.3835231236049107 0.5347903796604702 0.006905589784894671 0.032597133091517856 0.05260411277413368
0 0.06888130732945033 0.5387893404279437 0.0066558292933872765 0.030326230185372487 0.05256884917616844
0 0.10237363406590053 0.5457169669015067 0.008094114916665214 0.030722413744245256 0.05233359336853027
0 0.4065284729003906 0.5348467826843262 0.006599017551967076 0.031194993427821567 0.051616694778203964
