0 0.5753416333879743 0.5355739593505859 0.009436266762869698 0.051381587982177734 0.6320412755012512
0 0.5796740395682198 0.5349815232413155 0.009867600032261439 0.05028891563415527 0.6316306591033936
0 0.571312699999128 0.5355632645743233 0.009468589510236467 0.051927736827305386 0.6290582418441772
0 0.5868003708975655 0.5391888618469238 0.009452547345842634 0.04540337835039411 0.6254921555519104
0 0.5839828763689313 0.5282760688236782 0.009083747863769531 0.056100709097726006 0.5816119909286499
0 0.5658520289829799 0.5315807206290108 0.010284730366298131 0.05241921969822475 0.5636988878250122
0 0.35318619864327566 0.542771543775286 0.009713751929146903 0.0354738576071603 0.33019307255744934
0 0.8201516015189034 0.543034417288644 0.009204864501953125 0.03940415382385254 0.3075784146785736
0 0.5571365697043282 0.5329579625810895 0.01057297842843192 0.05190253257751465 0.30462130904197693
0 0.5936908721923828 0.5395939009530204 0.009419168744768416 0.04589506558009556 0.28994184732437134
0 0.8264320918491909 0.5430963039398193 0.009303569793701172 0.03875344140189035 0.27220457792282104
0 0.34538490431649344 0.5428031853267125 0.009515013013567244 0.03642157145908901 0.24464304745197296
0 0.5601169041224888 0.5252417155674526 0.008744001388549805 0.0409306458064488 0.2428147941827774
0 0.8173794065202985 0.548729521887643 0.009117739541190011 0.02713918685913086 0.23437245190143585
0 0.35876141275678364 0.542342117854527 0.009560925619942802 0.03567573002406529 0.21816888451576233
0 0.8560453823634556 0.5429181371416364 0.00934396471296038 0.03754990441458566 0.20403678715229034
0 0.5906467437744141 0.5282883644104004 0.008709430694580078 0.056432485580444336 0.1931735873222351
0 0.34981632232666016 0.537106820515224 0.009161131722586495 0.0400517327444894 0.19138464331626892
0 0.8610343933105469 0.541128431047712 0.009111949375697545 0.03819281714303153 0.1893356889486313
0 0.851414408002581 0.5431490285055978 0.009228502001081194 0.03792946679251535 0.18537259101867676
0 0.83263213293893 0.5432743344988141 0.009113175528390067 0.037393195288521905 0.17608928680419922
0 0.8400975636073521 0.5438906465257917 0.0091268675667899 0.037747587476457865 0.17261053621768951
0 0.7165493965148926 0.5452000073024205 0.009172848292759486 0.03556135722569057 0.17021696269512177
0 0.8454163415091378 0.543889045715332 0.008919034685407366 0.03847220965794155 0.1685871034860611
0 0.7120858601161412 0.5448534148080009 0.00989879880632673 0.035417488643101284 0.15945525467395782
0 0.5529678208487374 0.5243359974452427 0.008417129516601562 0.04001668521336147 0.15901823341846466
0 0.3403987543923514 0.5429998465946743 0.009402615683419364 0.03659963607788086 0.1554650515317917
0 0.867682865687779 0.5425404139927456 0.009213856288364955 0.038643326078142436 0.15530706942081451
0 0.7205194064549038 0.5442412921360561 0.008996691022600447 0.03740600177219936 0.1459508091211319
0 0.5979053633553642 0.5429813521248954 0.009143148149762834 0.035437549863542826 0.14132735133171082
0 0.705113274710519 0.5447017124720982 0.009840352194649833 0.03588986396789551 0.13570690155029297
0 0.8133807863507952 0.5429932389940534 0.00898327146257673 0.039219447544642856 0.1335555762052536
0 0.5418858528137207 0.5167358943394252 0.007264648165021624 0.02993743760245187 0.1308848112821579
0 0.5459502424512591 0.5193029471806118 0.0077773502894810265 0.03635658536638532 0.12920868396759033
0 0.5486803736005511 0.5345048904418945 0.00980475970676967 0.04800585338047573 0.12859876453876495
0 0.3637334959847586 0.5415970938546317 0.009441988808768136 0.03692970957074847 0.12641461193561554
0 0.549840007509504 0.5198992661067418 0.007918017251150948 0.037168570927211216 0.11439335346221924
0 0.3753906658717564 0.541649614061628 0.009242330278669084 0.03659571920122419 0.10945961624383926
0 0.3668755122593471 0.5470038141523089 0.010139022554670061 0.0281679630279541 0.10761623084545135
0 0.5363076414380755 0.5155175413404193 0.006465775626046317 0.02561875752040318 0.10589031130075455
0 0.37134967531476704 0.5416637488773891 0.009312425340924944 0.03673696517944336 0.1048625186085701
0 0.3354710510798863 0.5433981078011649 0.009349141802106584 0.03631424903869629 0.10297085344791412
0 0.3792612212044852 0.5389575958251953 0.008991616112845284 0.03616271700177874 0.09465265274047852
0 0.9570375170026507 0.5383189405713763 0.007599285670689174 0.03739098140171596 0.0917847603559494
0 0.7084297452654157 0.5529195921761649 0.010002272469656808 0.023196731294904436 0.08919854462146759
0 0.8744795663016183 0.54245696749006 0.009066377367292131 0.03950364249093192 0.08410634100437164
0 0.4275291306631906 0.5193799563816616 0.006539685385567802 0.023570707866123745 0.07898879051208496
0 0.6961566380092076 0.5443214688982282 0.010349886757986886 0.03713822364807129 0.07481066882610321
0 0.43317781175885883 0.5145423752920968 0.0059443541935512 0.02231832912990025 0.07442428171634674
0 0.7283480507986886 0.543628488268171 0.009268828800746374 0.03727201053074428 0.07415100187063217
0 0.7239931651524135 0.5406320435660226 0.009155409676688058 0.04050305911472866 0.07309319823980331
0 0.43005524362836567 0.5153552804674421 0.005877222333635602 0.023874895913260325 0.07218857109546661
0 0.4320512499128069 0.5229059968675885 0.007086038589477539 0.025706018720354353 0.0708698108792305
0 0.3847822461809431 0.5357702119009835 0.008677925382341658 0.03528196471078055 0.06941242516040802
0 0.2939463342939104 0.5446247373308454 0.009539059230259486 0.033445187977382114 0.06737540662288666
0 0.052910217217036655 0.5258265904017857 0.005324678761618478 0.023668391363961355 0.06693517416715622
0 0.5556050368717739 0.5170025825500488 0.007779461996895927 0.03729592050824847 0.06668462604284286
0 0.055813218866075785 0.5260543482644218 0.005348788840430123 0.024304185594831194 0.06600644439458847
0 0.2886106627328055 0.544701167515346 0.009489502225603377 0.033335481371198385 0.06563562154769897
0 0.9527373995099749 0.5431853703090123 0.007987499237060547 0.03292795589991978 0.0655498057603836
0 0.9452059609549386 0.5342975343976702 0.007533277784075055 0.03621704237801688 0.0648997500538826
0 0.6917858123779297 0.5449589320591518 0.010504450116838728 0.036733388900756836 0.06405868381261826
0 0.9413774354117257 0.5367815835135323 0.00763702392578125 0.03801332201276507 0.06381427496671677
0 0.3892348493848528 0.5346819673265729 0.008643014090401786 0.03433295658656529 0.0637434870004654
0 0.39440836225237164 0.5338726724897113 0.008588348116193498 0.033589260918753486 0.06322413682937622
0 0.058307490178516934 0.530343873160226 0.0061895932470049176 0.028596435274396623 0.06113884598016739
0 0.3275010585784912 0.5439425877162388 0.009442056928362166 0.03499211583818708 0.060876376926898956
0 0.06307692187173027 0.530991758619036 0.006193884781428746 0.029521635600498745 0.06080631539225578
0 0.26153765405927387 0.5448502813066755 0.009377564702715193 0.0339357852935791 0.06036604568362236
0 0.8713165010724749 0.5336155891418457 0.008172920772007533 0.042031867163521905 0.0598592534661293
0 0.9484927313668388 0.5328021049499512 0.007117612021309989 0.036715337208339145 0.05908238887786865
0 0.28420351232801166 0.5447339330400739 0.009435415267944336 0.03321565900530134 0.058958787471055984
0 0.4237758091517857 0.5201358795166016 0.006616762706211635 0.024016414369855608 0.05828214809298515
0 0.049304847206388204 0.5205334595271519 0.00467498813356672 0.02084480013166155 0.057949498295784
0 0.41485793249947683 0.5252116748264858 0.007248095103672573 0.026164940425327847 0.05756515637040138
0 0.43631751196725027 0.5148272514343262 0.005904981068202427 0.023426294326782227 0.057385724037885666
0 0.2663027899605887 0.5447968074253627 0.00935866151537214 0.033818210874285014 0.056874413043260574
0 0.25682333537510466 0.5448213985988072 0.009395105498177665 0.033910002027239115 0.05667391046881676
0 0.27969844000680105 0.5447515760149274 0.009357946259634835 0.03330901690891811 0.0559859462082386
0 0.39803450448172434 0.5332012857709613 0.00843804223196847 0.033297027860369 0.055540651082992554
0 0.06578903538840157 0.5312105246952602 0.0061884139265332904 0.029920578002929688 0.05553032085299492
0 0.2754021031515939 0.5447593757084438 0.009280204772949219 0.03359270095825195 0.05456326901912689
0 0.2706835951123919 0.5447364534650531 0.00930636269705636 0.03371071815490723 0.05409406125545502
0 0.1160379137311663 0.5406538758959089 0.008171507290431432 0.037022454398018975 0.05409315600991249
0 0.680628912789481 0.5458739485059466 0.0097829954964774 0.03647702080862863 0.05369052290916443
0 0.7340101514543805 0.5434467451913017 0.0093057496207101 0.037206717899867466 0.05353502184152603
0 0.29974426542009625 0.5445711612701416 0.009584120341709681 0.033571992601667135 0.052548110485076904
0 0.9373948233468192 0.5391719681876046 0.007983548300606864 0.03930068016052246 0.05234143137931824
0 0.6014142717633929 0.5399731227329799 0.009470939636230469 0.04622742107936314 0.05225309357047081
0 0.06985229253768921 0.5350057056971959 0.006502219608851841 0.03127850805010114 0.05184713378548622
0 0.8778486251831055 0.5389880452837262 0.00856433595929827 0.03973167283194406 0.051524288952350616
0 0.11247730255126953 0.5405205317905971 0.008005108152117048 0.03655525616237095 0.05141681805253029
0 0.046803840569087436 0.525411742074149 0.005342615502221244 0.02420708111354283 0.05118138715624809
0 0.09078676359994071 0.5404569762093681 0.00771970408303397 0.03466064589364188 0.05032612010836601
0 0.685136250087193 0.5458616529192243 0.010203089032854353 0.03753175054277692 0.05004638433456421
