0 0.052743839366095405 0.529911960874285 0.005900374480656215 0.027975150517054966 0.11562909185886383
0 0.045921146869659424 0.525061845779419 0.005124769040516445 0.023304734911237444 0.11134699732065201
0 0.05613966499056135 0.5301802158355713 0.005888359887259347 0.02826547622680664 0.11076028645038605
0 0.04841067961284092 0.5292372703552246 0.005972926105771746 0.028086560113089427 0.0991896390914917
0 0.059149588857378275 0.5341934476579938 0.006265495504651751 0.029805830546787808 0.09640306234359741
0 0.06209831578390939 0.5344136442456927 0.006208636931010655 0.03014441898890904 0.09470348060131073
0 0.04333068643297468 0.5250421932765416 0.005163537604468209 0.02400262015206473 0.09316310286521912
0 0.06506666115352086 0.5345651081630162 0.006149415458951678 0.03050051416669573 0.09027355909347534
0 0.040667550904410224 0.5247781617300851 0.005097521202904838 0.024423020226614817 0.08156269788742065
0 0.05046905790056501 0.533393212727138 0.006356464965002877 0.02990239007132394 0.0738133117556572
0 0.26230588981083464 0.5467483656747001 0.009388889585222517 0.03194168635777065 0.07302600145339966
0 0.09309227977480207 0.5416445732116699 0.007303697722298759 0.03515969003949847 0.07302208989858627
0 0.07112374476024083 0.5379862104143415 0.006626337766647339 0.032664128712245395 0.07051265239715576
0 0.266751800264631 0.5452955790928432 0.008959582873753138 0.034219980239868164 0.07028575986623764
0 0.08836643184934344 0.541489737374442 0.007265738078526088 0.0351217474256243 0.06979412585496902
0 0.5753647940499442 0.5400902203151158 0.008982045309884208 0.04295805522373745 0.06917272508144379
0 0.5714528220040458 0.5400099754333496 0.008942501885550362 0.04289126396179199 0.0683310255408287
0 0.05258727925164359 0.5202905109950474 0.004429046596799578 0.020908662251063755 0.06586626172065735
0 0.04769083431788853 0.5202078819274902 0.004507026502064296 0.020860229219709123 0.06492485851049423
0 0.08422034978866577 0.5413257053920201 0.007275428090776716 0.03508196558271136 0.06138203665614128
0 0.5798537390572684 0.5400791849408831 0.00896521977015904 0.04298036439078195 0.05935387685894966
0 0.5638344628470284 0.5373509270804269 0.00868293217250279 0.04239709036690848 0.05906369537115097
0 0.961756842476981 0.531796932220459 0.0074920654296875 0.03377624920436314 0.0585341602563858
0 0.08002839769635882 0.5412118775503976 0.007317806993212018 0.034984077726091654 0.05837097018957138
0 0.5675659860883441 0.5399825913565499 0.008876936776297433 0.04305216244288853 0.058084383606910706
0 0.06782590917178563 0.5403528213500977 0.007089785167149135 0.033172471182686944 0.05793923884630203
0 0.5553037779671806 0.5276472909109933 0.006872790200369698 0.033321993691580634 0.0576893649995327
0 0.5605049133300781 0.5314179147992816 0.007979869842529297 0.038828679493495395 0.0568682886660099
0 0.07422263281685966 0.54069641658238 0.006992105926786151 0.03438850811549595 0.055098507553339005
0 0.5500525747026715 0.5212883949279785 0.005706718989780971 0.026333093643188477 0.05486707389354706
0 0.27180215290614534 0.545431205204555 0.008880530084882463 0.033781426293509345 0.054812993854284286
0 0.9645658220563617 0.5271530832563128 0.006601606096540179 0.030745608466012136 0.054338812828063965
0 0.35641394342694965 0.5447488171713692 0.008808817182268416 0.03351218359810965 0.053751371800899506
0 0.6410811969212123 0.5439543042864118 0.009392057146344866 0.0357792718069894 0.05360722169280052
0 0.6367286273411342 0.5436196327209473 0.009356362479073661 0.036125625882829936 0.0535389706492424
0 0.4378866127559117 0.5201208591461182 0.004497528076171875 0.01842355728149414 0.053307510912418365
0 0.09852806159428187 0.5420617035457066 0.007413966315133231 0.03509773526872907 0.05312097445130348
0 0.9674585887363979 0.5272678307124546 0.0065016065325055805 0.02954047066824777 0.05299031734466553
0 0.4398480142865862 0.5198815890720913 0.00448676518031529 0.01803619521004813 0.05291929095983505
0 0.546550955091204 0.5211186408996582 0.005651712417602539 0.026063408170427595 0.05286745727062225
0 0.6020774841308594 0.54135833467756 0.009125096457345145 0.04007789066859654 0.052509572356939316
0 0.03711424555097308 0.5276880945478167 0.005576352987970624 0.02924459321158273 0.051997110247612
0 0.5959601402282715 0.5410428047180176 0.009059224809919084 0.040540524891444614 0.050008732825517654
