0 0.9747655051095145 0.5259542805807931 0.005598953792027065 0.027500152587890625 0.2051774263381958
0 0.9783209392002651 0.5217259952000209 0.005182538713727679 0.02620666367667062 0.17511264979839325
0 0.3847125257764544 0.5422171183994838 0.009140559605189733 0.03682303428649902 0.1692325919866562
0 0.9817041669573102 0.5217694895608085 0.005000455038888114 0.025295189448765347 0.15773731470108032
0 0.3901446887425014 0.5419560159955706 0.009008714130946569 0.037010635648454936 0.15343055129051208
0 0.38039112091064453 0.5421762466430664 0.009106227329799108 0.036852427891322544 0.1501711755990982
0 0.09250455243246895 0.5429648331233433 0.007916697434016637 0.034489222935267856 0.14772386848926544
0 0.08890337603432792 0.5428291388920375 0.007916731493813651 0.03462988989693778 0.140814408659935
0 0.09602726357323783 0.5431048188890729 0.007858753204345703 0.03448602131434849 0.14004498720169067
0 0.9592718396868024 0.5376405034746442 0.007617337363106864 0.037597792489188056 0.13763828575611115
0 0.6245021138872419 0.5448574338640485 0.009341103690011161 0.035309825624738424 0.13753660023212433
0 0.9665897233145577 0.5303058964865548 0.006922449384416852 0.033506529671805244 0.13494957983493805
0 0.6294140134538923 0.546163831438337 0.00951031276157924 0.033744607652936666 0.1327984482049942
0 0.9721942629132952 0.5337345940726144 0.00656815937587193 0.03452634811401367 0.12729118764400482
0 0.10005501338413783 0.5431665693010602 0.00785656486238752 0.03451425688607352 0.12633074820041656
0 0.9631095613752093 0.5305198941911969 0.006780283791678292 0.034387826919555664 0.12324025481939316
0 0.9690470695495605 0.5259989329746791 0.006023270743233817 0.02909255027770996 0.12247315794229507
0 0.956202779497419 0.5406829289027623 0.008168084280831473 0.037787675857543945 0.12157654017210007
0 0.8745354243687221 0.5465385573250907 0.010370322636195592 0.0319974422454834 0.11951681226491928
0 0.39532395771571566 0.538269077028547 0.008308853421892439 0.037182467324393134 0.1170872151851654
0 0.6178515298025948 0.5446551867893764 0.009159973689488001 0.03539419174194336 0.1147257387638092
0 0.3730440820966448 0.5428432055882045 0.009224176406860352 0.036625214985438755 0.11298336088657379
0 0.08519543920244489 0.5422999518258231 0.007664109979357038 0.03511786460876465 0.11082209646701813
0 0.10383450984954834 0.5434534209115165 0.007973015308380127 0.034631047930036275 0.11022939532995224
0 0.03817988293511527 0.524224076952253 0.005087890795298985 0.024541139602661133 0.10889062285423279
0 0.6335112707955497 0.545414788382394 0.009750843048095703 0.0340383734021868 0.10874707996845245
0 0.6205863952636719 0.5509340422494071 0.00903177261352539 0.02393637384687151 0.10608979314565659
0 0.04585633959089007 0.5247703279767718 0.004871432270322528 0.02289084025791713 0.10295222699642181
0 0.8803300857543945 0.5452895164489746 0.010434218815394811 0.033394847597394674 0.10081920772790909
0 0.043159650904791694 0.5195174557822091 0.004131879125322614 0.020100321088518416 0.09803403168916702
0 0.36865718024117605 0.5436017172677177 0.009388583047049386 0.035895075116838725 0.09803251922130585
0 0.1410554391997201 0.5451287201472691 0.009526814733232771 0.034196172441755025 0.0979689434170723
0 0.6134726660592216 0.5445029054369245 0.00899369376046317 0.03559051241193499 0.09783528000116348
0 0.9491560799734933 0.5412688255310059 0.008270059313092912 0.03655661855425153 0.09696101397275925
0 0.8682870864868164 0.5466517039707729 0.010626997266496931 0.03186706134251186 0.0962352603673935
0 0.39900827407836914 0.5386627061026437 0.007997001920427595 0.03575076375688825 0.09489858150482178
0 0.9446634565080915 0.5414459705352783 0.008275440761021205 0.03631796155657087 0.09419546276330948
0 0.9533476148332868 0.5329939297267369 0.007331235068184989 0.03555291039603097 0.09369197487831116
0 0.9397839137486049 0.5415549278259277 0.008256231035505022 0.03620668819972447 0.09252739697694778
0 0.10811501741409302 0.5437614577157157 0.008162038666861398 0.03479933738708496 0.09158291667699814
0 0.935197285243443 0.5420032228742327 0.008290835789271764 0.036147083554949076 0.08570276945829391
0 0.8855142593383789 0.5451537540980748 0.010195800236293249 0.03374600410461426 0.08178950846195221
0 0.1486968994140625 0.5451600892203194 0.009677273886544364 0.03340567861284528 0.08091224730014801
0 0.929281302860805 0.5425491673605782 0.008406639099121094 0.03584350858415876 0.08040142059326172
0 0.9696145057678223 0.540311370577131 0.007442474365234375 0.037398065839494975 0.0794258862733841
0 0.9647654124668666 0.5418022700718471 0.007865156446184431 0.03963235446384975 0.07875462621450424
0 0.08188058648790632 0.541555540902274 0.007372191974094936 0.03530962126595633 0.07855507731437683
0 0.8900410788399833 0.545123781476702 0.01012277603149414 0.03380043166024344 0.07778024673461914
0 0.13630499158586776 0.5451324326651437 0.009551755019596644 0.03442222731454032 0.07730674743652344
0 0.6074010985238212 0.5437941551208496 0.008681297302246094 0.03574320248195103 0.07700258493423462
0 0.04814273118972778 0.5197818619864327 0.0040456099169594905 0.019921949931553433 0.0761328786611557
0 0.03687693391527448 0.5150596073695591 0.0034710317850112915 0.0188711370740618 0.07310569286346436
0 0.9855339867728097 0.5217690467834473 0.004843439374651227 0.024814503533499583 0.07296928018331528
0 0.8950842448643276 0.5450906412942069 0.010080269404820033 0.033812250409807475 0.07209056615829468
0 0.863448006766183 0.5466300419398716 0.010588032858712333 0.03187864167349679 0.07201071828603745
0 0.14413126877376012 0.5515580177307129 0.009627171925136022 0.022863830838884627 0.07103288918733597
0 0.03973636456898281 0.5153314045497349 0.0036695003509521484 0.019405467169625417 0.07101169228553772
0 0.4027857780456543 0.5383806909833636 0.008006129946027483 0.03576438767569406 0.07045428454875946
0 0.6389774594988141 0.545454740524292 0.009773594992501395 0.0339292117527553 0.06904736906290054
0 0.11306819745472499 0.5443146228790283 0.008728538240705217 0.03463942664010184 0.06869114935398102
0 0.3620650427682059 0.5441881247929165 0.009599311011178153 0.03523683547973633 0.0683416873216629
0 0.04935888733182635 0.5293619292122977 0.005839909826006208 0.028828893389020647 0.06446515768766403
0 0.9218711853027344 0.5436211994716099 0.00916140420096261 0.03454102788652692 0.0642891451716423
0 0.13188530717577254 0.5451733044215611 0.00958921228136335 0.03449140276227679 0.0627046450972557
0 0.9008122171674456 0.5450661863599505 0.010106359209333147 0.03382389886038644 0.06026868522167206
0 0.03444647576127734 0.5150597776685443 0.0033656912190573557 0.018676825932094028 0.060176268219947815
0 0.9327865328107562 0.5487526484898159 0.008839402879987444 0.025189127240862166 0.058429017663002014
0 0.052304978881563456 0.5296791621616909 0.0058323826108660016 0.028995752334594727 0.05837055295705795
0 0.12724495785576956 0.5451890400477818 0.009524788175310408 0.03459245818001883 0.057505570352077484
0 0.11951647486005511 0.5448132923671177 0.009260066917964391 0.03461854798453195 0.05749991908669472
0 0.9533182552882603 0.5479826927185059 0.009094374520438058 0.02586334092276437 0.05739268660545349
0 0.14536975111280168 0.5387998649052211 0.00943582398550851 0.04201248713902065 0.05734547600150108
0 0.8299023764474052 0.5468051774161202 0.010203565870012556 0.031400237764631 0.05711500719189644
0 0.835319995880127 0.5454252787998745 0.01022475106375558 0.03313377925327846 0.05689530074596405
0 0.31717327662876676 0.5454207147870745 0.00984961645943778 0.03310091154915946 0.05619797855615616
0 0.15354953493390763 0.5466476167951312 0.009802188192095076 0.0315706729888916 0.055487290024757385
0 0.4073216233934675 0.5381652287074498 0.008012567247663225 0.03573850222996303 0.055294543504714966
0 0.40507796832493376 0.5286731038774762 0.006679534912109375 0.029435804912022183 0.05478836968541145
0 0.8579620633806501 0.5465690749032157 0.010506016867501395 0.03185044016156878 0.05445018783211708
0 0.32369089126586914 0.5469049726213727 0.010015181132725306 0.03224754333496094 0.05370047315955162
0 0.6042474337986538 0.5479344640459333 0.008435930524553572 0.0262054375239781 0.05338723585009575
0 0.9121044703892299 0.5445654051644462 0.009816237858363561 0.033838203975132534 0.053290799260139465
0 0.04186288799558367 0.5154901232038226 0.003966812576566424 0.02042320796421596 0.0532790832221508
0 0.313002416065761 0.5469092300959996 0.009807586669921875 0.03159196036202567 0.0524713359773159
0 0.3877128873552595 0.5319451604570661 0.008089917046683175 0.0373650278363909 0.05096205696463585
