0 0.3993924345288958 0.5301709175109863 0.008103166307721819 0.03248006956917899 0.6156293749809265
0 0.4020218849182129 0.5379103251865932 0.008940322058541434 0.03929189273289272 0.47512370347976685
0 0.39584180286952425 0.5299673761640277 0.007934876850673131 0.03284941400800433 0.427856981754303
0 0.4041887010846819 0.5217313425881522 0.0066144466400146484 0.02742276872907366 0.420656681060791
0 0.40881851741245817 0.5321440696716309 0.0077195848737444195 0.03597603525434222 0.3977097272872925
0 0.5394528593335833 0.5155081748962402 0.005895001547677177 0.024888992309570312 0.37847718596458435
0 0.5372199671609061 0.5209052903311593 0.007186344691685268 0.031057051249912808 0.35028526186943054
0 0.9572765486580985 0.5342018263680595 0.006716728210449219 0.03592596735273089 0.318527489900589
0 0.4076920918055943 0.5215140751429966 0.0065228939056396484 0.02704916681562151 0.3134123682975769
0 0.5338897364480155 0.520721401487078 0.007229055677141462 0.03106348855154855 0.29671600461006165
0 0.5409977095467704 0.5246237346104213 0.00790541512625558 0.03392509051731655 0.25670894980430603
0 0.5307988439287458 0.5205944606236049 0.007246937070574079 0.03111093384878976 0.21530002355575562
0 0.3924949509756906 0.5330251966203962 0.008289030620029994 0.03529538427080427 0.19812358915805817
0 0.39835078375680105 0.5441751820700509 0.009961400713239397 0.028269427163260325 0.1969286948442459
0 0.95921448298863 0.527066707611084 0.006036349705287388 0.02986727442060198 0.19511055946350098
0 0.5324695450919015 0.5126754896981376 0.0062111786433628625 0.02725815773010254 0.19266222417354584
0 0.4106623445238386 0.5212315491267613 0.006439413343157087 0.026591709681919644 0.19108080863952637
0 0.9547676358904157 0.5304984705788749 0.006733417510986328 0.034849848066057475 0.1736757457256317
0 0.40568474360874723 0.5424604415893555 0.009616374969482422 0.03266218730381557 0.16954481601715088
0 0.9602361406598773 0.5399995871952602 0.007869311741420202 0.040988104684012275 0.16033926606178284
0 0.5438182694571358 0.5303201675415039 0.009124244962419783 0.0431844847542899 0.14945951104164124
0 0.41157892772129606 0.5371644837515694 0.008457626615251814 0.04045196941920689 0.14433902502059937
0 0.9509439468383789 0.5383924756731305 0.00734022685459682 0.03914400509425572 0.13118335604667664
0 0.3941141196659633 0.5443152359553746 0.009906768798828125 0.02837508065359933 0.1280495971441269
0 0.5465209143502372 0.5173113686697823 0.006903069359915597 0.03350373676845005 0.11894647777080536
0 0.5229978220803397 0.5191783223833356 0.006508009774344308 0.02611511094229562 0.11278810352087021
0 0.5476275852748326 0.5332519667489188 0.009549243109566825 0.046411684581211636 0.1011253297328949
0 0.1416816030229841 0.544642584664481 0.008671692439488001 0.03514177458626883 0.09627708047628403
0 0.9474930763244629 0.5379771505083356 0.007632119315011161 0.03933845247541155 0.09584715217351913
0 0.4151243141719273 0.5210344450814384 0.006367955889020648 0.026235410145350864 0.08846569061279297
0 0.14669729982103621 0.5462277276175362 0.008934046540941511 0.03343473161969866 0.08820155262947083
0 0.5433938843863351 0.5134148597717285 0.006775072642735073 0.03860116004943848 0.088111512362957
0 0.1373554127556937 0.5443063122885567 0.008659115859440394 0.035244601113455634 0.08411476016044617
0 0.5244547980172294 0.5113508360726493 0.005237647465297154 0.022282430103846958 0.0830249935388565
0 0.38570683343069895 0.5385759217398507 0.009042978286743164 0.039158991404942105 0.08229189366102219
0 0.41918039321899414 0.5281430993761335 0.007394075393676758 0.03389167785644531 0.08172056823968887
0 0.0573384165763855 0.5256733894348145 0.005108846085412162 0.02303344862801688 0.08100622147321701
0 0.06072415624346052 0.530442646571568 0.006051425422940936 0.028347253799438477 0.08057539165019989
0 0.06335909877504621 0.530757120677403 0.006087226527077811 0.0284055301121303 0.0792575404047966
0 0.9652610506330218 0.5226712226867676 0.005337647029331752 0.026457820619855608 0.07741394639015198
0 0.06986076491219657 0.5349119050162179 0.006467768124171666 0.030073165893554688 0.07630810886621475
0 0.054563939571380615 0.5255914075034005 0.0051143041678837365 0.022761072431291853 0.07558441907167435
0 0.5367957523890904 0.5342914717538017 0.010007483618600028 0.04954307419913156 0.07501904666423798
0 0.37962634222848074 0.5401857239859444 0.008776630674089705 0.03862404823303223 0.07495934516191483
0 0.08203639302934919 0.5411390577043805 0.007423136915479388 0.034071343285696845 0.07420007884502411
0 0.551647390638079 0.5355334963117327 0.00977189200265067 0.04797707285199847 0.07391897588968277
0 0.06694866503987994 0.5310100146702358 0.006079673767089844 0.02854193959917341 0.07294082641601562
0 0.09456421647753034 0.5416990348270961 0.007612815925053188 0.0353877203805106 0.07184720039367676
0 0.09965085983276367 0.5417842864990234 0.007662398474557059 0.03535652160644531 0.07143557816743851
0 0.961740221296038 0.5224175453186035 0.005209309714181083 0.026822124208722795 0.0714232474565506
0 0.09049197605678014 0.5416465486798968 0.007575741836002895 0.03534082004002163 0.07123860716819763
0 0.08669003418513707 0.5416121482849121 0.007584537778581891 0.0351895945412772 0.07123498618602753
0 0.07767398016793388 0.5384986741202218 0.006912853036608014 0.03293047632489886 0.07064928859472275
0 0.07290258577891759 0.5354339054652623 0.006406937326703753 0.03177680288042341 0.07032108306884766
0 0.3886728967939104 0.5443775653839111 0.009833369936261858 0.028331892830984935 0.07018900662660599
0 0.1507481336593628 0.5452643803187779 0.008783238274710519 0.0346334661756243 0.06946374475955963
0 0.13265972478049143 0.5443030766078404 0.008690493447440011 0.035253899438040595 0.06898406893014908
0 0.5524394852774483 0.5214087622506278 0.007347822189331055 0.03414825030735561 0.06838495284318924
0 0.05189497981752668 0.5256177357264927 0.00523249592099871 0.022469418389456614 0.06812901049852371
0 0.3758535385131836 0.5416813237326485 0.0090505736214774 0.03701714106968471 0.06723014265298843
0 0.943638665335519 0.5348715782165527 0.006559167589460101 0.03586329732622419 0.0658571794629097
0 0.42382870401654926 0.5249131407056536 0.0066574641636439735 0.026957580021449497 0.06439419090747833
0 0.10490804059164864 0.5421577521732875 0.007781812122889927 0.035411017281668525 0.06382933259010315
0 0.04387704389435904 0.5249436242239816 0.004950216838291713 0.022722380501883372 0.06297429651021957
0 0.128639817237854 0.5442299842834473 0.008644129548754011 0.03553060122898647 0.0628511905670166
0 0.9405096599033901 0.5395172664097377 0.007148878914969308 0.03893767084394183 0.05992621183395386
0 0.8494526999337333 0.5441851615905762 0.008209569113595145 0.0350008351462228 0.05976637452840805
0 0.3688274451664516 0.5429204191480365 0.009427274976457869 0.035782269069126675 0.05933944880962372
0 0.8564166341509137 0.5443402699061802 0.008092335292271205 0.03494429588317871 0.059286393225193024
0 0.4157197134835379 0.5383023193904332 0.008760997227260045 0.04226800373622349 0.05924147367477417
0 0.12454743044716972 0.5441115924290248 0.008575379848480225 0.03582406044006348 0.05894484370946884
0 0.04704547779900687 0.5249319757734027 0.004897624254226685 0.022643974849155972 0.05884945020079613
0 0.05591091087886265 0.5332106522151402 0.006146060568945748 0.02953536169869559 0.05875954404473305
0 0.03905914510999407 0.5204565865652901 0.004464421953473773 0.020037923540387834 0.05633457005023956
0 0.42703475270952496 0.5248520033700126 0.006588050297328404 0.026881115777151927 0.05572010204195976
0 0.8600962502615792 0.5443466050284249 0.008118425096784319 0.034828356334141324 0.055710744112730026
0 0.10940871919904437 0.542625904083252 0.007867072309766496 0.03560600961957659 0.05440147966146469
0 0.07564072949545723 0.5317576612745013 0.0063252363886152 0.03174822671072824 0.053631700575351715
0 0.8426666259765625 0.5441601276397705 0.008179937090192522 0.03504882540021624 0.05320877954363823
0 0.5311264310564313 0.5337931769234794 0.009387731552124023 0.04614983286176409 0.05256203934550285
0 0.10265307767050606 0.5341114316667829 0.006908399718148368 0.034182650702340264 0.05250582471489906
0 0.8130598068237305 0.5444855690002441 0.008424690791538783 0.034632512501307895 0.051207490265369415
0 0.4128593717302595 0.5196538652692523 0.005558456693376813 0.03583243915012905 0.05058431625366211
0 0.817239625113351 0.5443980353219169 0.008450780596051897 0.034694126674107144 0.05050363019108772
0 0.5493883405412946 0.5148766721997943 0.006853342056274414 0.03653866904122489 0.050203170627355576
0 0.1192690474646432 0.5436933381216866 0.008384227752685547 0.03591949599129813 0.05019685626029968
