0 0.39907959529331755 0.533104487827846 0.007183551788330078 0.03305871146065848 0.1648366004228592
0 0.9551074845450265 0.5339153153555733 0.006676946367536273 0.032254116875784736 0.133763387799263
0 0.930943216596331 0.5336160659790039 0.007227761404854911 0.037208352770124166 0.13262200355529785
0 0.3930438246045794 0.5332440989358085 0.007287911006382534 0.0330442019871303 0.13093231618404388
0 0.3793414320264544 0.5366256577627999 0.007584708077566964 0.03475526400974819 0.1271056979894638
0 0.36968776157924105 0.5363400663648333 0.00782677105494908 0.035448823656354635 0.1256658285856247
0 0.9277774265834263 0.539367846080235 0.008371421269008092 0.044207913534981866 0.1217532753944397
0 0.3961174488067627 0.5289030756269183 0.007219995771135602 0.03202690396990095 0.08865746110677719
0 0.3864498479025705 0.5361678940909249 0.007556165967668805 0.033713579177856445 0.08824893832206726
0 0.08630732127598353 0.5362997736249652 0.006342981542859759 0.028368234634399414 0.08662662655115128
0 0.4002469267163958 0.5251688276018415 0.005990777696881976 0.02434509141104562 0.08234469592571259
0 0.08214247226715088 0.5391278266906738 0.0067849499838692805 0.028329542704990933 0.08049013465642929
0 0.5622433934892926 0.5379088606153216 0.00956167493547712 0.04645933423723493 0.08011624217033386
0 0.09085558993475777 0.5379382542201451 0.006501231874738421 0.0301147529057094 0.0798494964838028
0 0.5766970089503697 0.5397183554513114 0.009780611310686384 0.04788977759225028 0.07831783592700958
0 0.09505982058388847 0.5382415226527623 0.006917153085981097 0.030533347811017717 0.07669094204902649
0 0.4092074121747698 0.5240940366472516 0.006154264722551618 0.023479700088500977 0.07668866217136383
0 0.43510825293404715 0.5190749168395996 0.005185399736676898 0.017413718359810964 0.07445865124464035
0 0.3730104991367885 0.5388689381735665 0.008001157215663366 0.03447648457118443 0.06930524110794067
0 0.41403075626918245 0.5240753037588937 0.006122044154575893 0.023250886372157505 0.06655235588550568
0 0.10212222167423793 0.53884186063494 0.007398639406476702 0.03201130458286831 0.06634855270385742
0 0.40418107169015066 0.5246633802141462 0.0060705457414899555 0.024183171136038645 0.06412306427955627
0 0.40219623701913015 0.5287584577287946 0.007211617061070034 0.03188157081604004 0.0631827786564827
0 0.9458642687116351 0.5365893159593854 0.00749131611415318 0.037240845816476006 0.06120167672634125
0 0.5878500257219587 0.5390981265476772 0.01011664526803153 0.046102898461478095 0.059987761080265045
0 0.9501281465802874 0.5362893513270787 0.007273742130824498 0.03807268823896136 0.05925513058900833
0 0.3833285740443638 0.5341062886374337 0.007413148880004883 0.034437315804617744 0.058824509382247925
0 0.5701198918478829 0.5394202641078404 0.009709835052490234 0.047902890614100864 0.058039017021656036
0 0.4108919416155134 0.5322679792131696 0.0071942806243896484 0.032508407320295064 0.05693775415420532
0 0.40623630796160015 0.5285852296011788 0.007015296391078404 0.031631912503923686 0.05463768541812897
0 0.37707628522600445 0.5392330714634487 0.007799386978149414 0.03526146071297782 0.054623931646347046
0 0.5258310862949916 0.5162256785801479 0.005387953349522182 0.020866564341953824 0.054292965680360794
0 0.5809614998953683 0.5403885160173688 0.009887082236153739 0.04671965326581683 0.05396546050906181
0 0.41103717258998324 0.5203033515385219 0.005426474979945591 0.020071029663085938 0.05325726047158241
0 0.5428144591195243 0.5225328377314976 0.0067789554595947266 0.03180183683122907 0.050380025058984756
