0 0.9579272951398577 0.5307031699589321 0.006477151598249163 0.03214338847569057 0.14309100806713104
0 0.9309729167393276 0.5414467198508126 0.008529526846749442 0.04046242577689035 0.13090550899505615
0 0.9255270276750837 0.5413685526166644 0.008485112871442522 0.04015214102608817 0.1259700357913971
0 0.956064088003976 0.527144227709089 0.005891391209193638 0.027216945375714983 0.11940114200115204
0 0.3930323464529855 0.5359122412545341 0.007033211844308036 0.032258612768990655 0.1066293939948082
0 0.9530472074236188 0.5335369450705392 0.007403578077043805 0.037445204598563056 0.09526088088750839
0 0.9199038233075824 0.5413318702152797 0.008501734052385603 0.04030016490391323 0.08886914700269699
0 0.9605001722063337 0.5298380170549665 0.006296975272042411 0.03206236021859305 0.08163256198167801
0 0.9506510325840541 0.5399011203220913 0.008035591670445033 0.03748229571751186 0.08162830770015717
0 0.9228041512625558 0.5419646331242153 0.008461747850690569 0.03874397277832031 0.07835762947797775
0 0.9563538687569755 0.54100387437003 0.00712169919695173 0.03627729415893555 0.07420263439416885
0 0.06738617590495519 0.5367681639535087 0.00660725576536996 0.0323704651423863 0.07239047437906265
0 0.9338149343218122 0.5400448526654925 0.008082117353166853 0.03734421730041504 0.0711621344089508
0 0.9418724605015346 0.5379106657845634 0.007753440311976841 0.03851737294878278 0.06948840618133545
0 0.5877965518406459 0.5421093532017299 0.008802005222865514 0.037505933216639926 0.06873659789562225
0 0.9161649431501117 0.5440632275172642 0.008322579520089286 0.034849234989711216 0.06410107761621475
0 0.8929594584873745 0.5468154634748187 0.0080740111214774 0.0301058292388916 0.061113785952329636
0 0.5907708576747349 0.5426592826843262 0.008578504834856306 0.037585360663277764 0.060632143169641495
0 0.9630545888628278 0.5311915533883231 0.006605557032993862 0.034343412944248745 0.059461865574121475
0 0.8854062216622489 0.5474505424499512 0.008287497929164342 0.029272522245134627 0.05825435742735863
0 0.9463913781302316 0.5401120867047992 0.007981572832380022 0.037401744297572544 0.05567556247115135
0 0.6136389459882464 0.5460004465920585 0.008469854082380022 0.03125231606619699 0.05415695533156395
0 0.10862523317337036 0.5384986060006278 0.008084603718348913 0.033528293882097514 0.05332471802830696
0 0.9109366280691964 0.5441951411111015 0.008401802607945033 0.0359539304460798 0.051153514534235
0 0.6085759571620396 0.5461671692984444 0.00833742959158761 0.031191655567714145 0.051149092614650726
