0 0.9413768904549735 0.5404580320630755 0.0071947915213448664 0.03712742669241769 0.25051388144493103
0 0.9390138217381069 0.5480572836739677 0.0073937007359095985 0.025439534868512834 0.2393404096364975
0 0.9360253470284599 0.5411431448800224 0.007189137595040458 0.03680488041469029 0.22382256388664246
0 0.9329844883510044 0.5424064908708844 0.007092271532331195 0.03648965699332101 0.1999698281288147
0 0.9459314346313477 0.5373922756740025 0.007261480603899274 0.03670985358101981 0.18289829790592194
0 0.9301448549543109 0.5446100916181292 0.007275513240269252 0.03552307401384626 0.16684940457344055
0 0.7842012814113072 0.5416952201298305 0.008384977068219866 0.03857755661010742 0.16035409271717072
0 0.7903562273297992 0.5416659968239921 0.008207048688616072 0.038834844316755025 0.159322589635849
0 0.9578063828604562 0.5397650854928153 0.007727350507463727 0.03743202345711844 0.15087080001831055
0 0.9543940680367606 0.5412608555385044 0.00779036113194057 0.03868140493120466 0.146702840924263
0 0.925929069519043 0.5444729328155518 0.007511615753173828 0.03548485892159598 0.14656253159046173
0 0.9632618767874581 0.5367025647844587 0.00794846670968192 0.038903815405709405 0.13172422349452972
0 0.3821188381740025 0.5380608354296003 0.00816481454031808 0.034666129520961216 0.12670786678791046
0 0.7940522602626255 0.5420547553471157 0.008363791874476842 0.03918906620570591 0.1167525053024292
0 0.7870686394827706 0.5328936576843262 0.007610934121268136 0.04094862937927246 0.11520729959011078
0 0.9508602959769112 0.5340690272194999 0.0073293958391462055 0.03593901225498745 0.11010492593050003
0 0.3902909755706787 0.5302649906703404 0.00724860600062779 0.03101938111441476 0.1020914614200592
0 0.3864967482430594 0.5310764312744141 0.0074416228703090125 0.03167533874511719 0.1007341742515564
0 0.9639363970075335 0.526106766292027 0.005821364266531808 0.02685417447771345 0.09890352189540863
0 0.9388584409441266 0.5331130708966937 0.007252352578299386 0.0350825445992606 0.09290209412574768
0 0.3766402176448277 0.540203401020595 0.008466788700648717 0.03617586408342634 0.09113297611474991
0 0.39248548235212055 0.5389135224478585 0.00858344350542341 0.03720818247113909 0.08861634880304337
0 0.39606060300554546 0.5365613528660366 0.008113043648856027 0.036030735288347514 0.08318577706813812
0 0.7778823716299874 0.5421771662575858 0.008051736014229911 0.0386925424848284 0.08307372778654099
0 0.1059208767754691 0.5431347233908517 0.007465592452457973 0.031794956752232144 0.0830194503068924
0 0.10158826623644147 0.5430663653782436 0.007472625800541469 0.03161825452532087 0.08212511986494064
0 0.5622609342847552 0.5385734013148716 0.007915360586983817 0.040293795721871514 0.08073815703392029
0 0.3797990253993443 0.5452446937561035 0.009205784116472517 0.028531244822910855 0.08051155507564545
0 0.052909987313406806 0.5255169868469238 0.004691187824521746 0.02133134433201381 0.07974515855312347
0 0.3984128407069615 0.5300323622567313 0.007157359804425921 0.030715022768293108 0.07958805561065674
0 0.09737571648189 0.5429529462541852 0.007458244051252093 0.0314507143838065 0.0791938528418541
0 0.5662272317068917 0.5390890666416713 0.007884672709873744 0.04038827759878976 0.07884359359741211
0 0.39479078565325054 0.525895527430943 0.006542989185878209 0.026560681206839427 0.07884078472852707
0 0.10934386934552874 0.5433175904410226 0.007582860333578927 0.032317672457013814 0.07853274047374725
0 0.955867086138044 0.5301388672419957 0.007181031363351005 0.03371994835989816 0.07828301191329956
0 0.09281764711652483 0.542809282030378 0.007438310555049351 0.03138218607221331 0.0755062997341156
0 0.5585956232888358 0.5364019530160087 0.00774587903703962 0.03927009446280343 0.07434196025133133
0 0.11952929837363106 0.5439242976052421 0.008510129792349679 0.03441190719604492 0.0740007683634758
0 0.03888527836118426 0.5206266811915806 0.004601244415555682 0.02021040235246931 0.07215259224176407
0 0.05978637082236154 0.5308106967381069 0.00552125062261309 0.02600264549255371 0.07135859876871109
0 0.06275081634521484 0.5311642374311175 0.005478041512625558 0.026165315083095005 0.07134315371513367
0 0.11269077232905797 0.5434896605355399 0.007795929908752441 0.03304260117667062 0.07116740942001343
0 0.06579402940613883 0.5313733645847866 0.005421817302703857 0.026353529521397183 0.07095839828252792
0 0.12506682532174246 0.5440545082092285 0.008632029805864607 0.03474007334027972 0.07087518274784088
0 0.06827464273997716 0.5315673010689872 0.00540150489125933 0.02794510977608817 0.06880075484514236
0 0.38860906873430523 0.5444434370313372 0.009224176406860352 0.030587400708879744 0.06847428530454636
0 0.5707719666617257 0.5391233307974679 0.007873398917061942 0.040381669998168945 0.06749676167964935
0 0.37052529198782785 0.5400497913360596 0.008450099400111608 0.03688750948224749 0.0671583041548729
0 0.04492129598345075 0.5248331342424665 0.005057500941412789 0.023234537669590542 0.06705047190189362
0 0.0569724440574646 0.5306258201599121 0.005550840071269444 0.02579740115574428 0.0670025572180748
0 0.06430433477674212 0.5261009761265346 0.004660389253071376 0.022563695907592773 0.06542374938726425
0 0.0419231653213501 0.525031396320888 0.0051307422774178645 0.0231586183820452 0.06521786749362946
0 0.08741179534367152 0.5424108505249023 0.007263149533952985 0.031428745814732144 0.06348109245300293
0 0.5544922351837158 0.5335072789873395 0.007551942552839007 0.0368776662009103 0.06304329633712769
0 0.675332750592913 0.5444839341299874 0.008981636592320033 0.03634817259652274 0.06140243262052536
0 0.11497648273195539 0.5495478766305106 0.008228557450430734 0.023024661200387136 0.06101086363196373
0 0.09042149782180786 0.5365894862583706 0.006703376770019531 0.03054938997541155 0.060831088572740555
0 0.0477698700768607 0.5201247079031808 0.004115219627107892 0.019126687731061662 0.05955663323402405
0 0.12203354494912284 0.5503564562116351 0.008572535855429513 0.022619553974696567 0.059127748012542725
0 0.6703819547380719 0.5453771182468959 0.008753980909075056 0.03537719590323312 0.05898668244481087
0 0.3662499019077846 0.5407470294407436 0.008559874125889369 0.03680222375052316 0.05812815949320793
0 0.07029695170266288 0.535696268081665 0.0057764095919472834 0.028146675654820034 0.057607460767030716
0 0.08424869605473109 0.539677483694894 0.0068302324840000695 0.031140361513410295 0.0570489838719368
0 0.049763994557516913 0.5199695314679827 0.003997164113180978 0.01853248051234654 0.05571770295500755
0 0.13012791531426565 0.5440331867762974 0.008608477456229073 0.03493353298732212 0.05554389953613281
0 0.9606943811689105 0.5456171035766602 0.007816314697265625 0.03140861647469657 0.05477043613791466
0 0.8570545060294015 0.5447533471243722 0.00792694091796875 0.036095074244907925 0.05461210012435913
0 0.9710456303187779 0.5216070243290493 0.005250113351004464 0.024061952318464006 0.05352063849568367
0 0.960183824811663 0.526245083127703 0.006410530635288784 0.029108047485351562 0.05239676311612129
0 0.2643531731196812 0.5468740463256836 0.00913083553314209 0.030977657863071988 0.050617560744285583
