0 0.7616406168256488 0.5401819774082729 0.00830841064453125 0.03759826932634626 0.23599852621555328
0 0.7653416224888393 0.5389790534973145 0.0084359986441476 0.038201706750052314 0.23314537107944489
0 0.7690339769635882 0.5422697748456683 0.008898598807198661 0.038411106382097514 0.20802699029445648
0 0.7576625006539481 0.5413553714752197 0.008430617196219308 0.038034370967320034 0.18503689765930176
0 0.9476449148995536 0.5382648195539202 0.007503986358642578 0.03832077980041504 0.18282216787338257
0 0.9536832400730678 0.5340872492109027 0.0070961543491908485 0.03590668950762067 0.1826888620853424
0 0.41696248735700336 0.5257618427276611 0.006184067044939313 0.024106979370117188 0.17284289002418518
0 0.41971428053719656 0.5256329263959613 0.006124087742396763 0.023777450834001814 0.1584448218345642
0 0.9440366200038365 0.5388745580400739 0.007429940359933036 0.038969414574759345 0.15352170169353485
0 0.4136772836957659 0.53018890108381 0.00685225214276995 0.028543710708618164 0.1397731751203537
0 0.7736026900155204 0.5426831245422363 0.008869171142578125 0.03811866896493094 0.13762901723384857
0 0.41063267844063894 0.5303659098488944 0.006938866206577846 0.028871127537318637 0.1175505593419075
0 0.9407573427472796 0.5391058921813965 0.007434231894356864 0.03943473952157157 0.11284817010164261
0 0.9577488218035016 0.5440746716090611 0.007791587284633091 0.032427583421979635 0.11259961873292923
0 0.7534681047712054 0.5419609206063407 0.009153638567243303 0.03830184255327497 0.10498110949993134
0 0.7239436422075544 0.5433437824249268 0.00949232918875558 0.037698064531598775 0.10467476397752762
0 0.10319615261895317 0.5409739698682513 0.007958548409598214 0.03623730795724051 0.10322761535644531
0 0.4074047633579799 0.5306049415043422 0.007090534482683454 0.02908876964024135 0.10060644149780273
0 0.546656744820731 0.5264085020337786 0.007520301001412528 0.03331123079572405 0.09805086255073547
0 0.7302474975585938 0.5431342806134906 0.009485789707728795 0.037799528666904995 0.09588919579982758
0 0.10803488322666713 0.5418446404593331 0.008186893803732736 0.03630338396344866 0.08891546726226807
0 0.42132684162684847 0.5208568232400077 0.005581957953316825 0.021122455596923828 0.088448166847229
0 0.4036375454493931 0.5306760243007115 0.007125309535435268 0.029360055923461914 0.08690954744815826
0 0.5495168140956334 0.5301535470145089 0.008275747299194336 0.04068306514195034 0.08684571087360382
0 0.09603139332362584 0.5406919888087681 0.007862065519605364 0.03622041429792132 0.0830979272723198
0 0.09905787876674108 0.5363927568708148 0.007411505494798932 0.033709934779575894 0.08177142590284348
0 0.5529261997767857 0.5329251289367676 0.008652584893362862 0.0419466495513916 0.08086719363927841
0 0.3957505226135254 0.5348894255501884 0.007464306695120675 0.031742640904017856 0.07895410805940628
0 0.4234860965183803 0.5312622615269252 0.006957394736153739 0.03226692335946219 0.07819739729166031
0 0.7776955195835659 0.5430947712489537 0.008627142224993025 0.03733038902282715 0.07795386761426926
0 0.9613771438598633 0.5401967593601772 0.008006300245012556 0.03999246869768415 0.07765764743089676
0 0.38407182693481445 0.5412256377083915 0.008513552801949638 0.03614694731576102 0.07682491093873978
0 0.4244311877659389 0.5207459586007255 0.005503995077950614 0.020921639033726284 0.0752425491809845
0 0.1390191146305629 0.5444216047014508 0.008985306535448347 0.03498748370579311 0.0745813325047493
0 0.3769908973148891 0.5416054044451032 0.008587360382080078 0.03638717106410435 0.07395435869693756
0 0.1444671494620187 0.5449745314461845 0.009021180016653878 0.0346066951751709 0.07354852557182312
0 0.957575798034668 0.5266784940447126 0.005992140088762555 0.02864142826625279 0.07332640141248703
0 0.39230271748134066 0.5376357351030622 0.00788358279636928 0.03374573162623814 0.07324467599391937
0 0.3888939448765346 0.5389156000954765 0.008255515779767717 0.03542947769165039 0.0732003003358841
0 0.39888899666922434 0.5311130796160016 0.007107462201799665 0.030466386250087192 0.07289457321166992
0 0.4120778356279646 0.5213144166128976 0.0055926527295793805 0.024547202246529714 0.07279863208532333
0 0.5436073030744281 0.5212809017726353 0.006651231220790318 0.029600007193429128 0.07246386259794235
0 0.09130139010293144 0.5403740746634347 0.007637407098497663 0.035978998456682475 0.0705355852842331
0 0.11305866071156093 0.5430931023189 0.008855053356715612 0.03583465303693499 0.06974140554666519
0 0.08826310294015068 0.5381914888109479 0.007428680147443499 0.03547464098249163 0.06922207027673721
0 0.7500668934413365 0.5473805155072894 0.009722437177385603 0.028169870376586914 0.06766975671052933
0 0.41575261524745394 0.5368490900312152 0.007799931934901646 0.0362062794821603 0.06719684600830078
0 0.9366095406668526 0.5401153564453125 0.007422787802559989 0.03928123201642718 0.06716391444206238
0 0.5436012063707624 0.535297019141061 0.008793490273611886 0.04295751026698521 0.06658226251602173
0 0.1324713315282549 0.543842111315046 0.00893383366721017 0.035432985850742886 0.0660158097743988
0 0.7353399821690151 0.543018136705671 0.009436334882463728 0.037829501288277764 0.06509959697723389
0 0.4275308336530413 0.5206253187997001 0.0054713317326137 0.020702668598720005 0.06474897265434265
0 0.540060111454555 0.5210237162453788 0.0066606998443603516 0.02930661610194615 0.06405411660671234
0 0.11794027260371617 0.5435498101370675 0.0089775664465768 0.03563894544328962 0.06327327340841293
0 0.12285903521946498 0.5436530453818185 0.008950020585741316 0.0354792731148856 0.06316107511520386
0 0.0848349928855896 0.537487268447876 0.006974373544965472 0.03405073710850307 0.06295395642518997
0 0.3676725115094866 0.5388908386230469 0.008711235863821847 0.03716073717389788 0.06295238435268402
0 0.38049183573041645 0.5473717621394566 0.009155818394252233 0.02569580078125 0.0628199353814125
0 0.37122998918805805 0.5422229085649762 0.008700881685529436 0.03661118234906878 0.06264998018741608
0 0.12754373039518083 0.5437852314540318 0.008924807821001326 0.03548346246991839 0.06219998374581337
0 0.9500232424054827 0.5297967365809849 0.006621428898402623 0.034828015736171176 0.06218424439430237
0 0.35913011005946566 0.5434141840253558 0.009172677993774414 0.03684684208461216 0.058953024446964264
0 0.36357600348336355 0.5431085314069476 0.009148393358503069 0.03666039875575474 0.05892522260546684
0 0.5691214288984027 0.5378823280334473 0.00901477677481515 0.04652994019644601 0.0585910826921463
0 0.3547487258911133 0.5433935437883649 0.009063516344342912 0.03689149447849819 0.058094244450330734
0 0.9615978513445173 0.5255708353860038 0.006046908242361886 0.02882317134312221 0.05785359442234039
0 0.3501260621207101 0.5434417384011405 0.0089961120060512 0.03669227872576032 0.05725309997797012
0 0.5616345405578613 0.5318851130349296 0.008115768432617188 0.04242815290178571 0.05685946345329285
0 0.34488838059561594 0.5434672151293073 0.008989810943603516 0.03650529044015067 0.05645870789885521
0 0.5650772367204938 0.5378004823412214 0.009069953645978655 0.046533516475132534 0.05512135103344917
0 0.5735735893249512 0.5383263315473285 0.008984736033848353 0.045888662338256836 0.05497344955801964
0 0.746624401637486 0.5427307060786656 0.009377752031598772 0.03860419137137277 0.05426021292805672
0 0.5583756991795131 0.5373738833836147 0.009238651820591517 0.0466432912009103 0.05355970934033394
0 0.7413351876395089 0.5429209300449916 0.009405204227992467 0.03814782415117536 0.05100155249238014
0 0.3398313522338867 0.5436369691576276 0.009030478341238839 0.03633001872471401 0.050094641745090485
