0 0.9488119397844587 0.5407114710126605 0.007808072226388114 0.036236728940691264 0.2701670527458191
0 0.9444534437997001 0.5412273406982422 0.00782012939453125 0.03660815102713449 0.2426971048116684
0 0.951843397957938 0.5360819952828544 0.007082802908761161 0.035839387348720005 0.22496527433395386
0 0.9583219800676618 0.541776180267334 0.007368155888148716 0.03701267923627581 0.2153407335281372
0 0.9406661987304688 0.5414778164454869 0.007952145167759486 0.03660038539341518 0.20175962150096893
0 0.9554715837751117 0.5328115735735212 0.0075326647077287945 0.03464926992143903 0.15905164182186127
0 0.9355228969029018 0.5424644606454032 0.008133547646658761 0.036358186176845005 0.14728781580924988
0 0.9642876216343471 0.5416335378374372 0.008224146706717355 0.039297478539603095 0.12055642157793045
0 0.9465515272957938 0.5331484930855888 0.007884979248046875 0.035039663314819336 0.10287870466709137
0 0.9298529624938965 0.5451022216251918 0.008654458182198661 0.034298556191580634 0.09752889722585678
0 0.14350460256849015 0.5447688102722168 0.00909135171345302 0.03558577810014997 0.08711906522512436
0 0.15103605815342494 0.5447829110281808 0.009378893034798759 0.035067694527762275 0.08542221039533615
0 0.3428656373705183 0.5437185764312744 0.009670053209577287 0.03527000972202846 0.08243158459663391
0 0.3109446253095354 0.5454844066074916 0.010235275541033064 0.034084320068359375 0.08234322816133499
0 0.1551119089126587 0.5448254517146519 0.009694746562412806 0.03445441382271903 0.07940251380205154
0 0.3160923549107143 0.5453385284968785 0.010125671114240373 0.03429610388619559 0.0788877084851265
0 0.1391270671572004 0.5446826389857701 0.009056644780295236 0.035658257348196845 0.078543521463871
0 0.9248089109148298 0.5460272516523089 0.008934906550816126 0.033207859311785014 0.07822592556476593
0 0.25519929613385883 0.5453713280814034 0.01017017023903983 0.03383527483258929 0.07737511396408081
0 0.3382258415222168 0.5438958576747349 0.00973752566746303 0.035191433770315986 0.07720211893320084
0 0.2486621652330671 0.5452190467289516 0.00999866213117327 0.03385101045880999 0.076837919652462
0 0.3062394005911691 0.5453826359340123 0.010214975902012416 0.034098727362496514 0.07420498132705688
0 0.3476231098175049 0.5435750825064523 0.009618827274867467 0.03533761841910226 0.07396876811981201
0 0.1479963915688651 0.5508228710719517 0.009433882577078683 0.024959496089390347 0.07057973742485046
0 0.3333185740879604 0.5439958572387695 0.009724787303379603 0.0352325439453125 0.06942160427570343
0 0.16034725734165736 0.5448315824781146 0.009874309812273298 0.03416081837245396 0.0690305233001709
0 0.3910400526864188 0.5359079156603131 0.007482971463884626 0.03454528536115374 0.06786330044269562
0 0.134991032736642 0.5444966724940709 0.008969306945800781 0.03580171721322196 0.06782633066177368
0 0.09944886820656913 0.5422642571585519 0.00745748622076852 0.035362448011125834 0.06708843261003494
0 0.18698009422847203 0.5449941498892648 0.00998687744140625 0.03381119455610003 0.06678798049688339
0 0.18229947771344865 0.5449521882193429 0.009954418454851423 0.034030062811715264 0.06599836051464081
0 0.3009616306849888 0.5453019482748849 0.010174240384783064 0.03419746671404157 0.0657571479678154
0 0.09573471546173096 0.5422534942626953 0.00743875333241054 0.03530767985752651 0.0653623566031456
0 0.32129171916416716 0.5450194563184466 0.009936366762433733 0.03472791399274554 0.06459660083055496
0 0.38355071204049246 0.5415573801313128 0.008535623550415039 0.037168060030256 0.06414682418107986
0 0.38718693596976145 0.5414819036211286 0.008460691996983119 0.03734329768589565 0.06371565163135529
0 0.19148666518075125 0.5450430597577777 0.00994971820286342 0.03363960129874093 0.0635133758187294
0 0.24404065949576242 0.5451310362134661 0.009883301598685128 0.033747468675885885 0.06330004334449768
0 0.10435082231249128 0.5425593512398856 0.0075640082359313965 0.03556227684020996 0.06258665025234222
0 0.09174105099269322 0.5422111919948033 0.007397915635790143 0.03521585464477539 0.060900770127773285
0 0.9592881883893695 0.5277748107910156 0.006336348397391183 0.030262913022722517 0.060643456876277924
0 0.08419603109359741 0.5324933869498116 0.006226386342729841 0.031858273914882114 0.0604884997010231
0 0.32571588243756977 0.5445496695382255 0.009766408375331334 0.03520934922354562 0.06047336757183075
0 0.9198681967599052 0.5451138019561768 0.009041309356689453 0.034199305943080356 0.0598071850836277
0 0.1767573356628418 0.5449326378958566 0.009918110711233956 0.034101009368896484 0.0596504732966423
0 0.262754031590053 0.545344352722168 0.010151709829057966 0.03379426683698382 0.05933508649468422
0 0.08063617774418422 0.53910950251988 0.0067359038761683875 0.0345806394304548 0.0592886321246624
0 0.3794463702610561 0.5336131027766636 0.0076460157121930805 0.034642628261021206 0.05898839235305786
0 0.1659507921763829 0.5448906081063407 0.009955746786934989 0.034019912992204936 0.05872398242354393
0 0.13066635813031877 0.5443144185202462 0.008914990084511893 0.0359675543648856 0.058490071445703506
0 0.29577640124729704 0.5452536855425153 0.010149615151541573 0.03423261642456055 0.05780433490872383
0 0.08764723369053432 0.5421004635947091 0.0073422448975699285 0.03526755741664341 0.05655205622315407
0 0.962010111127581 0.5275371415274483 0.006503309522356305 0.030741861888340542 0.05621137470006943
0 0.10197632653372628 0.5342444692339215 0.0066789814404078895 0.03466987609863281 0.05575436353683472
0 0.3755707059587751 0.541785648890904 0.008595023836408342 0.03706179346357073 0.05557212606072426
0 0.19693967274257115 0.545147350856236 0.009818775313241141 0.033520596367972236 0.055381566286087036
0 0.17122067723955428 0.5448999064309257 0.0099412202835083 0.03405891145978655 0.05529550090432167
0 0.8871472222464425 0.5473698888506208 0.009707587105887277 0.03131158011300223 0.05374162271618843
0 0.11039591687066215 0.5429134028298515 0.007709298815046038 0.03576517105102539 0.052663445472717285
0 0.3941184793199812 0.5324233600071498 0.007080078125 0.033080918448311944 0.05210153013467789
0 0.35371228626796175 0.543229375566755 0.009401627949305944 0.03546292441231864 0.05190115422010422
0 0.9384523800441197 0.5327685219900948 0.008424622671944755 0.03882237843104771 0.05174364522099495
0 0.12418556213378906 0.5438929966517857 0.008685146059308733 0.036067111151559014 0.0517285093665123
0 0.07558872018541608 0.5357485498700824 0.006074198654719761 0.03240013122558594 0.05123160034418106
0 0.39699813297816683 0.5372217723301479 0.007571560995919364 0.03673522812979562 0.05113837867975235
0 0.26712705407823834 0.5453104972839355 0.010126454489571708 0.03379021372113909 0.051115985959768295
0 0.8809082848685128 0.5475880077907017 0.009870665413992745 0.031000001089913503 0.05071500316262245
