0 0.9420799527849469 0.5414939607892718 0.008415971483503069 0.04023545128958566 0.344760537147522
0 0.9381497928074428 0.5424049922398159 0.008865765162876673 0.03877799851553781 0.3327938914299011
0 0.9457029615129743 0.5406445094517299 0.008339064461844308 0.040698392050606866 0.29126107692718506
0 0.9562360218593052 0.5409210068838937 0.007961886269705636 0.04019284248352051 0.2246597707271576
0 0.9516790934971401 0.5407841205596924 0.007947104317801339 0.04051154000418527 0.22175519168376923
0 0.9317776816231864 0.5430564880371094 0.009369782039097376 0.0373908451625279 0.21082863211631775
0 0.9613362721034459 0.5409935542515346 0.008222034999302455 0.041740860257829936 0.18804527819156647
0 0.9661978312901088 0.5421532562800816 0.007757595607212612 0.040257658277239115 0.1400095522403717
0 0.9640394619532994 0.5314422675541469 0.006845746721540179 0.037383828844342916 0.13501934707164764
0 0.969606876373291 0.5426231111798968 0.007396697998046875 0.039905548095703125 0.12474466860294342
0 0.9486717496599469 0.5495361600603376 0.010203702109200614 0.027176516396658763 0.12120167165994644
0 0.5558074883052281 0.5267957959856305 0.006463936397007534 0.03150405202593122 0.11979717761278152
0 0.5514659881591797 0.5213417325701032 0.00572763170514788 0.0268646308353969 0.10504424571990967
0 0.9238602774483817 0.5435493332999093 0.009629862649100167 0.036893061229160855 0.10155674070119858
0 0.5487580980573382 0.5211487497602191 0.005715336118425641 0.026656252997262136 0.0995226725935936
0 0.9734938485281808 0.5319407667432513 0.006594862256731305 0.0377718380519322 0.0992606058716774
0 0.5592931338718959 0.5299324308122907 0.00738525390625 0.03685137203761509 0.09535354375839233
0 0.9287993567330497 0.535290036882673 0.00924273899623326 0.04523774555751255 0.091341532766819
0 0.5518527371542794 0.5322242464338031 0.0076274871826171875 0.040004423686436245 0.09069254249334335
0 0.545551231929234 0.5209928580692836 0.005680833544049945 0.02638374056134905 0.08942493051290512
0 0.5426533903394427 0.5243331364222935 0.006226675851004464 0.028139829635620117 0.08718554675579071
0 0.13474389484950475 0.5455479621887207 0.0077378324099949426 0.03236440249851772 0.08516895771026611
0 0.12948431287493026 0.5455484390258789 0.007716689790998187 0.03245176587785993 0.08339577913284302
0 0.1120161839893886 0.5446955476488385 0.007031381130218506 0.030866622924804688 0.08049733191728592
0 0.5478330339704242 0.5320510183061872 0.007616485868181501 0.04012298583984375 0.07990065962076187
0 0.1087958812713623 0.5443946293422154 0.006976144654410226 0.03034179551260812 0.07880683243274689
0 0.6152549471173968 0.542283432824271 0.008645875113351005 0.04046562739780971 0.07784333825111389
0 0.33971970421927317 0.5437982082366943 0.009023904800415039 0.03543921879359654 0.0764448419213295
0 0.3357634884970529 0.543849127633231 0.008991241455078125 0.035084622246878486 0.07529696077108383
0 0.11661054406847272 0.5451658112662179 0.00718158483505249 0.032364879335675924 0.07511673122644424
0 0.6113662719726562 0.542201008115496 0.008573055267333984 0.040654659271240234 0.07507503777742386
0 0.12434182848249163 0.545574256352016 0.007641868931906564 0.032582691737583706 0.07410333305597305
0 0.11976998192923409 0.545405660356794 0.007389162267957415 0.032726287841796875 0.07277069240808487
0 0.6199701854160854 0.5423249517168317 0.008677959442138672 0.040309599467686245 0.07261641323566437
0 0.5637995856148856 0.534259728022984 0.0075724124908447266 0.03891021864754813 0.06944707781076431
0 0.6345312935965401 0.543656417301723 0.00913034166608538 0.0374384948185512 0.06943394243717194
0 0.6709120614188058 0.5449801853724888 0.009418010711669922 0.03539245469229562 0.06923644989728928
0 0.9196844100952148 0.5435970170157296 0.009574004581996374 0.03698624883379255 0.06920548528432846
0 0.3472895622253418 0.5436811106545585 0.008998291833060128 0.03585365840366909 0.06910418719053268
0 0.10399338177272252 0.5441490922655378 0.006983603749956403 0.030201162610735213 0.06888338178396225
0 0.5626587186540876 0.522104127066476 0.005721671240670341 0.028586557933262417 0.0679299607872963
0 0.14017929349626815 0.545520714351109 0.00772200311933245 0.03230013166155134 0.06722472608089447
0 0.6244177137102399 0.5426136425563267 0.008806977953229631 0.0397139276776995 0.0670679435133934
0 0.6289031846182687 0.5430230753762382 0.008924620492117745 0.03876073019845145 0.06668686866760254
0 0.6072311401367188 0.5421493394034249 0.00852135249546596 0.04073820795331683 0.06633266061544418
0 0.32948204449244906 0.5441041673932757 0.009057317461286272 0.03475815909249442 0.06560668349266052
0 0.6759471212114606 0.5451645169939313 0.009394100734165736 0.034612417221069336 0.06416792422533035
0 0.6403461183820452 0.5439795766557965 0.009326185498918806 0.036624295370919366 0.063337542116642
0 0.5548430851527623 0.5170151165553502 0.0051016466958182195 0.023987020765032088 0.062148623168468475
0 0.6028644016810826 0.5415897028786796 0.008381366729736328 0.0411339487348284 0.06131238862872124
0 0.7347889627729144 0.5471571513584682 0.009299005780901228 0.03174029077802386 0.06131233274936676
0 0.09939765930175781 0.5438078471592495 0.006944009235927037 0.030112436839512417 0.061097826808691025
0 0.35221501759120394 0.5434414659227643 0.008878026689801897 0.03582702364240374 0.05756388604640961
0 0.7303207261221749 0.5457695552280971 0.009231294904436384 0.03395271301269531 0.05739278346300125
0 0.9613846370152065 0.5265780176435199 0.00643573488507952 0.037568671362740655 0.05716034770011902
0 0.5987354006086077 0.5410691670009068 0.008239405495779855 0.04145421300615583 0.056143589317798615
0 0.9683986391339984 0.5269310814993722 0.006259032658168248 0.035092319761003764 0.05578087270259857
0 0.122053895677839 0.5397898810250419 0.006944102900368827 0.03350104604448591 0.05532827973365784
0 0.14530103547232492 0.545588561466762 0.007778048515319824 0.03228156907217843 0.05484046787023544
0 0.7391563143048968 0.5472155298505511 0.009294305528913225 0.03156202180044992 0.05470740422606468
0 0.753108024597168 0.5471807207380023 0.0092447144644601 0.031468357358660014 0.05427445471286774
0 0.38217231205531527 0.5280716419219971 0.006372690200805664 0.027667318071637834 0.05426948517560959
0 0.1270867415836879 0.5398690359933036 0.0070375800132751465 0.03373687607901437 0.054212238639593124
0 0.544191837310791 0.533973217010498 0.007798910140991211 0.04251463072640555 0.05378568917512894
0 0.6629411152430943 0.5446843419756208 0.009349686758858817 0.036266020366123745 0.05366538465023041
0 0.20246888910021102 0.5460389682224819 0.008762904575892858 0.03299736976623535 0.05363665893673897
0 0.574500560760498 0.5282645225524902 0.006545986448015485 0.033048186983381 0.05325112119317055
0 0.1505784136908395 0.5456846100943429 0.007889917918613978 0.03241699082510812 0.05317498371005058
0 0.18337409836905344 0.5460968698774066 0.008386373519897461 0.03279280662536621 0.05297888070344925
0 0.18819335528782435 0.5461225850241525 0.008349299430847168 0.032682486942836216 0.052751392126083374
0 0.5713482924870082 0.536928653717041 0.008046763283865792 0.04174160957336426 0.052600692957639694
0 0.13781567982264928 0.5399864060538155 0.007121350084032331 0.03404750142778669 0.05229504778981209
0 0.3869586672101702 0.5279395239693778 0.006271430424281529 0.02734872273036412 0.05204528570175171
0 0.5573488644191197 0.5170027528490339 0.005093233925955636 0.02544471195765904 0.05198405310511589
0 0.9152318409511021 0.5436571666172573 0.009556429726736886 0.03701928683689663 0.05184054747223854
0 0.5675477640969413 0.5366253171648298 0.008036000388009208 0.041720492499215264 0.05177261680364609
0 0.59358092716762 0.5404690333775112 0.008243628910609655 0.04216565404619489 0.05150412395596504
0 0.3962766102382115 0.5307017735072544 0.0066029344286237445 0.029601131166730608 0.05125798285007477
0 0.39836147853306364 0.5260225704738072 0.005805594580514091 0.023969854627336775 0.050983231514692307
0 0.09445125716073173 0.5435259001595634 0.006885451929909843 0.03013314519609724 0.050853341817855835
0 0.3786149024963379 0.5366224561418805 0.0074858324868338445 0.0332972662789481 0.05075393244624138
0 0.19506239891052246 0.5461551121303013 0.00851241179874965 0.03266535486493792 0.05029492825269699
0 0.5348713397979736 0.5198465074811663 0.005491869790213448 0.02252241543361119 0.05025641992688179
0 0.9773547308785575 0.5273349285125732 0.006042003631591797 0.03461715153285435 0.05002649500966072
