0 0.5842508588518415 0.5398840223039899 0.009347711290631975 0.042901618140084405 0.21600341796875
0 0.5887528828212193 0.5408964838300433 0.00951801027570452 0.0419492380959647 0.21548454463481903
0 0.17382003579820907 0.545208317892892 0.009904588971819197 0.0340087754385812 0.20401225984096527
0 0.59284394127982 0.5422698429652623 0.009123529706682478 0.040962934494018555 0.19645065069198608
0 0.5773350851876395 0.5393886566162109 0.009360313415527344 0.04299020767211914 0.1948549747467041
0 0.5634316716875348 0.5355422156197684 0.008967876434326172 0.0450009959084647 0.18427824974060059
0 0.4296226501464844 0.5258008071354457 0.006123202187674386 0.024558407919747487 0.1811063289642334
0 0.5726204599652972 0.5374503816877093 0.009276764733450753 0.04271933010646275 0.1782594919204712
0 0.4328338759286063 0.5206191880362374 0.005487067358834403 0.0222017765045166 0.17819422483444214
0 0.5682204791477748 0.5353754929133824 0.00897519929068429 0.0427520615713937 0.17476843297481537
0 0.17681973321097239 0.550752980368478 0.010189618383135115 0.023109912872314453 0.17146089673042297
0 0.43590831756591797 0.5209141458783831 0.0054149627685546875 0.022069624492100308 0.16911427676677704
0 0.3327539988926479 0.5447906426021031 0.009632417133876256 0.03375169209071568 0.16905967891216278
0 0.16631828035627091 0.5455139023917062 0.009876932416643416 0.03370322499956403 0.16590072214603424
0 0.3376695087977818 0.5447301183428083 0.009722198758806502 0.033682244164603095 0.16426044702529907
0 0.9471344266619001 0.5397934913635254 0.008198397500174386 0.03697609901428223 0.15803833305835724
0 0.9432778358459473 0.539872237614223 0.008082117353166853 0.03704796518598284 0.15721099078655243
0 0.3550017220633371 0.5439160891941616 0.009276594434465681 0.034251553671700616 0.15426470339298248
0 0.9508391789027623 0.5397352491106305 0.008301258087158203 0.0381136281149728 0.15376825630664825
0 0.18163514137268066 0.5450184685843331 0.010031819343566895 0.03406674521309989 0.15259845554828644
0 0.34265429633004324 0.5447168690817696 0.009771347045898438 0.033656460898263116 0.152566596865654
0 0.3589976855686733 0.5436826433454242 0.009161370141165597 0.03432747295924595 0.14944952726364136
0 0.32713202067783903 0.5451672417776925 0.009561300277709961 0.03378949846540179 0.14899151027202606
0 0.07803123337881905 0.5394911084856305 0.007721177169254848 0.03394491331917899 0.14880678057670593
0 0.08145378317151751 0.5425943306514195 0.007938206195831299 0.034792695726667135 0.14838062226772308
0 0.3499593053545271 0.5445396900177002 0.009639603751046317 0.03382560185023716 0.1470276564359665
0 0.8089418411254883 0.5441532816205706 0.011087349482945033 0.036569765635899136 0.13898834586143494
0 0.9360933303833008 0.5403290476117816 0.007950714656284876 0.03735954420907157 0.1385927051305771
0 0.42703131267002653 0.5246223722185407 0.0060618604932512555 0.026707138334001814 0.13749977946281433
0 0.955897331237793 0.53709534236363 0.00781393051147461 0.0384589603969029 0.13569393754005432
0 0.363166264125279 0.5434000492095947 0.00912581171308245 0.034479686192103794 0.13420408964157104
0 0.9313769340515137 0.5430304663521903 0.008419173104422433 0.0370417663029262 0.13347472250461578
0 0.08782478741237096 0.5431157520839146 0.007877026285443987 0.03516159738813128 0.13290007412433624
0 0.8160770280020577 0.5444704464503697 0.011138779776436942 0.03668601172310965 0.13082163035869598
0 0.5995452063424247 0.5427417073931012 0.009697573525565011 0.03962019511631557 0.1253633052110672
0 0.4385512556348528 0.5209625789097377 0.005300589970179966 0.02209837096078055 0.12525546550750732
0 0.0923741204398019 0.5431497097015381 0.007997555392129081 0.0352083614894322 0.12192277610301971
0 0.1703526633126395 0.539334910256522 0.01028392996106829 0.04079525811331613 0.12183919548988342
0 0.18634608813694545 0.5451039586748395 0.009958420481000627 0.03424416269574847 0.11992991715669632
0 0.5600737162998745 0.5313284737723214 0.008452449526105608 0.041846002851213725 0.11942195147275925
0 0.07470689501081194 0.5363039289202008 0.007188805512019566 0.03235002926417759 0.11929051578044891
0 0.9603204727172852 0.5370025634765625 0.007937908172607422 0.038981778281075616 0.11841068416833878
0 0.6145401000976562 0.5443698338099888 0.009497574397495814 0.036737612315586636 0.11571411788463593
0 0.15971236569540842 0.5455950328281948 0.009640625544956751 0.03387815611703055 0.11324689537286758
0 0.36804676055908203 0.5432908875601632 0.009084837777273995 0.034938233239310126 0.11295122653245926
0 0.3194264684404646 0.5455424445016044 0.009634460721697127 0.03357100486755371 0.11097580194473267
0 0.6226621355329242 0.544813905443464 0.00957420894077846 0.035857439041137695 0.11034203320741653
0 0.17827790124075754 0.5389090265546527 0.01010876042502267 0.04048347473144531 0.10876159369945526
0 0.9273306982857841 0.5454881531851632 0.009329795837402344 0.03499061720711844 0.1069100946187973
0 0.12465882301330566 0.544341904776437 0.009377258164542062 0.0343172550201416 0.10303501039743423
0 0.24755770819527761 0.5468408039637974 0.009707297597612654 0.031519719532557895 0.10263846814632416
0 0.9699989046369281 0.5375543321881976 0.007047857557024274 0.03751441410609654 0.10053718835115433
0 0.0976786698613848 0.5431277411324638 0.008144344602312361 0.035279308046613424 0.10000497102737427
0 0.13230797222682408 0.5447737148829869 0.009570045130593436 0.034231254032679966 0.09837064892053604
0 0.3140655585697719 0.5456458500453404 0.009948185511997767 0.033101047788347514 0.09769535064697266
0 0.1926262719290597 0.5453025272914341 0.009766697883605957 0.03438176427568708 0.0956210345029831
0 0.14232444763183594 0.5450008937290737 0.009540515286581857 0.034323419843401225 0.09500481188297272
0 0.13749980926513672 0.5448800495692662 0.00956887858254569 0.034233195441109796 0.0943942740559578
0 0.2520626613071987 0.5469065053122384 0.009699140276227678 0.03145286015101841 0.09324061870574951
0 0.242389406476702 0.5456550461905343 0.009780355862208776 0.03352604593549456 0.09322547167539597
0 0.9391849381583077 0.5355903080531529 0.007766587393624442 0.03624953542436872 0.09308232367038727
0 0.4248315266200474 0.5307491166251046 0.006855453763689313 0.02946162223815918 0.09287068992853165
0 0.08519302095685687 0.5351260049002511 0.007031117166791644 0.0367457526070731 0.09111575782299042
0 0.08429128783089775 0.5481110300336566 0.009226373263767787 0.028116396495274136 0.09040149301290512
0 0.4218417576381138 0.5263897691454206 0.006097487040928432 0.025771004813058034 0.08956462144851685
0 0.14695649487631662 0.5451580456324986 0.009381771087646484 0.034606729234967916 0.0892101377248764
0 0.8125904628208706 0.536240713936942 0.010916914258684431 0.04605276244027274 0.08797198534011841
0 0.3732095786503383 0.5430731092180524 0.008951187133789062 0.03557828494480678 0.0871315598487854
0 0.3090839045388358 0.5456617219107491 0.010121209280831473 0.03290731566292899 0.08707977831363678
0 0.9638763155255999 0.530144282749721 0.007136821746826172 0.03487450735909598 0.0851929783821106
0 0.15162759167807444 0.5453760964529855 0.009302445820399694 0.03454794202532087 0.08514542877674103
0 0.555121728352138 0.5283959593091693 0.007529190608433315 0.036444391523088725 0.08437957614660263
0 0.0680115180356162 0.5353903089250837 0.007134463105882917 0.03196808270045689 0.0816861093044281
0 0.5515175546918597 0.527991499219622 0.007486649921962193 0.03597426414489746 0.08159323036670685
0 0.6182881082807269 0.5505808421543666 0.009574481419154577 0.024279866899762834 0.08080307394266129
0 0.6043834005083356 0.5429563862936837 0.009870120457240514 0.0392571176801409 0.07997167855501175
0 0.5970484869820731 0.5509516171046666 0.009233474731445312 0.025517395564488003 0.07992899417877197
0 0.5557572501046317 0.5418357849121094 0.009998014995029994 0.04050895145961216 0.0792829766869545
0 0.3228891236441476 0.5515680994306292 0.009522948946271623 0.021336657660348073 0.0787336453795433
0 0.07220382349831718 0.5321336473737445 0.006727699722562518 0.031062637056623186 0.07844315469264984
0 0.6090400559561593 0.5431463718414307 0.009941237313406808 0.039025579180036275 0.0770830363035202
0 0.10373311383383614 0.5432580198560443 0.00835458721433367 0.03526394707815988 0.07462789118289948
0 0.34548817362104145 0.5512074742998395 0.009913308279854911 0.022739342280796597 0.07374580949544907
0 0.11744004487991333 0.5439121382577079 0.009041445595877511 0.03451507432120187 0.07356894761323929
0 0.43445955004010883 0.5309745924813407 0.007447413035801479 0.03703178678240095 0.07355035841464996
0 0.3032862458910261 0.5456478595733643 0.01015268053327288 0.03287111009870257 0.07344505190849304
0 0.9207214627947126 0.5463096073695591 0.00979266847882952 0.034420319965907505 0.07171744108200073
0 0.25980392524174284 0.5457354273114886 0.009767327989850725 0.033307790756225586 0.07114695757627487
0 0.6172429493495396 0.5352080890110561 0.008969920022147042 0.04551216534205845 0.07073649019002914
0 0.9712446757725307 0.5259461402893066 0.006186212812151227 0.029004880360194614 0.07061045616865158
0 0.06500851682254247 0.5348665373665946 0.007073427949632917 0.032205513545445034 0.07055756449699402
0 0.2664381265640259 0.5457380839756557 0.009738990238734655 0.03319696017674038 0.06893989443778992
0 0.9673149926321847 0.5420710018702916 0.007616451808384487 0.03984907695225307 0.06893107295036316
0 0.19942096301487514 0.5453899928501674 0.009674532072884696 0.034396273749215264 0.06861689686775208
0 0.10075417586735316 0.5360119683401925 0.007422634533473423 0.037449189594813755 0.06801038980484009
0 0.6263149806431362 0.5382040909358433 0.009415013449532645 0.04280860083443778 0.06692339479923248
0 0.821493421282087 0.5453706468854632 0.011226177215576172 0.03478782517569406 0.06609876453876495
0 0.23506534099578857 0.5455945900508335 0.009744031088692802 0.03388915743146624 0.06546064466238022
0 0.9630540439060756 0.5450379167284284 0.008473941258021764 0.03173494338989258 0.06434740126132965
0 0.9672551836286273 0.5258603777204242 0.006366116659981864 0.03030242238725935 0.06371565163135529
