0 0.9288815089634487 0.5400847026279995 0.008434772491455078 0.0435941219329834 0.14425358176231384
0 0.9254234858921596 0.5403905596051898 0.00816971915108817 0.04303833416530064 0.09722505509853363
0 0.9512570926121303 0.5364510672433036 0.007193020411900112 0.03922523771013532 0.08079201728105545
0 0.9655140468052456 0.5280542373657227 0.005806854793003627 0.030941145760672435 0.07866304367780685
0 0.5509281499045235 0.520324741091047 0.005524294716971261 0.023554529462541853 0.07773862034082413
0 0.957092148917062 0.5395553452627999 0.007603781563895089 0.04142485346112933 0.0774783343076706
0 0.9609856605529785 0.530353341783796 0.0062449319022042414 0.034415210996355326 0.07515450567007065
0 0.5454409803662982 0.5196659224373954 0.005429608481270927 0.023292711802891324 0.0717332661151886
0 0.33044423375810894 0.544705697468349 0.008843013218470983 0.034556525094168525 0.0713217630982399
0 0.5471208436148507 0.5214426176888602 0.00582122802734375 0.02559798104422433 0.07100069522857666
0 0.3983509199959891 0.5365443910871234 0.007723774228777204 0.03450380052839007 0.0696258693933487
0 0.33574206488473074 0.544874940599714 0.00881821768624442 0.034572907856532505 0.06829941272735596
0 0.39389000620160786 0.5348549910954067 0.007445812225341797 0.03500556945800781 0.06638979911804199
0 0.431452819279262 0.5197340760912214 0.005194629941667829 0.018447807856968472 0.06625919789075851
0 0.5491853782108852 0.5239781992776054 0.006230694907052177 0.02785791669573103 0.06592900305986404
0 0.9484972272600446 0.5385757855006627 0.0075326647077287945 0.03925997870309012 0.06448148936033249
0 0.953514848436628 0.5386154311043876 0.006830896650041852 0.03656455448695591 0.06441514194011688
0 0.9628534317016602 0.5265288352966309 0.005981104714529855 0.028711625507899692 0.06392531096935272
0 0.06311113919530596 0.5376606328146798 0.006337157317570278 0.02870110103062221 0.06355609744787216
0 0.5435162952968052 0.5157335826328823 0.005017450877598354 0.021043096269880022 0.05898825451731682
0 0.4358344078063965 0.5195357118334089 0.005176033292497907 0.017939090728759766 0.057311397045850754
0 0.4106236185346331 0.5360907145908901 0.007347277232578823 0.033616644995553155 0.056917473673820496
0 0.3764817714691162 0.5366954803466797 0.008155209677559989 0.03622300284249442 0.05653779208660126
0 0.9401753970554897 0.5409960746765137 0.0077593667166573664 0.0388336181640625 0.05651954561471939
0 0.21162475858415877 0.5455239840916225 0.008651086262294225 0.03267386981419155 0.055026084184646606
0 0.4029782158987863 0.5334404536655971 0.0073424748011997765 0.033482210976736884 0.05492682382464409
0 0.41452166012355257 0.5361356735229492 0.007404327392578125 0.03296804428100586 0.05462459847331047
0 0.32665899821690153 0.5449660846165248 0.008804764066423689 0.03415741239275251 0.05352684482932091
0 0.9441758564540318 0.5403687613351005 0.007849761417933874 0.03863951138087681 0.0522245429456234
0 0.9367687361580985 0.5368707520621163 0.007329532078334263 0.03894829750061035 0.052208732813596725
0 0.9347036225455148 0.5416356495448521 0.007548059735979352 0.03866355759756906 0.05132454261183739
