0 0.3146013191768101 0.5458861759730748 0.009750638689313616 0.03460574150085449 0.4004593789577484
0 0.32079873766217915 0.545363221849714 0.009240865707397461 0.03489538601466587 0.4001608192920685
0 0.060011838163648336 0.5353805678231376 0.0064725322382790705 0.030775512967790877 0.24529707431793213
0 0.3262199674333845 0.5453375407627651 0.009142603193010603 0.03502845764160156 0.23719017207622528
0 0.054265818425587246 0.5346732139587402 0.006747799260275704 0.03205670629228864 0.2312300056219101
0 0.3070577212742397 0.545335224696568 0.009861843926565987 0.035088028226579936 0.22916334867477417
0 0.057370517935071676 0.5379079410008022 0.006913879087993077 0.0329132080078125 0.22162654995918274
0 0.31103948184422087 0.5394616808210101 0.00966228757585798 0.04109733445303781 0.22006843984127045
0 0.06315987450735909 0.5314404283251081 0.006057215588433402 0.0296173095703125 0.19854187965393066
0 0.15805717876979283 0.5455041953495571 0.009318062237330846 0.033386366707938056 0.17811700701713562
0 0.05859106779098511 0.5265107836042132 0.005339822598866054 0.025149992534092495 0.1694459468126297
0 0.061394695724759786 0.5265380314418248 0.005203230040413993 0.025301149913242886 0.1661130040884018
0 0.05613017933709281 0.5264064243861607 0.005469667060034615 0.024826901299612864 0.15702921152114868
0 0.16499190671103342 0.5454603944505964 0.009428637368338448 0.03388357162475586 0.15311479568481445
0 0.06663714562143598 0.535353524344308 0.006269301686968122 0.03058586801801409 0.1438022255897522
0 0.3005990300859724 0.5454655374799456 0.009841953005109514 0.03504317147391183 0.13627199828624725
0 0.05303674936294556 0.5263950484139579 0.00548995818410601 0.024302993501935686 0.12969300150871277
0 0.3180034841809954 0.535158804484776 0.009336675916399275 0.04195608411516462 0.1248253807425499
0 0.544499363218035 0.5308691433497837 0.00705235345023019 0.03361218316214425 0.12132416665554047
0 0.049934719290052144 0.5321425029209682 0.006433814764022827 0.03300813266209194 0.12074031680822372
0 0.07031447546822685 0.531454222542899 0.006003039223807198 0.029552221298217773 0.1197509691119194
0 0.33298431124006 0.5450414930071149 0.008924109595162528 0.03466234888349261 0.11950602382421494
0 0.5486430100032261 0.5347206592559814 0.007432188306535993 0.0354956899370466 0.1192542165517807
0 0.5414036342075893 0.5265148707798549 0.006023781640189034 0.0281789984021868 0.11489509791135788
0 0.15125799179077148 0.5452220099312919 0.008959208215985979 0.03354440416608538 0.11365815997123718
0 0.16210133688790457 0.5388969012669155 0.009086080959865026 0.04006876264299665 0.11272551119327545
0 0.5511334964207241 0.5280885696411133 0.005959715162004743 0.03172080857413156 0.11230174452066422
0 0.16986354759761266 0.5454910142081124 0.00948483603341239 0.033884218760899136 0.1074715256690979
0 0.2308453151157924 0.5455027307782855 0.009422608784266881 0.034398487636021206 0.10369538515806198
0 0.25378571237836567 0.5451779365539551 0.00972865309034075 0.03401323727199009 0.10172566771507263
0 0.9139996256147113 0.5435665675571987 0.010045460292271205 0.03582174437386649 0.1016654521226883
0 0.6014142717633929 0.5427637100219727 0.008504458836146764 0.03749636241367885 0.10118138790130615
0 0.6055924551827567 0.5427670478820801 0.00846794673374721 0.03763120515005929 0.10000122338533401
0 0.3230109895978655 0.5352660587855748 0.009659051895141602 0.04276224545070103 0.09998021274805069
0 0.2488527979169573 0.5451794351850238 0.009799497468130929 0.03402488572256906 0.09942754358053207
0 0.9087463106427874 0.5426109177725655 0.010296617235456194 0.03590117182050433 0.09802989661693573
0 0.31739882060459684 0.5551900523049491 0.010081870215279716 0.02185337884085519 0.09653963148593903
0 0.6099270411900112 0.5428178650992257 0.00849560328892299 0.037672417504446845 0.09358126670122147
0 0.22614833286830358 0.5455071585518974 0.009575843811035156 0.03426977566310337 0.09105931222438812
0 0.597778456551688 0.5424577849251884 0.00849499021257673 0.03758689335414341 0.09076706320047379
0 0.14680673394884383 0.5452136652810233 0.008887325014386858 0.03376688276018415 0.08881710469722748
0 0.23795505932399205 0.5457169328417096 0.0093003511428833 0.034492628914969306 0.08756338059902191
0 0.1608110155378069 0.5519862174987793 0.00981053284236363 0.022737673350742886 0.08531899005174637
0 0.07303588730948311 0.5355920791625977 0.006399337734494891 0.030625990458897183 0.08450586348772049
0 0.8882325036185128 0.5456892422267369 0.009767396109444755 0.034324509756905694 0.08425765484571457
0 0.8924600056239537 0.5446164267403739 0.010066986083984375 0.03573523248944964 0.08350563794374466
0 0.9026720183236259 0.5439844131469727 0.010168756757463728 0.0354724611554827 0.08336667716503143
0 0.15421233858380998 0.5385696547372001 0.008523038455418177 0.039406810488019674 0.08291164040565491
0 0.5461407388959613 0.5225191456930978 0.005229881831577846 0.027090208871023997 0.08196646720170975
0 0.5531932967049735 0.537703105381557 0.007868732724870955 0.03839911733354841 0.08153799921274185
0 0.24317409311022078 0.545431409563337 0.009632655552455358 0.034077303750174384 0.08135572820901871
0 0.12988955633980886 0.544788292476109 0.008766787392752511 0.03337805611746652 0.08080244809389114
0 0.25884991032736643 0.5452480316162109 0.009594542639596122 0.03412880216326032 0.0802277997136116
0 0.5383273533412388 0.5211180959429059 0.005151510238647461 0.024048771177019392 0.07984091341495514
0 0.9205207824707031 0.5418697425297329 0.008693695068359375 0.038673264639718194 0.07976855337619781
0 0.8979118892124721 0.5440225601196289 0.010047027042933874 0.03571047101702009 0.07974626123905182
0 0.1422275219644819 0.5451967375619071 0.00887347970690046 0.03376960754394531 0.07960281521081924
0 0.29383720670427593 0.5455078397478376 0.009719133377075195 0.03484657832554409 0.07872150093317032
0 0.17587792873382568 0.5455633231571743 0.009515081133161272 0.0338676997593471 0.07668638974428177
0 0.6150891440255302 0.5428886072976249 0.008503641401018416 0.037623201097760885 0.07620391994714737
0 0.535684449332101 0.520927906036377 0.005120447703770229 0.02386641502380371 0.0755939856171608
0 0.1376176561628069 0.5451792648860386 0.008896751063210624 0.03366082055228097 0.07515184581279755
0 0.957632337297712 0.5271520955221993 0.006368568965366909 0.027865137372698103 0.07401543855667114
0 0.5913380895342145 0.5419731140136719 0.008356503077915736 0.03836219651358468 0.07104191184043884
0 0.9610092980521066 0.5270581586020333 0.0062067849295479914 0.026654584067208425 0.07082688063383102
0 0.18375451224190847 0.5456653663090297 0.00950535706111363 0.03379419871738979 0.07003244757652283
0 0.3409509999411447 0.5445655754634312 0.008595057896205358 0.03446258817400251 0.06925267726182938
0 0.8832648822239467 0.5458976200648716 0.00966644287109375 0.0339688914162772 0.06892341375350952
0 0.5565460750034877 0.5286995342799595 0.006087814058576312 0.03202104568481445 0.06855592131614685
0 0.9635454586574009 0.5267109189714704 0.005704198564801898 0.025820221219744 0.06851494312286377
0 0.5292462621416364 0.5246849400656564 0.0056656428745814735 0.023942879268101284 0.06836505979299545
0 0.5874395370483398 0.5418100697653634 0.008340903690883092 0.038751534053257534 0.06719911098480225
0 0.5328452927725655 0.520794255392892 0.0050972870418003625 0.02359206335885184 0.06712818145751953
0 0.13392458643232072 0.546525376183646 0.009253408227648054 0.033052989414760044 0.0666785016655922
0 0.22033790179661342 0.5455544335501534 0.0096555267061506 0.03413118634905134 0.06649307906627655
0 0.23508867195674352 0.5389902591705322 0.009414979389735631 0.039958953857421875 0.06630514562129974
0 0.9112059048243931 0.550304821559361 0.010499136788504464 0.024014438901628767 0.06629634648561478
0 0.3128149168831961 0.5550423349652972 0.010801621845790319 0.021840129579816545 0.06625892221927643
0 0.2339944839477539 0.5518755231584821 0.009946755000523158 0.0226175103868757 0.0655805766582489
0 0.5835958208356585 0.5415761811392648 0.008288724081856864 0.03872772625514439 0.06458860635757446
0 0.2642209529876709 0.5453009605407715 0.009494900703430176 0.034209217344011576 0.06400980055332184
0 0.1917480230331421 0.5456983702523368 0.009468419211251395 0.03386466843741281 0.06341943144798279
0 0.925644942692348 0.5369037900652204 0.00817244393484933 0.03508360045296805 0.0627155676484108
0 0.5789589200701032 0.541539090020316 0.008274895804268973 0.03863075801304409 0.061753325164318085
0 0.9543719972882952 0.527256829398019 0.006668431418282645 0.029421022960117886 0.06092079356312752
0 0.12553112847464426 0.5401462486812046 0.007921925612858363 0.03614303043910435 0.05974433571100235
0 0.6204336711338588 0.5431848253522601 0.008570466722760881 0.037190028599330356 0.059410128742456436
0 0.6125685828072684 0.5491111619131905 0.008769239698137556 0.025866951261247908 0.05907190591096878
0 0.0780034065246582 0.5357025691441127 0.006421591554369245 0.030983141490391324 0.058710720390081406
0 0.574366569519043 0.5414299283708844 0.008219514574323381 0.03874993324279785 0.058268919587135315
0 0.05440553171294076 0.5213193893432617 0.004333708967481341 0.022104263305664062 0.058105360716581345
0 0.04629302876336234 0.5248547622135707 0.005153272833142962 0.025652544839041575 0.05695392191410065
0 0.05148190259933472 0.5209901673453194 0.0046232640743255615 0.021563427788870677 0.05500397831201553
0 0.04900917836597988 0.5208917685917446 0.004629488502229963 0.02114800044468471 0.05450988933444023
0 0.04476370130266462 0.5324822834559849 0.006275487797600883 0.032180343355451314 0.053898826241493225
0 0.2841020141329084 0.5454551151820591 0.009468521390642439 0.03447965213230678 0.05370365083217621
0 0.12208033459527153 0.5442473547799247 0.008357013974870955 0.03303306443350656 0.053369149565696716
0 0.625929696219308 0.5435729026794434 0.008636202130998884 0.03660695893423898 0.05327120050787926
0 0.27401762349264963 0.5453591346740723 0.009433337620326452 0.034277541296822686 0.05305275693535805
0 0.9288208825247628 0.533637251172747 0.00823007311139788 0.034214564732142856 0.05167429521679878
