0 0.5529731341770717 0.5224905695234027 0.0069833483014787945 0.030993359429495677 0.13697952032089233
0 0.5560970987592425 0.5284904752458844 0.008582762309483119 0.043035336903163364 0.13691192865371704
0 0.5501305035182408 0.5244945117405483 0.00737203870500837 0.03207826614379883 0.11028704047203064
0 0.4173088754926409 0.5356761387416294 0.007453373500279018 0.03383462769644601 0.10197446495294571
0 0.42538343157087055 0.5355356080191476 0.007483312061854771 0.03381378310067313 0.09304030239582062
0 0.9298133168901715 0.5398209776197161 0.009491375514439173 0.04500068937029157 0.09151723980903625
0 0.5601434367043632 0.5350821358816964 0.008982181549072266 0.042666571480887275 0.08392027765512466
0 0.4220766339983259 0.5322528226034982 0.007342304502214704 0.0338224002293178 0.08148541301488876
0 0.4316042831965855 0.5354065895080566 0.0073533739362444195 0.033279589244297574 0.07786829769611359
0 0.5853418622698102 0.5386269092559814 0.010307516370500838 0.046444484165736606 0.07657285034656525
0 0.576822144644601 0.5388241495404925 0.009932926722935267 0.047194446836199076 0.07473237812519073
0 0.581869261605399 0.5388500349862235 0.009837695530482702 0.0478449889591762 0.07204713672399521
0 0.4368548733847482 0.5196219852992466 0.0055866241455078125 0.019442047391619 0.07160809636116028
0 0.5483159678322929 0.5211786542619977 0.006591592516217913 0.028192077364240373 0.06892293691635132
0 0.42784098216465544 0.5241397108350482 0.0064667633601597375 0.024548121861049106 0.06884460151195526
0 0.5906387737819127 0.5384534086499896 0.010265759059361048 0.04666648592267718 0.06807392835617065
0 0.9243380001613072 0.539952278137207 0.009352411542619978 0.04486015864780971 0.06673569232225418
0 0.5720494134085519 0.539041382925851 0.00981487546648298 0.0473024845123291 0.06430438160896301
0 0.41491385868617464 0.5342105456760952 0.007830653871808733 0.036121674946376255 0.062824547290802
0 0.567960364477975 0.5388227871486119 0.009931904929024833 0.046948024204799106 0.061589471995830536
0 0.4302467278071812 0.5254314286368233 0.006617954799107143 0.02859534536089216 0.05990224704146385
0 0.4110062462942941 0.5346954209463937 0.007761989321027484 0.03692964145115444 0.05883888900279999
0 0.5465764999389648 0.5174259458269391 0.005795955657958984 0.02480905396597726 0.0574447326362133
0 0.42406558990478516 0.5234520094735282 0.006098951612200055 0.026549509593418667 0.053064242005348206
0 0.39251627240862164 0.5413267612457275 0.008966207504272461 0.039402621132986884 0.0528213195502758
