0 0.8497400283813477 0.5435087340218681 0.00931896482195173 0.03887016432625907 0.6225635409355164
0 0.8543287685939244 0.5428814888000488 0.009804180690220423 0.039134979248046875 0.6212767362594604
0 0.8444670949663434 0.5434244700840541 0.009193284170968192 0.038865123476300924 0.558549165725708
0 0.8624508040291923 0.5424439907073975 0.009764671325683594 0.04000786372593471 0.2576428949832916
0 0.8666849136352539 0.545304366520473 0.009383405957903181 0.02986863681248256 0.22146272659301758
0 0.8517379079546247 0.531376838684082 0.009292875017438616 0.045453037534441264 0.19047090411186218
0 0.38958862849644255 0.5381864139011928 0.008417878832135881 0.03638648986816406 0.15740744769573212
0 0.8705981118338448 0.5421319007873535 0.009771278926304408 0.040458849498203824 0.15438151359558105
0 0.8364336831229073 0.5423282214573452 0.00935983657836914 0.039786066327776225 0.15343281626701355
0 0.39337682723999023 0.5329493113926479 0.007922683443341936 0.034588166645595005 0.15045395493507385
0 0.0596635639667511 0.5250285012381417 0.004967451095581055 0.02076455524989537 0.13689273595809937
0 0.055479194436754496 0.524827207837786 0.00494510361126491 0.020595993314470564 0.1331692785024643
0 0.39742742265973774 0.5309069156646729 0.00785653931753976 0.0340266227722168 0.1285540759563446
0 0.385066168648856 0.5402472019195557 0.008570773260934013 0.03765412739345005 0.12456203997135162
0 0.743544169834682 0.5419967174530029 0.009369032723563058 0.03835289818899972 0.10770884901285172
0 0.38138178416660856 0.540285417011806 0.008569615227835519 0.037954398563929966 0.10714558511972427
0 0.06326548542295184 0.5297761985233852 0.005814599139349801 0.02564225878034319 0.0950639471411705
0 0.04862678902489798 0.5241107940673828 0.004928380250930786 0.020337751933506558 0.09366457164287567
0 0.058009062494550435 0.5199301583426339 0.004232730184282575 0.01813084738595145 0.09322506934404373
0 0.8590665544782367 0.5323061261858258 0.00906017848423549 0.04713491031101772 0.09229838103055954
0 0.7369522367204938 0.5423600673675537 0.009126322610037667 0.03840126310076032 0.09154514968395233
0 0.053889640739985874 0.5197193622589111 0.004196120159966605 0.018084049224853516 0.09071730822324753
0 0.053384040083204 0.5274328504289899 0.0055474766663142615 0.024407829557146345 0.08738654851913452
0 0.0612653238432748 0.5201895236968994 0.004244404179709298 0.018114021846226284 0.08698534965515137
0 0.9538939339773995 0.537564584187099 0.00768763678414481 0.03891324996948242 0.08658970892429352
0 0.06600146634238106 0.5301200321742466 0.005799042327063424 0.025883095605032786 0.08632262051105499
0 0.09115796429770333 0.5414236613682338 0.006902107170649937 0.03283882141113281 0.08454735577106476
0 0.08751814705984932 0.5412742069789341 0.006872143064226423 0.03284825597490583 0.08406570553779602
0 0.3770813260759626 0.5403953620365688 0.008557966777256556 0.03812973839896066 0.08303658664226532
0 0.7493015016828265 0.5422759056091309 0.009305613381522042 0.03759312629699707 0.08294941484928131
0 0.05126105036054339 0.5196013450622559 0.00426599383354187 0.018472160611833845 0.07920962572097778
0 0.08361056021281651 0.5412048612322126 0.006915262767246791 0.03256821632385254 0.07914525270462036
0 0.8395336696079799 0.5340574128287179 0.009067535400390625 0.04483192307608468 0.07859904319047928
0 0.07926739965166364 0.538517815726144 0.00661970887865339 0.031590359551565986 0.07859568297863007
0 0.39801812171936035 0.5437114579336983 0.009116513388497489 0.032627616609845846 0.0758775994181633
0 0.35221787861415316 0.5431397642408099 0.009380578994750977 0.035538128444126675 0.07277519255876541
0 0.06944726620401655 0.5303875378199986 0.005757238183702741 0.026235784803118025 0.07276001572608948
0 0.044858732393809726 0.5241989408220563 0.004950310502733503 0.020405803407941545 0.07195906341075897
0 0.09557853426252093 0.5415765217372349 0.006912342139652797 0.03286855561392648 0.07156163454055786
0 0.3474764823913574 0.5433251517159599 0.009411096572875977 0.03534354482378278 0.07154741138219833
0 0.06494849920272827 0.5203615937914167 0.004210493394306728 0.018121583121163503 0.06949041783809662
0 0.35672766821725027 0.5429888452802386 0.00939141001020159 0.035588434764317105 0.06870023906230927
0 0.4032736505780901 0.5269548552376884 0.007170098168509347 0.029955080577305386 0.0659383162856102
0 0.38787078857421875 0.5285576411655971 0.0071740831647600445 0.03171287264142718 0.0650336891412735
0 0.8304602759225028 0.5421834673200335 0.009524549756731306 0.04001358577183315 0.06456878036260605
0 0.0733277542250497 0.5348058428083148 0.006004844393048968 0.029485838753836497 0.06426942348480225
0 0.3615215846470424 0.5425824437822614 0.009256533214024134 0.035876069750104635 0.06377851217985153
0 0.3422802516392299 0.5434177262442452 0.009405442646571569 0.03526364053998675 0.062282536178827286
0 0.37321060044424875 0.5461712564740863 0.009473187582833427 0.0275139468056815 0.06179533526301384
0 0.07559796742030553 0.5398788452148438 0.0065406135150364465 0.02909820420401437 0.06177462264895439
0 0.5474355561392648 0.526928186416626 0.008572816848754883 0.037288052695138116 0.06034750118851662
0 0.3692824159349714 0.5412348338535854 0.008684771401541573 0.03764203616550991 0.060269955545663834
0 0.6516257694789341 0.539625917162214 0.01069225583757673 0.04309242112295968 0.059628356248140335
0 0.4019651412963867 0.5396578993116107 0.00884110586983817 0.04134600503104074 0.05854791775345802
0 0.14347718443189347 0.5447332518441337 0.008184467043195452 0.03301644325256348 0.056900251656770706
0 0.6395553861345563 0.5380196571350098 0.010842118944440569 0.04251320021493094 0.056769754737615585
0 0.14699530601501465 0.5448978287833077 0.008259194237845284 0.03307230131966727 0.05664356052875519
0 0.5512137413024902 0.5320758138384137 0.00985264778137207 0.04454490116664341 0.056475065648555756
0 0.44680878094264437 0.5158327647617885 0.00531073978969029 0.01989633696419852 0.056451570242643356
0 0.1000840493610927 0.5419516563415527 0.0069536396435328895 0.03309600693838937 0.05544443428516388
0 0.33806419372558594 0.543715068272182 0.009357588631766183 0.03515372957502093 0.05504037067294121
0 0.656888484954834 0.5391709463936942 0.009723663330078125 0.04300011907305036 0.05369134247303009
0 0.730759756905692 0.5425407545907157 0.009293692452566964 0.038531405585152764 0.05365239456295967
0 0.6444000516619001 0.5394273485456195 0.010814189910888672 0.04289817810058594 0.05311358720064163
0 0.555659294128418 0.533747673034668 0.009968621390206473 0.0464508192879813 0.05308889225125313
0 0.5617438043866839 0.5368892805916923 0.010844128472464425 0.05003861018589565 0.05268939584493637
0 0.5680695942470005 0.5369091033935547 0.010679755892072405 0.05032478060041155 0.0521940216422081
0 0.40767005511692594 0.5265415055411202 0.007115840911865234 0.029477630342756 0.05215949937701225
0 0.542227063860212 0.5221482685634068 0.007616451808384487 0.03377141271318708 0.05181474611163139
0 0.33036351203918457 0.5448324339730399 0.009192671094621931 0.034184115273611884 0.051351387053728104
0 0.08246699401310512 0.5314301082066127 0.005930449281420026 0.02855025018964495 0.05102710798382759
0 0.04065778851509094 0.5196630273546491 0.00438305309840611 0.01825714111328125 0.05050091817975044
