0 0.5982516152518136 0.5395728519984654 0.009732859475272042 0.04251824106488909 0.3332330286502838
0 0.5942525863647461 0.5391605922154018 0.008880274636404855 0.0410489695412772 0.24187161028385162
0 0.945220811026437 0.5368492943899972 0.006801468985421317 0.0343233517238072 0.13102801144123077
0 0.5893877574375698 0.5393257822309222 0.008767741067068917 0.041691677910940986 0.10865452140569687
0 0.4320285660879953 0.5185988630567279 0.0050629547664097375 0.01710210527692522 0.08214891701936722
0 0.08287373610905238 0.5384538173675537 0.006467052868434361 0.029255526406424388 0.07998233288526535
0 0.9529586519513812 0.527109180177961 0.005887917109898159 0.02752671922956194 0.07956063747406006
0 0.08112519979476929 0.5361723218645368 0.005957450185503278 0.02853424208504813 0.07341156154870987
0 0.09943291119166783 0.5364804949079242 0.00762706995010376 0.03059884480067662 0.07246916741132736
0 0.43497977937970844 0.5182722636631557 0.005071026938302177 0.01679825782775879 0.072372667491436
0 0.09441179888589042 0.5348896980285645 0.007014427866254534 0.030163322176252092 0.07083126157522202
0 0.543154103415353 0.5191065924508231 0.005284956523350307 0.019822086606706892 0.07029231637716293
0 0.9428122384207589 0.5397687980106899 0.00829730715070452 0.04156766619001116 0.06574308127164841
0 0.939981392451695 0.5347996779850551 0.0070105961390904015 0.036464691162109375 0.06119777634739876
0 0.5459590639386859 0.5189987250736782 0.0054367950984409875 0.020708015986851284 0.060373321175575256
0 0.09332164696284703 0.5421055725642613 0.007623229707990374 0.03143998554774693 0.05993112921714783
0 0.07177728414535522 0.5381405012948173 0.006539621523448399 0.028965302876063755 0.05807586759328842
0 0.09092387982777186 0.5349266188485282 0.006986941610063825 0.030520405088152205 0.05768913775682449
0 0.05545790706362043 0.537740979875837 0.0060117415019444054 0.028862612588065013 0.057439908385276794
0 0.0665251272065299 0.5313402584620884 0.006008177995681763 0.027564934321812222 0.05632275715470314
0 0.3784539358956473 0.5276919092450824 0.006871870585850307 0.029193503516060964 0.05622437223792076
0 0.07663169928959437 0.5368870326450893 0.006350159645080566 0.02861550876072475 0.05590000003576279
0 0.09738166843141828 0.5419622829982212 0.0077136073793683734 0.03188555581229074 0.055865101516246796
0 0.9328931399754116 0.5398431846073696 0.008307593209402902 0.043603760855538506 0.05418305844068527
0 0.550088916506086 0.5238688332693917 0.006013393402099609 0.02429274150303432 0.051039356738328934
0 0.958317484174456 0.5299082142966134 0.006498745509556362 0.03342376436505999 0.050548236817121506
