0 0.04741294469152178 0.5255893979753766 0.005005666187831334 0.024799789701189314 0.22733400762081146
0 0.045933893748692105 0.5208086967468262 0.004257734332765851 0.02135702541896275 0.2092658430337906
0 0.049606774534497945 0.5257816314697266 0.0049159228801727295 0.024513176509312222 0.1973440945148468
0 0.9196134975978306 0.5437418733324323 0.010014397757393973 0.03532743453979492 0.1935834288597107
0 0.371455260685512 0.5420542785099575 0.009098597935267858 0.03554534912109375 0.18744315207004547
0 0.3656385285513742 0.5425817625863212 0.00931790896824428 0.03522379057747977 0.1738264113664627
0 0.9247936521257673 0.5432887758527484 0.009215559278215681 0.0369079453604562 0.1729188710451126
0 0.3017640454428537 0.5470376695905413 0.010046345846993583 0.03129945482526507 0.15745148062705994
0 0.3776170185634068 0.5420757702418736 0.009191138403756278 0.03604466574532645 0.15608227252960205
0 0.9286045346941266 0.5411175319126674 0.0087564332144601 0.03723481723240444 0.15421871840953827
0 0.06146270036697388 0.5352123805454799 0.005914964846202305 0.03184233392987933 0.14761358499526978
0 0.2948366914476667 0.5471697534833636 0.010168688637869698 0.03176794733319964 0.1452581137418747
0 0.04017605100359235 0.5276704175131661 0.005957914250237601 0.031104428427559987 0.1452455371618271
0 0.30607186044965473 0.5441124779837472 0.010557515280587333 0.035650934491838725 0.14456191658973694
0 0.05812150665691921 0.5349408558436802 0.0060021025793893 0.03199424062456403 0.14386874437332153
0 0.2979482923235212 0.5517975262233189 0.009977340698242188 0.022001130240304128 0.14141535758972168
0 0.051676311663218906 0.5303784779139927 0.00576772860118321 0.030238049370901927 0.14075423777103424
0 0.05416111860956464 0.53067490032741 0.005745564188276019 0.030537264687674388 0.1390736997127533
0 0.31046765191214426 0.5454986436026437 0.010102851050240653 0.033644097191946845 0.13719633221626282
0 0.9329141208103725 0.5411487306867327 0.008749280657087053 0.03761993135724749 0.13226447999477386
0 0.28907244546072824 0.5470616476876395 0.010213085583278112 0.032301323754446845 0.13112254440784454
0 0.38207646778651644 0.5397522790091378 0.008941343852451869 0.03590553147452218 0.1272369921207428
0 0.03626449193273272 0.523808343069894 0.005669953567641122 0.02676217896597726 0.12707799673080444
0 0.6000223159790039 0.5420802320752826 0.009515626089913505 0.037170273917061944 0.12310802191495895
0 0.607734067099435 0.5427502223423549 0.009711129324776786 0.03722841399056571 0.12175805121660233
0 0.6120362962995257 0.542973416192191 0.009779998234340124 0.037328788212367466 0.12057686597108841
0 0.6166149548121861 0.5431325776236398 0.009809221540178572 0.037471771240234375 0.11919045448303223
0 0.06438905000686646 0.5379574639456612 0.006319476025445121 0.03370550700596401 0.11732994019985199
0 0.6271517617361886 0.5443390778132847 0.009852613721575056 0.035611357007707865 0.11455978453159332
0 0.2836364677974156 0.5468129771096366 0.010330591882978166 0.032606192997523716 0.11434660106897354
0 0.6219994681222099 0.5444897242954799 0.00993762697492327 0.03624388149806431 0.11228616535663605
0 0.9117863518851144 0.5439658846173968 0.010115759713309152 0.03538063594273159 0.10925209522247314
0 0.9376040867396763 0.5411698477608817 0.008754253387451172 0.0380223137991769 0.10918877273797989
0 0.9621280942644391 0.5315701280321393 0.0071729932512555805 0.034464427403041294 0.10657437145709991
0 0.9680509567260742 0.5388836179460798 0.006882599421909877 0.0368586608341762 0.10477525740861893
0 0.3159902095794678 0.5450465338570731 0.01001739501953125 0.0339723995753697 0.10459290444850922
0 0.10589803968157087 0.5437489918300084 0.007970145770481654 0.033703701836722236 0.10452038049697876
0 0.9651283536638532 0.5274004936218262 0.006270136151994977 0.03125241824558803 0.10339532792568207
0 0.5786666188921247 0.5378130504063198 0.008821487426757812 0.03938467161996024 0.1016445904970169
0 0.9692914145333427 0.527139391217913 0.006050995418003627 0.02982595988682338 0.10104000568389893
0 0.06883077110563006 0.5389001710074288 0.006240436008998326 0.03438230923243931 0.09887803345918655
0 0.9588655063084194 0.5382190431867327 0.007729802812848773 0.038609470639910014 0.09613903611898422
0 0.6039167812892369 0.5378024578094482 0.009748050144740514 0.042339938027518134 0.0949205607175827
0 0.10089090892246791 0.5434862204960415 0.007888598101479667 0.0337193352835519 0.09293778985738754
0 0.16448940549577987 0.5422032220023019 0.010044472558157784 0.03959294727870396 0.09176412969827652
0 0.168282151222229 0.5455789225442069 0.010150023869105749 0.03389481135777065 0.09167511016130447
0 0.3856649398803711 0.5367035184587751 0.008416312081473214 0.03498305593218122 0.0897558331489563
0 0.5943870544433594 0.5409787722996303 0.009262698037283761 0.03868239266531808 0.08971766382455826
0 0.633432252066476 0.544632979801723 0.009835311344691686 0.03502937725612095 0.08709882944822311
0 0.111038190977914 0.5439297812325614 0.00803558315549578 0.03392883709498814 0.0869750902056694
0 0.5835723876953125 0.5401977811540876 0.009001663752964564 0.040313550404139926 0.08670610934495926
0 0.052893753562654765 0.5210749762398856 0.004268229007720947 0.021513121468680247 0.08667881786823273
0 0.1591981819697789 0.5453732013702393 0.00989569936479841 0.0340207644871303 0.08619564026594162
0 0.9426165989467076 0.5412582669939313 0.008771078927176339 0.03847908973693848 0.08524799346923828
0 0.357058048248291 0.5438397952488491 0.009798833302089147 0.03457369123186384 0.0852159932255745
0 0.1732830490384783 0.5456930228642055 0.010132108415876116 0.0338982173374721 0.0849144384264946
0 0.37487312725612093 0.5324538435254779 0.008644580841064453 0.039650372096470425 0.08488170802593231
0 0.14372193813323975 0.5444860798971993 0.008960630212511336 0.03486183711460659 0.08353953808546066
0 0.5746894563947406 0.5375428199768066 0.008737223488943917 0.040082693099975586 0.08327282965183258
0 0.5911250795636859 0.5365632261548724 0.008974007197788783 0.04113428933279855 0.08292877674102783
0 0.1478947401046753 0.5446065834590367 0.009200470788138253 0.0347252573285784 0.08118267357349396
0 0.03913849166461399 0.5161024161747524 0.003624439239501953 0.01964494160243443 0.07999490946531296
0 0.1521514994757516 0.5448218073163714 0.009423187800816126 0.03455839838300433 0.07953140884637833
0 0.13873045785086496 0.5444751807621547 0.008845252650124686 0.034754548754010885 0.07864652574062347
0 0.27519709723336355 0.5468308585030692 0.01048675605228969 0.032344273158482144 0.07849352061748505
0 0.9532204355512347 0.538581303187779 0.008045196533203125 0.038499457495553155 0.07755391299724579
0 0.5877552032470703 0.5403387887137276 0.009054183959960938 0.03993620191301618 0.07663638144731522
0 0.12220495087759835 0.5445052555629185 0.008593882833208357 0.03440519741603306 0.07607383280992508
0 0.07240521907806396 0.539414780480521 0.006546267441340855 0.0342369760785784 0.07602181285619736
0 0.11650104182107109 0.5442580495561872 0.008325789655957903 0.03418326377868652 0.07571085542440414
0 0.1336003371647426 0.5445808342524937 0.00879131896155221 0.03450890949794224 0.07447978109121323
0 0.12850333963121688 0.5446851594107491 0.008741532053266252 0.03448033332824707 0.07360925525426865
0 0.32209627968924387 0.5447570937020438 0.009950978415352958 0.034129244940621514 0.07289215177297592
0 0.1782853262765067 0.5457312720162528 0.00999810014452253 0.034006868089948385 0.0709143728017807
0 0.9486787659781319 0.541170631136213 0.008549962724958147 0.0391998291015625 0.07048981636762619
0 0.9566167422703334 0.531604392187936 0.007155145917619977 0.03515938350132534 0.07011347264051437
0 0.08047003405434745 0.5369280406406948 0.006682472569601876 0.03339454105922154 0.06987983733415604
0 0.04256237404687064 0.5160834108080182 0.0037179461547306608 0.019943169185093472 0.0669669434428215
0 0.0958155734198434 0.5433341775621686 0.007888504437037877 0.0338808468409947 0.06692592054605484
0 0.5700272832598005 0.534766605922154 0.008318730763026647 0.03865722247532436 0.06680992245674133
0 0.3958541325160435 0.5377172742571149 0.00805142947605678 0.03442624637058803 0.066602922976017
0 0.15538251399993896 0.5391683578491211 0.009488310132707869 0.04115499768938337 0.06350309401750565
0 0.9063040869576591 0.5440846851893834 0.01014082772391183 0.03534661020551409 0.0628766417503357
0 0.26974051339285715 0.5468497957502093 0.0105623688016619 0.03222053391592843 0.06148049980401993
0 0.2588018349238804 0.5468226160321917 0.0104708160672869 0.032442024775913784 0.06126144900918007
0 0.07724146332059588 0.5399775845663888 0.006925531796046666 0.03407096862792969 0.061244744807481766
0 0.25409531593322754 0.5468085152762276 0.010409883090427943 0.03244781494140625 0.0611996129155159
0 0.3290707383837019 0.5445065498352051 0.009951046534946986 0.03418503488813128 0.06002843379974365
0 0.37928737912859234 0.5307262965611049 0.00802748543875558 0.035404511860438755 0.05840591341257095
0 0.18529319763183594 0.5469692775181362 0.009719508034842355 0.03254110472542899 0.057572342455387115
0 0.04966627699988229 0.5369799818311419 0.007093237979071481 0.03807217734200614 0.05708594620227814
0 0.5811670848301479 0.5278192247663226 0.007828371865408761 0.040402378354753764 0.05669882893562317
0 0.26402398518153597 0.5468661444527763 0.010526197297232491 0.03231644630432129 0.055809345096349716
0 0.09102581228528704 0.543158905846732 0.007838990007128035 0.034001554761614115 0.05572729930281639
0 0.07450178691319057 0.5285726615360805 0.005641460418701172 0.029643944331577847 0.05497083067893982
0 0.08628629786627633 0.5429607800074986 0.007752043860299247 0.03424188068934849 0.05389081686735153
0 0.5524864196777344 0.5257669176374163 0.006797654288155692 0.030933448246547153 0.05275031924247742
0 0.1563795804977417 0.5512659890311105 0.009518248694283622 0.022477967398507253 0.052736055105924606
0 0.5502968515668597 0.5207738535744804 0.006057807377406529 0.02684007372174944 0.05217409506440163
0 0.38891581126621794 0.5329544203622001 0.008067165102277483 0.03482358796255929 0.05183010548353195
