0 0.39025252205984934 0.5415735925946917 0.009305102484566825 0.03924363000052316 0.15826627612113953
0 0.46139703478131977 0.5152504444122314 0.0051598889487130305 0.019464629037039622 0.15690940618515015
0 0.38386406217302593 0.5419681412833077 0.009190355028424944 0.03973630496433803 0.15398666262626648
0 0.45874408313206266 0.5151891708374023 0.005256039755684989 0.020289897918701172 0.13670314848423004
0 0.8889047077723912 0.5444061756134033 0.009062630789620536 0.03733893803187779 0.13370990753173828
0 0.892700059073312 0.5417748178754535 0.009002821786063058 0.041040658950805664 0.12838736176490784
0 0.0853560141154698 0.5431337015969413 0.007205486297607422 0.03352437700544085 0.11937319487333298
0 0.08995960439954485 0.5436436789376395 0.007317849567958287 0.033785411289760044 0.11138536036014557
0 0.3956615924835205 0.541163410459246 0.009263242994035994 0.03840487343924386 0.10803841054439545
0 0.4639202526637486 0.5114468847002301 0.0048318590436662945 0.02053795542035784 0.1035352349281311
0 0.08241210665021624 0.5402389935084752 0.006899833679199219 0.03278187343052456 0.10352444648742676
0 0.45638339860098703 0.5152899878365653 0.005440167018345424 0.021043777465820312 0.10346068441867828
0 0.8962994303022113 0.5442238194601876 0.009104319981166295 0.03733512333461216 0.10311845690011978
0 0.09369630473000663 0.5437594822474888 0.007334530353546143 0.03369280270167759 0.10265779495239258
0 0.08054624285016741 0.547466550554548 0.007530042103358677 0.024807657514299666 0.10253763198852539
0 0.3800124781472342 0.543067216873169 0.009209837232317244 0.039872986929757256 0.0989237129688263
0 0.8824825286865234 0.5443757261548724 0.008612768990652902 0.037579400198800225 0.097429059445858
0 0.09824615716934204 0.5438776697431292 0.007359027862548828 0.03352860042027065 0.09640508890151978
0 0.9582239559718541 0.539393561226981 0.008532524108886719 0.041965178080967495 0.09398231655359268
0 0.10189742701394218 0.5440666675567627 0.007428245885031564 0.03345346450805664 0.09306418895721436
0 0.42548074041094097 0.5330026490347726 0.007993698120117188 0.032185520444597514 0.09087331593036652
0 0.4289278984069824 0.5263292448861259 0.007237945284162249 0.029479128973824636 0.08833745121955872
0 0.9541771071297782 0.5405024119785854 0.008342606680733817 0.04056784084865025 0.08732354640960693
0 0.42174577713012695 0.5304657731737409 0.007927860532488142 0.032871791294642856 0.08416265994310379
0 0.10669438328061785 0.5456432615007673 0.0077811649867466515 0.03299151148114886 0.080052450299263
0 0.962960924421038 0.5395171982901437 0.008231776101248605 0.04185516493661063 0.07770168036222458
0 0.4536872591291155 0.5155274527413505 0.005563429423740932 0.02171339307512556 0.07446403056383133
0 0.6493915830339704 0.5440754209245954 0.011288166046142578 0.03899788856506348 0.07429758459329605
0 0.3997111661093576 0.5384516716003418 0.008871691567557198 0.037585292543683736 0.07395250350236893
0 0.6579336438860212 0.5438883645193917 0.011285100664411272 0.03910262244088309 0.072946697473526
0 0.9008876255580357 0.5441250801086426 0.009111200060163225 0.03731499399457659 0.0720408633351326
0 0.9669671058654785 0.5406896727425712 0.007727350507463727 0.0406008107321603 0.07182792574167252
0 0.4342513084411621 0.5255643980843681 0.007115534373692104 0.02706183706011091 0.07101864367723465
0 0.5504238605499268 0.5265688896179199 0.008045264652797155 0.03532017980303083 0.06873989850282669
0 0.1101365430014474 0.5459235055106026 0.008044217314038957 0.0327458381652832 0.0686526894569397
0 0.4315516608101981 0.5316042218889508 0.008050612040928431 0.0319394724709647 0.06813174486160278
0 0.949310166495187 0.5407256398882184 0.008300508771623884 0.04039566857474191 0.06797730922698975
0 0.5560399123600551 0.5298167637416294 0.008875506264822823 0.04153037071228027 0.0653364509344101
0 0.5467064040047782 0.5216239861079625 0.007170030048915318 0.03108017785208566 0.06524322181940079
0 0.5432224954877581 0.5213123389652797 0.007144553320748466 0.030347347259521484 0.06354212015867233
0 0.4672063078199114 0.5114398683820452 0.004777431488037109 0.01971367427280971 0.06350699812173843
0 0.44843036787850515 0.519657952444894 0.0062051500592912945 0.022107975823538645 0.06338976323604584
0 0.3759516307285854 0.5433244024004255 0.009230443409511022 0.03835439682006836 0.06226183846592903
0 0.9440310341971261 0.5409853117806571 0.008290222712925501 0.0400698184967041 0.058384258300065994
0 0.9293820517403739 0.5464232308523995 0.008659839630126953 0.02730097089494978 0.0568133145570755
0 0.8772405896868024 0.5444389751979283 0.008607932499476842 0.037429945809500556 0.05592869222164154
0 0.0766775097165789 0.5386570521763393 0.0064670273235866 0.03065446444920131 0.055434450507164
0 0.5626927784511021 0.535017899104527 0.009668520518711634 0.04503556660243443 0.05468783155083656
0 0.5393670286451068 0.5164636884416852 0.006449903760637555 0.02825066021510533 0.05414556339383125
0 0.4455478531973703 0.5200963020324707 0.006352935518537249 0.023024048124040877 0.053893137723207474
0 0.11497339180537633 0.5450038909912109 0.00819415705544608 0.03362907682146345 0.053631287068128586
0 0.9384938648768834 0.5411268983568464 0.008263519832066126 0.03994812284197126 0.05302377790212631
0 0.5365044048854283 0.5163008485521589 0.00642115729195731 0.027663571493966237 0.051685720682144165
0 0.9322906221662249 0.5415449483054025 0.008245127541678292 0.03986358642578125 0.05021838843822479
