0 0.11322503430502755 0.5436130251203265 0.007799608366830009 0.03488997050694057 0.19019658863544464
0 0.10773677485329765 0.5431111199515206 0.007653108664921352 0.03454480852399554 0.1790081262588501
0 0.9364633560180664 0.540419442313058 0.007561751774379185 0.03782561847141811 0.17066603899002075
0 0.9325482504708427 0.5405419554029193 0.007482324327741351 0.037881714957101006 0.16489072144031525
0 0.10352132150105067 0.5429465430123466 0.007697582244873047 0.03449341229030064 0.16487552225589752
0 0.09929215908050537 0.5428211348397392 0.007670070443834577 0.03453237669808524 0.1595008671283722
0 0.3775792121887207 0.5422372817993164 0.008565528052193778 0.03531721660069057 0.1563633680343628
0 0.9407638822283063 0.5384046690804618 0.007333959851946149 0.03710062163216727 0.15455813705921173
0 0.37362779889787945 0.5423268931252616 0.008567026683262416 0.03548942293439593 0.15444108843803406
0 0.09480852740151542 0.5427550588335309 0.007642175470079694 0.03452995845249721 0.14799094200134277
0 0.09163427352905273 0.540355920791626 0.007100258554731097 0.0342801639011928 0.14795567095279694
0 0.9293241500854492 0.5414984907422747 0.007624830518450055 0.03778069359915597 0.1463673859834671
0 0.11831816605159215 0.5443227631705148 0.008523310933794295 0.034785100391932895 0.14415423572063446
0 0.38125671659197125 0.5421952860695975 0.008583273206438338 0.03512001037597656 0.13389776647090912
0 0.08814559664045062 0.5373157433101109 0.006591907569340297 0.033258369990757534 0.13226854801177979
0 0.369384833744594 0.5424087047576904 0.008522953305925642 0.03564957209995815 0.1268661767244339
0 0.08481720515659877 0.5367157459259033 0.006202127252306257 0.03189659118652344 0.12546123564243317
0 0.9520585196358817 0.5404530933925084 0.006833689553397042 0.03691554069519043 0.12228846549987793
0 0.9457630429949079 0.535966294152396 0.007004397256033761 0.036202703203473775 0.12060234695672989
0 0.9242128644670758 0.5429652418409076 0.008293015616280692 0.03737708500453404 0.11948879063129425
0 0.5464988436017718 0.5267504283360073 0.006349257060459682 0.029814754213605608 0.11880692094564438
0 0.3918384483882359 0.5390329020363944 0.00755868639264788 0.033183234078543525 0.11556535959243774
0 0.5503144264221191 0.5270029136112758 0.006318262645176479 0.02999040058680943 0.11286533623933792
0 0.3867906502314976 0.5396673679351807 0.00810037340436663 0.03434242521013532 0.11141996085643768
0 0.9203713280814034 0.5434958594185966 0.00849710191999163 0.03732521193368094 0.1053975448012352
0 0.12254718371800014 0.5445494651794434 0.00861069985798427 0.034836530685424805 0.10539526492357254
0 0.556654725755964 0.5346212046486991 0.007496459143502372 0.037251063755580356 0.10536038130521774
0 0.3965639386858259 0.535776172365461 0.0070231642041887555 0.03125715255737305 0.10533181577920914
0 0.5533769471304757 0.5305224146161761 0.0071549756186349055 0.03534810883658273 0.10430660843849182
0 0.36649036407470703 0.547771692276001 0.009504318237304688 0.025959151131766185 0.10339423269033432
0 0.36338050024850027 0.5433681351797921 0.008783340454101562 0.03554872104099819 0.10216540843248367
0 0.54349456514631 0.5295263358524868 0.007281030927385602 0.035868780953543525 0.09669179469347
0 0.6202328545706612 0.5434214047023228 0.00904989242553711 0.0357187134878976 0.09593649208545685
0 0.5418244770595005 0.5213099207196917 0.005668129239763532 0.02539031846182687 0.09507838636636734
0 0.9159500258309501 0.543579135622297 0.008464949471609933 0.03729581832885742 0.09408712387084961
0 0.4005085400172642 0.5355344499860492 0.006985936846051898 0.0307551452091762 0.09087015688419342
0 0.5386784757886615 0.521174498966762 0.005668163299560547 0.02509406634739467 0.09006872028112411
0 0.35611087935311453 0.5439728668757847 0.009233747209821428 0.03492348534720285 0.09004275500774384
0 0.560790981565203 0.5375040599278041 0.007907867431640625 0.039090667452131 0.0876246988773346
0 0.12662860325404576 0.5445872715541294 0.008597808224814278 0.03469811167035784 0.08753518760204315
0 0.13654444898877824 0.5447440147399902 0.008854116712297713 0.03411153384617397 0.08587363362312317
0 0.6259186608450753 0.544917174748012 0.00926971435546875 0.034567253930228095 0.08579200506210327
0 0.1312631368637085 0.5446751458304269 0.008714735507965088 0.034384454999651225 0.08565423637628555
0 0.9487669808523995 0.5326941353934151 0.006748948778424945 0.03504296711512974 0.08497664332389832
0 0.10537781034197126 0.535099710736956 0.006680428981781006 0.03364532334463937 0.08370565623044968
0 0.14565483161381312 0.5449302537100655 0.009175300598144531 0.03323442595345633 0.08187396824359894
0 0.6164165224347796 0.5431314877101353 0.008918217250279017 0.03630944660731724 0.08185610175132751
0 0.1410973838397435 0.544849055153983 0.009071946144104004 0.03364958081926618 0.08166221529245377
0 0.41822940962655203 0.5260516916002546 0.005840710231236049 0.023829119546072825 0.08019959926605225
0 0.35155783380780903 0.544039113180978 0.00920799800327846 0.03500359398978097 0.07936575263738632
0 0.15117587362016952 0.5451363836015973 0.009230460439409529 0.0327995845249721 0.07814034819602966
0 0.24295483316693986 0.5461322920663017 0.00934295994894845 0.033091374805995395 0.0760597437620163
0 0.07873620305742536 0.5358286585126605 0.006144583225250244 0.030348811830793108 0.07458809018135071
0 0.08182525634765625 0.5463581766401019 0.007980150835854667 0.031394788197108676 0.07324430346488953
0 0.23817288875579834 0.545121601649693 0.009313242776053292 0.03381208011082241 0.07306189835071564
0 0.347099815096174 0.5440306663513184 0.009192807333809989 0.034915004457746236 0.07294617593288422
0 0.9562853404453823 0.5278250830514091 0.0059353964669363836 0.03067810194832938 0.07196493446826935
0 0.3837857246398926 0.5344223976135254 0.0077277251652308875 0.03412652015686035 0.0701020136475563
0 0.6112868445260184 0.5430661610194615 0.008881228310721261 0.03657957485743931 0.06987430900335312
0 0.415370123726981 0.526221684047154 0.005904163633074079 0.02396096502031599 0.06842418760061264
0 0.5338359900883266 0.520066329411098 0.005550861358642578 0.023089987891060964 0.06832285970449448
0 0.6071108409336635 0.5429439885275704 0.00890350341796875 0.03678015300205776 0.06746301800012589
0 0.359966584614345 0.5498088087354388 0.00968374524797712 0.024308477129255022 0.06722215563058853
0 0.9107215063912528 0.5437157494681222 0.008480480739048548 0.037136077880859375 0.06716492772102356
0 0.11090326309204102 0.5339831624712262 0.007201118128640311 0.0398280279976981 0.0659722238779068
0 0.5784777232578823 0.5407053743089948 0.00801856177193778 0.039318902151925225 0.06585400551557541
0 0.34280518123081755 0.5440122059413365 0.009163515908377511 0.03491800171988351 0.06578423082828522
0 0.5829839706420898 0.5410270350319999 0.008016518184116908 0.0392608642578125 0.06475026905536652
0 0.0819868700844901 0.5325256756373814 0.0058337194578988215 0.029924801417759488 0.06430184841156006
0 0.5742168426513672 0.5405756064823696 0.008074419839041573 0.03936433792114258 0.06350655108690262
0 0.5876554080418178 0.5412766252245221 0.00800732203892299 0.03896890367780413 0.0634007677435875
0 0.6318215642656598 0.5455981663295201 0.009465353829520089 0.0332906927381243 0.06314495950937271
0 0.4111614227294922 0.5309419291360038 0.006597110203334263 0.028895718710763112 0.06241698935627937
0 0.5668305669512067 0.540320805140904 0.008172852652413505 0.03945098604474749 0.06220073997974396
0 0.5704834801810128 0.5404505048479352 0.008135829653058733 0.03934277806963239 0.06174330785870552
0 0.6026577268327985 0.541172845023019 0.00880983897617885 0.036442416054861884 0.06147114560008049
0 0.4043689114706857 0.5314462525503976 0.00675269535609654 0.029324497495378767 0.059018708765506744
0 0.5926028660365513 0.5418874876839774 0.00832360131399972 0.038074493408203125 0.058884765952825546
0 0.5976472582135882 0.5423757008143834 0.00870513916015625 0.037482227597917826 0.05790970101952553
0 0.9534309932163784 0.5273801258632115 0.005872794560023716 0.030200719833374023 0.057726193219423294
0 0.4078418867928641 0.5311557224818638 0.006670849663870675 0.02908907617841448 0.05768350139260292
0 0.2467212336403983 0.5516748428344727 0.009062920297895159 0.021940435682024275 0.05619184300303459
0 0.4253025395529611 0.5209430967058454 0.005151680537632534 0.020594562802995955 0.055008795112371445
0 0.4221062660217285 0.5209849902561733 0.0051953111376081195 0.020612478256225586 0.05359379202127457
0 0.42153239250183105 0.5328479834965297 0.00680610111781529 0.03159734180995396 0.05340481922030449
0 0.6866688047136579 0.5471258844648089 0.0096282958984375 0.03198204721723284 0.053259704262018204
0 0.5369189807346889 0.5163982255118233 0.004928963524954659 0.021531615938459123 0.05277886986732483
0 0.2509539808545794 0.5449502808707101 0.009290831429617745 0.03429388999938965 0.05276365578174591
0 0.4268052237374442 0.5291203430720738 0.006473541259765625 0.029507977621895925 0.05270073935389519
0 0.6371350969587054 0.5447494643075126 0.009623459407261439 0.03367485318865095 0.05218218266963959
0 0.4172052655901228 0.5358924525124686 0.007292713437761579 0.03400782176426479 0.051989439874887466
0 0.42791679927280973 0.5208747046334403 0.005125795091901507 0.020468064716884067 0.05184747278690338
0 0.5572008405412946 0.5222815786089215 0.005522012710571289 0.02647301128932408 0.05130430683493614
0 0.9050234385899135 0.5438807010650635 0.008502960205078125 0.036909239632742744 0.05108347907662392
0 0.5641590186527797 0.5280075754438128 0.006215367998395648 0.030764068875994 0.050244346261024475
