0 0.44677625383649555 0.5195167405264718 0.005373171397617885 0.019461188997541155 0.10217778384685516
0 0.9648607798985073 0.5277806350163051 0.006579739706856864 0.030858380453927175 0.09005334228277206
0 0.9274294716971261 0.5400769029344831 0.009380544934953963 0.04422760009765625 0.08756569027900696
0 0.4150233949933733 0.5358843122209821 0.0077321529388427734 0.034401927675519674 0.08490681648254395
0 0.5894069671630859 0.5386893408639091 0.010169165475027902 0.04726471219744001 0.0790342390537262
0 0.5848030362810407 0.5390558923993792 0.009803908211844308 0.04815588678632464 0.0785994604229927
0 0.43644448689052034 0.5202851976667132 0.005465235028948102 0.020122153418404714 0.07407303154468536
0 0.5933445521763393 0.538710389818464 0.010193211691720145 0.04738381930759975 0.06972674280405045
0 0.43368308884756906 0.524188722882952 0.0061119624546595985 0.024236134120396206 0.06814424693584442
0 0.4393281936645508 0.5199642181396484 0.005441733769008091 0.019488811492919922 0.06464177370071411
0 0.9228134836469378 0.5401970999581474 0.009355817522321428 0.044163056782313755 0.06358306854963303
0 0.5796178409031459 0.5389505795070103 0.009885379246303014 0.04782588141305106 0.06294231116771698
0 0.4084529195513044 0.5343446731567383 0.0077523163386753625 0.035682541983468194 0.06280052661895752
0 0.5420794486999512 0.517735413142613 0.005592788968767438 0.025777953011648997 0.06078498438000679
0 0.44949814251491 0.5143282754080636 0.004951340811593192 0.019255774361746653 0.06073787808418274
0 0.4040870666503906 0.5352770941598075 0.007726192474365234 0.036565235682896206 0.055176474153995514
0 0.5443176542009626 0.52071441922869 0.006414651870727539 0.02803114482334682 0.055152229964733124
0 0.45201236861092703 0.5140566144670758 0.004989215305873326 0.0187772342136928 0.054485760629177094
0 0.4413754258837019 0.5201364925929478 0.005646841866629464 0.02078866958618164 0.05371696874499321
0 0.5713040828704834 0.5386978898729596 0.009811060769217355 0.04776879719325474 0.05227801576256752
