0 0.9564635413033622 0.5392415182931083 0.008080618722098214 0.0418511118207659 0.14480213820934296
0 0.9525041580200195 0.5394010884421212 0.007988725389753069 0.04187774658203125 0.1401437222957611
0 0.12146582773753575 0.5450348854064941 0.009019834654671805 0.03310050283159528 0.1339016705751419
0 0.9659440176827567 0.5307348796299526 0.006881100790841239 0.03739227567400251 0.12562710046768188
0 0.9611550739833287 0.5357382638113839 0.007742336818150112 0.04184525353567941 0.1063249409198761
0 0.12417934622083392 0.5412552016122001 0.008791089057922363 0.03750205039978027 0.09982048720121384
0 0.9319778169904437 0.5403241770608085 0.00854076657976423 0.04421608788626535 0.0998113825917244
0 0.1177916441644941 0.5450687067849296 0.008876766477312361 0.0331641605922154 0.09445034712553024
0 0.9494049889700753 0.5394609315054757 0.007988929748535156 0.04206054551260812 0.0902797058224678
0 0.9583213669913155 0.532646826335362 0.007608822413853237 0.04035554613385882 0.08375460654497147
0 0.9366030011858258 0.5404712132045201 0.008446829659598214 0.044010468891688755 0.07850690931081772
0 0.9638141904558454 0.5325076920645577 0.007551533835274833 0.042204822812761576 0.07583247870206833
0 0.1275783351489476 0.5454070568084717 0.008795108113970076 0.03314140864780971 0.07427062094211578
0 0.5639936583382743 0.5372083527701241 0.007877043315342494 0.04029488563537598 0.07216368615627289
0 0.940563406263079 0.5402803080422538 0.008471080235072545 0.04408516202654157 0.07199330627918243
0 0.9710433823721749 0.5281227656773159 0.0067343030657087055 0.0325314998626709 0.07006598263978958
0 0.3943026747022356 0.5362833908626011 0.006687777382986886 0.03320503234863281 0.06963207572698593
0 0.40162743840898785 0.5355835642133441 0.006546633584158761 0.03163681711469378 0.06378833204507828
0 0.9450211524963379 0.539531980242048 0.00796863010951451 0.04231963838849749 0.06366433948278427
0 0.3711926255907331 0.5422874518803188 0.008524554116385323 0.03864969526018415 0.06323537975549698
0 0.0832509994506836 0.5413187571934291 0.007120873246874128 0.031582730157034736 0.06194683909416199
0 0.3656842027391706 0.5434391157967704 0.008551325116838728 0.03789605413164411 0.06130758300423622
0 0.3916989735194615 0.5368916647774833 0.0069081783294677734 0.03352713584899902 0.060639914125204086
0 0.08116613115583148 0.5338451521737235 0.0059923359325953895 0.03047980581011091 0.05812292918562889
0 0.37440661021641325 0.5387755121503558 0.008413008281162806 0.03746717316763742 0.05615018680691719
0 0.09035648618425642 0.5391970361982074 0.007144280842372349 0.03347291265215192 0.05549981817603111
0 0.10925395999635969 0.5428477696010044 0.008703742708478655 0.03830756459917341 0.05523701012134552
0 0.07940665313175746 0.5395311628069196 0.006817996501922607 0.03233231816973005 0.05501800402998924
0 0.11311749049595424 0.5443405083247593 0.008183045046670097 0.034620966230119975 0.05338563024997711
0 0.5664004598345075 0.5393719673156738 0.007906266621180944 0.0396852833884103 0.05314939096570015
0 0.3628390516553606 0.5437750816345215 0.00832571302141462 0.035762480327061245 0.05108581855893135
0 0.08747848442622594 0.5428155149732318 0.007720504488263812 0.03311238970075335 0.05023747310042381
0 0.13110831805637904 0.5453947612217495 0.009048214980534144 0.033080952508108954 0.05018218606710434
