0 0.5614227567400251 0.5363626820700509 0.007688283920288086 0.0365417344229562 0.21437370777130127
0 0.563300473349435 0.541478054864066 0.008339541299002511 0.038906710488455634 0.1300857961177826
0 0.5562229837690081 0.5356928280421666 0.007727657045636859 0.03567314147949219 0.120181605219841
0 0.37937116622924805 0.5435066904340472 0.008608239037649972 0.03746492522103446 0.11765295267105103
0 0.5581278119768415 0.5414515904017857 0.008754491806030273 0.038714851651872904 0.1012752428650856
0 0.9556692668369838 0.5368536540440151 0.007556302206856864 0.03558577810014997 0.08783096820116043
0 0.9649126870291573 0.5271578856876918 0.005483559199741909 0.027306216103690013 0.08454624563455582
0 0.9312443733215332 0.5431445326123919 0.00808865683419364 0.03394992010934012 0.08453414589166641
0 0.3733649253845215 0.5441437108176095 0.008639233452933175 0.036610807691301615 0.08417463302612305
0 0.9258692605154855 0.5426278114318848 0.008403301239013672 0.03507651601518903 0.07437356561422348
0 0.933394159589495 0.5459446225847516 0.007586819784981864 0.030847924096243724 0.07147633284330368
0 0.9360470771789551 0.5414413724626813 0.00781876700265067 0.03476098605564663 0.0581008717417717
0 0.049578066383089335 0.5348920822143555 0.005668384688241141 0.028269120625087192 0.05716271325945854
0 0.9595159803118024 0.5266098294939313 0.005379949297223773 0.027202844619750977 0.056511688977479935
0 0.9595710209437779 0.5334023748125348 0.007439136505126953 0.03509742873055594 0.053715694695711136
0 0.06509321076529366 0.5368131910051618 0.006320182766233172 0.0300966671534947 0.051996130496263504
0 0.9225307192121234 0.5466554505484444 0.008239133017403739 0.02905583381652832 0.05170104280114174
0 0.957244873046875 0.5305796350751605 0.0066672733851841515 0.03330962998526437 0.05080215260386467
