0 0.9999269757952008 0.4968348911830357 0.0001461165291922433 0.039235830307006836 0.487566202878952
0 0.13126986367361887 0.5448470115661621 0.00786456891468593 0.03527259826660156 0.4266577363014221
0 0.12652644089290074 0.5447347504752023 0.00777202844619751 0.035328830991472514 0.3059477210044861
0 0.37727744238717215 0.5420569011143276 0.009132930210658483 0.03388816969735282 0.3019113540649414
0 0.13649814469473703 0.544881956917899 0.00807894127709525 0.03551622799464634 0.29345622658729553
0 0.3733635629926409 0.5419782229832241 0.009199517113821847 0.03462471280779157 0.28114816546440125
0 0.3867575100490025 0.5413863999502999 0.007945810045514787 0.031060048512050083 0.22182434797286987
0 0.9255185808454242 0.5430441243307931 0.00859219687325614 0.038374015263148716 0.205071359872818
0 0.38003519603184294 0.5364559037344796 0.008515936987740653 0.032451050622122626 0.2050393670797348
0 0.9297124317714146 0.5416944367544991 0.008466652461460658 0.03897254807608468 0.20167845487594604
0 0.12290018796920776 0.544166019984654 0.007686444691249302 0.03517746925354004 0.1944561004638672
0 0.3672616822378976 0.5476186616080148 0.009897232055664062 0.026033776147024974 0.1931339055299759
0 0.36967406954084125 0.539916855948312 0.009203331811087472 0.03458741733006069 0.1870540827512741
0 0.9998001371111188 0.5121215070996966 0.0003997257777622768 0.03994819096156529 0.18685032427310944
0 0.9337811470031738 0.5418152809143066 0.00859696524483817 0.03875306674412319 0.17182926833629608
0 0.9382762227739606 0.5419216496603829 0.008736746651785714 0.03862694331577846 0.14879940450191498
0 0.14163271018436976 0.544816085270473 0.008093093122754778 0.03572617258344378 0.1375446319580078
0 0.3915316717965262 0.5410421916416713 0.0076765332903180805 0.030467373984200612 0.13639110326766968
0 0.9181171144757952 0.5440191541399274 0.008902617863246374 0.03776039396013532 0.13397829234600067
0 0.12886318138667516 0.5358601978846959 0.0071959154946463445 0.0443901675088065 0.13120149075984955
0 0.9213113784790039 0.5491056442260742 0.009017195020403181 0.024929250989641463 0.12944728136062622
0 0.13411766290664673 0.5356585298265729 0.007176075662885394 0.04371574946812221 0.12932324409484863
0 0.942915712084089 0.5419504983084542 0.008853912353515625 0.038539341517857144 0.1282155066728592
0 0.11851382255554199 0.5440431662968227 0.007574847766331264 0.034965651375906806 0.10744534432888031
0 0.14669721467154367 0.5449677194867816 0.008323124476841517 0.03526840891156878 0.10222669690847397
0 0.36193547930036274 0.5426558085850307 0.008831466947283064 0.03625852721078055 0.09853286296129227
0 0.8511309623718262 0.5442779404776437 0.009199823651994978 0.036632844379970005 0.09708517044782639
0 0.9485246113368443 0.5402545588357108 0.00881331307547433 0.04121058327811105 0.09545797854661942
0 0.8552197047642299 0.5442188126700265 0.009075028555733817 0.03693924631391253 0.09487652033567429
0 0.56743437903268 0.5393900190080915 0.008680037089756556 0.04284071922302246 0.09368833154439926
0 0.3839105878557478 0.5317961488451276 0.007828371865408761 0.029864651816231862 0.0918876901268959
0 0.9136634554181781 0.5440334592546735 0.008909566061837333 0.037875209535871236 0.09136068820953369
0 0.9553624561854771 0.539543764931815 0.008437633514404297 0.04293455396379743 0.08595191687345505
0 0.5568031583513532 0.5366862160818917 0.008716276713779994 0.04184525353567941 0.08579540997743607
0 0.5603629180363247 0.5388691765921456 0.0086669921875 0.04240982873099191 0.08533161878585815
0 0.5641769000462123 0.5333447456359863 0.0077511583055768695 0.0411569390978132 0.08460351079702377
0 0.5471507481166294 0.5311456407819476 0.008642980030604772 0.03995939663478306 0.08233720809221268
0 0.5296164240155902 0.5201050894601005 0.0056416988372802734 0.021871192114693776 0.08130109310150146
0 0.5725361960274833 0.5395220347813198 0.00867877687726702 0.04305917876107352 0.08065640926361084
0 0.9592310360499791 0.5403610638209752 0.00797884804861886 0.04268618992396763 0.07992271333932877
0 0.5515663964407784 0.5347472599574498 0.008803912571498327 0.04164494786943708 0.07910143584012985
0 0.12886476516723633 0.553600719996861 0.008065274783543177 0.020905324390956333 0.07871849089860916
0 0.8466258730207171 0.5443124089922223 0.009316240038190569 0.036450862884521484 0.07850359380245209
0 0.859405517578125 0.5441327776227679 0.008996282305036272 0.03709350313459124 0.07665912061929703
0 0.13503009932381765 0.5536533083234515 0.00816528286252703 0.020762477602277483 0.07185164839029312
0 0.3881551878792899 0.5314244542803083 0.007496867861066546 0.028347321919032505 0.07082053273916245
0 0.9091334342956543 0.5440030097961426 0.00885146004813058 0.038169418062482564 0.06976865231990814
0 0.36528141157967703 0.5353489603315081 0.00844982692173549 0.037154708589826314 0.06809084117412567
0 0.1540644339152745 0.5451038905552456 0.008531911032540458 0.03492208889552525 0.06792300194501877
0 0.9626389912196568 0.5408201217651367 0.007779257638113839 0.042462825775146484 0.06733901053667068
0 0.534482479095459 0.5282201426369804 0.007212468555995396 0.033229282924107144 0.06601209938526154
0 0.35716451917375835 0.5428551946367536 0.008762529918125697 0.03610801696777344 0.06583520770072937
0 0.35956668853759766 0.5496865000043597 0.00892775399344308 0.023111956460135325 0.06485152244567871
0 0.9520468030657087 0.5362863540649414 0.008274214608328683 0.04054124014718192 0.06294523924589157
0 0.1392811025891985 0.535282952444894 0.007315354687826974 0.043373550687517436 0.06245694309473038
0 0.7111737387520927 0.5441252504076276 0.010305336543491908 0.03765051705496652 0.06231333315372467
0 0.6960203988211495 0.544226952961513 0.010297434670584542 0.037907804761614115 0.06218302249908447
0 0.5370410510471889 0.5221384934016636 0.006895542144775391 0.02973038809640067 0.06128745153546333
0 0.5353427955082485 0.5158045291900635 0.005367347172328404 0.02136979784284319 0.06105661764740944
0 0.7042480196271624 0.5441819599696568 0.010238988058907645 0.037688493728637695 0.06028185039758682
0 0.6881779261997768 0.5444466386522565 0.010218960898263114 0.037625789642333984 0.0596633106470108
0 0.9039879526410785 0.5439391136169434 0.008813040597098214 0.03839080674307687 0.0589347667992115
0 0.4330838067190988 0.5198064531598773 0.0052226270948137555 0.017852715083530972 0.05887735262513161
0 0.5422932761056083 0.5227249009268624 0.006968464170183454 0.030701194490705217 0.05848262459039688
0 0.19858627659933908 0.5454005173274449 0.00898129599434989 0.03413902010236468 0.057857777923345566
0 0.8437457084655762 0.5495924268450055 0.009455272129603795 0.02400163241795131 0.056722547858953476
0 0.6835156849452427 0.5445425169808524 0.009984425136021205 0.037311008998325894 0.05655647814273834
0 0.8409309387207031 0.5443106378827777 0.009437152317592077 0.03668815749032157 0.0560297854244709
0 0.3749103546142578 0.5301171711512974 0.008198465619768416 0.03310540744236538 0.05598485842347145
0 0.4246291773659842 0.5205390793936593 0.005658285958426339 0.0197967461177281 0.05596058815717697
0 0.42085443224225727 0.5206021581377301 0.005682706832885742 0.019948959350585938 0.05511607602238655
0 0.3933828217642648 0.5311593668801444 0.00729543822152274 0.027295930044991628 0.05458037555217743
0 0.5317220687866211 0.5165209089006696 0.006105899810791016 0.02543473243713379 0.05309804901480675
0 0.7196038791111538 0.5440288271222796 0.01046616690499442 0.037950379507882256 0.052729859948158264
0 0.11282435485294887 0.5440373420715332 0.007568103926522391 0.03476486887250628 0.05237501114606857
0 0.4277140072413853 0.520442145211356 0.005642141614641462 0.019519567489624023 0.05206257477402687
0 0.4305158683231899 0.5199638775416783 0.0054563794817243305 0.01871558598109654 0.05143877863883972
0 0.7002384322030204 0.5406829970223563 0.00984546116420201 0.04646263803754534 0.0508163645863533
0 0.8665693828037807 0.544027464730399 0.008965764726911272 0.03703767912728446 0.05075028911232948
0 0.1937410831451416 0.5453259604317802 0.008919971329825265 0.0342015198298863 0.05074360594153404
0 0.41605935777936665 0.5255725043160575 0.006365265165056501 0.021909407206944058 0.05067603662610054
0 0.20270584310804093 0.5453370639256069 0.00906055314200265 0.034191949026925225 0.050551775842905045
