0 0.9544225420270648 0.5368789945329938 0.006588118416922433 0.0328498227255685 0.28879985213279724
0 0.383476870400565 0.5365969453539167 0.007801600864955357 0.03447028568812779 0.15730683505535126
0 0.08364108630589076 0.5363565853663853 0.006268748215266636 0.0285276004246303 0.1559964418411255
0 0.3768224375588553 0.5367473193577358 0.008111272539411272 0.035295963287353516 0.1462681144475937
0 0.08805380548749651 0.5362802914210728 0.006144719464438302 0.027787276676722934 0.13207736611366272
0 0.9519132205418178 0.5370567185538155 0.007460321698869977 0.03725409507751465 0.12547406554222107
0 0.3873528071812221 0.5347914014543805 0.007891416549682617 0.03465349333626883 0.10267835110425949
0 0.39054530007498606 0.5388356617518834 0.007799386978149414 0.03409818240574428 0.09054510295391083
0 0.3796747752598354 0.5390865462166923 0.008123091288975306 0.03458595275878906 0.0797390341758728
0 0.37438297271728516 0.539923906326294 0.008669989449637277 0.0365447998046875 0.06999877840280533
0 0.3944929667881557 0.5390414851052421 0.007716689790998187 0.03346940449305943 0.06863832473754883
0 0.954301016671317 0.5256177357264927 0.005419594900948661 0.02513166836329869 0.06224791705608368
0 0.08638390472957067 0.5407126290457589 0.006079920700618199 0.0261645998273577 0.06118914112448692
0 0.40062996319362093 0.5266778809683663 0.0064972468784877235 0.026434455599103655 0.06074926257133484
0 0.09842385564531599 0.5356623785836356 0.006673378603799003 0.03060173988342285 0.0596582368016243
0 0.4051905359540667 0.5354936463492257 0.00750906126839774 0.03279784747532436 0.05888661742210388
0 0.39197802543640137 0.5308988434927804 0.007669516972133091 0.03422788211277553 0.058339133858680725
0 0.0822519404547555 0.5406928743634906 0.005977502890995571 0.0263521671295166 0.058264318853616714
0 0.4193674155644008 0.5243161065237862 0.0060645512172154015 0.022797857012067522 0.05710851401090622
0 0.43293333053588867 0.5196934768131801 0.00550947870526995 0.01806640625 0.0564909353852272
0 0.9577122415815081 0.5264666761670794 0.005944388253348214 0.027652672358921597 0.05461759492754936
0 0.9562898363385882 0.5393760544913155 0.006792749677385602 0.03287557193211147 0.05316475033760071
0 0.41049279485430035 0.532731124332973 0.00742340087890625 0.03192543983459473 0.05306475982069969
0 0.4116577080317906 0.5247130734579903 0.006170204707554409 0.024046012333461216 0.05259957164525986
0 0.4361039570399693 0.5191407203674316 0.005559001650129046 0.017769643238612583 0.05162259563803673
0 0.4155544212886265 0.5241362367357526 0.006158692496163505 0.024208681924002513 0.050607115030288696
0 0.3689028194972447 0.5401453290666852 0.008751937321254186 0.036913156509399414 0.05038103461265564
0 0.9598687716892788 0.5266607829502651 0.005770683288574219 0.0278080872126988 0.05015074461698532
0 0.08161465610776629 0.5325581005641392 0.006142956869942802 0.02784463337489537 0.05008542537689209
