0 0.41454648971557617 0.521284988948277 0.006834404809134347 0.027986833027430942 0.6262901425361633
0 0.4107252870287214 0.5213572638375419 0.0067544664655412945 0.028287512915475026 0.6219958662986755
0 0.4076440674918039 0.5248699869428363 0.007212059838431222 0.029240710394723073 0.6112410426139832
0 0.4187547138759068 0.5210081509181431 0.006809745516095843 0.027343818119594028 0.5831067562103271
0 0.5616813727787563 0.5371579442705426 0.00868851797921317 0.039502109800066264 0.4367768466472626
0 0.5571611268179757 0.532482487814767 0.008596249989100866 0.03578574316842215 0.41747230291366577
0 0.5657361575535366 0.5307467324393136 0.008129494530814034 0.03528785705566406 0.3484145700931549
0 0.40372330801827566 0.5306957108633858 0.0082920960017613 0.03627473967415946 0.335515558719635
0 0.41609634671892437 0.5324582031794957 0.008673804146902902 0.04206854956490653 0.33490365743637085
0 0.568810258592878 0.5380770819527763 0.008632285254342216 0.03980766023908343 0.294861763715744
0 0.5540588242667062 0.5294652666364398 0.007247141429356166 0.03397062846592495 0.27000099420547485
0 0.8315350668770927 0.5429635729108538 0.008314813886369978 0.038755553109305244 0.2677815556526184
0 0.42219972610473633 0.517301252910069 0.006463561739240374 0.02734572546822684 0.2569432556629181
0 0.5646521023341587 0.543415001460484 0.009598187037876673 0.03557586669921875 0.2545132637023926
0 0.8274785450526646 0.5427849973951068 0.009167466844831194 0.03916175024850028 0.25448837876319885
0 0.39939757755824495 0.5341762815202985 0.008631978716169084 0.038751227515084405 0.24072499573230743
0 0.3969102587018694 0.5268868718828473 0.006600345884050641 0.03014275005885533 0.2344181388616562
0 0.4002006394522531 0.5233260563441685 0.006029912403651646 0.029730898993355886 0.22811058163642883
0 0.41145311083112446 0.5356409890311105 0.009410551616123744 0.046093600136893134 0.2107820063829422
0 0.4213243212018694 0.5324188641139439 0.008615050997052873 0.04220288140433175 0.20612502098083496
0 0.5724292482648577 0.5386843000139508 0.008612837110246931 0.039616755076817105 0.20305633544921875
0 0.39453816413879395 0.536362852369036 0.008144991738455636 0.03749258177621024 0.19935061037540436
0 0.561093636921474 0.5229664189474923 0.006303106035505023 0.03215782982962472 0.17685985565185547
0 0.8349364144461495 0.539804322378976 0.008532728467668806 0.04491782188415527 0.17373640835285187
0 0.14192703792027064 0.543553079877581 0.008587147508348738 0.035069431577410014 0.17078720033168793
0 0.42522096633911133 0.5170425687517438 0.006359543119158063 0.026540381567818776 0.16080054640769958
0 0.838583128792899 0.5431669098990304 0.008047035762241908 0.038993733269827704 0.15890805423259735
0 0.3853074482509068 0.5351980754307338 0.0077315398624965125 0.035943610327584405 0.15854883193969727
0 0.14619195461273193 0.5448811054229736 0.008980614798409598 0.033954075404575894 0.1567923128604889
0 0.3823531014578683 0.5395723070417132 0.008468423570905412 0.03799980027335031 0.15663045644760132
0 0.3889364515032087 0.5388154983520508 0.008575269154139928 0.0383669308253697 0.1552618443965912
0 0.39144863401140484 0.531123161315918 0.0075190748487200055 0.03473693983895438 0.1523457169532776
0 0.13769625765936716 0.5435500144958496 0.008569700377328055 0.03511207444327218 0.15102612972259521
0 0.8202026912144252 0.5426951817103794 0.009309087480817522 0.03989243507385254 0.14302362501621246
0 0.08973305565970284 0.539524895804269 0.007091104984283447 0.031690972191946845 0.13588076829910278
0 0.09466522080557686 0.5420999526977539 0.007527657917567662 0.03218732561383929 0.13548770546913147
0 0.15002952303205216 0.5444176197052002 0.008830087525503976 0.03436211177280971 0.13192050158977509
0 0.852820805140904 0.5435205868312291 0.008631910596575056 0.03823089599609375 0.13162246346473694
0 0.5552265303475517 0.5436288969857352 0.009387663432529994 0.03497001102992466 0.12925222516059875
0 0.9576687131609235 0.5404280935014997 0.007312025342668805 0.03356964247567313 0.1288270503282547
0 0.40623440061296734 0.538729054587228 0.010151318141392298 0.03585594041006906 0.12611359357833862
0 0.5761775970458984 0.5420168467930385 0.01031289781842913 0.03399848937988281 0.12477508932352066
0 0.558497497013637 0.521230936050415 0.006281273705618722 0.029293128422328403 0.12378152459859848
0 0.8552282878330776 0.5484418187822614 0.007925987243652344 0.02478803907121931 0.12345827370882034
0 0.8476236888340541 0.5432953834533691 0.008652959551130022 0.03847847666059222 0.1233830600976944
0 0.5508288655962262 0.5385699272155762 0.00853586196899414 0.0396552426474435 0.12278532236814499
0 0.6823008401053292 0.5444295746939523 0.010105337415422713 0.03573516436985561 0.12240501493215561
0 0.0984818424497332 0.5421233858380999 0.007494338921138218 0.032484735761369975 0.12221422791481018
0 0.8425959859575544 0.5432783194950649 0.008455548967633928 0.03856733867100307 0.11977211385965347
0 0.8169436454772949 0.5452256883893695 0.009093148367745536 0.0315887587411063 0.11708645522594452
0 0.7437327248709542 0.5450007234300885 0.010086672646658761 0.034975528717041016 0.11580990254878998
0 0.13341417482921056 0.5435224260602679 0.008557319641113281 0.03518683569771903 0.11551376432180405
0 0.37786957195826937 0.5402414798736572 0.008268288203648158 0.037594386509486606 0.11331356316804886
0 0.7505851473127093 0.5449186733790806 0.009839534759521484 0.03500727244785854 0.11270745098590851
0 0.08455516610826765 0.5393649509974888 0.006744767938341413 0.031045607158115933 0.11227375268936157
0 0.7948310034615653 0.5431006635938372 0.00965731484549386 0.03773328236171177 0.11109651625156403
0 0.6870479583740234 0.5449425152369908 0.01010758536202567 0.03369651521955218 0.10380034148693085
0 0.0799342053277152 0.5361255577632359 0.006250866821834019 0.02998406546456473 0.10253296047449112
0 0.10215161527906146 0.5420782225472587 0.00748058727809361 0.032743283680507114 0.10159210115671158
0 0.5554524830409459 0.5208041327340263 0.006114789417811802 0.025430679321289062 0.09969814866781235
0 0.4280030386788504 0.532475335257394 0.008614880698067802 0.04217750685555594 0.09950964897871017
0 0.9260595185416085 0.5420411654881069 0.007088797433035714 0.03553932053702218 0.09800469130277634
0 0.07705204827444893 0.5360191208975655 0.00625427280153547 0.029243639537266324 0.09776397049427032
0 0.9315082005092076 0.5414268970489502 0.00688096455165318 0.0351414680480957 0.09698209911584854
0 0.07436332532337733 0.5319300379071917 0.005947117294584002 0.0278433050428118 0.09400968998670578
0 0.9289524895804269 0.5480072838919503 0.007758140563964844 0.023397036961146762 0.09072430431842804
0 0.7473854337419782 0.5385814734867641 0.010017871856689453 0.04038190841674805 0.09059439599514008
0 0.06830218860081264 0.5315343311854771 0.0059070416859218055 0.02710427556719099 0.08987206965684891
0 0.3972822938646589 0.5434491974966866 0.01000840323311942 0.030074902943202426 0.08970760554075241
0 0.8583532742091587 0.5437559400285993 0.008395195007324219 0.0377500057220459 0.08954758942127228
0 0.07096390213285174 0.5356467110770089 0.0062084027699061805 0.028262887682233537 0.08880779147148132
0 0.7997922897338867 0.5429534912109375 0.0093862669808524 0.03864717483520508 0.08682606369256973
0 0.4301204000200544 0.5168001651763916 0.005540915897914341 0.02667863028390067 0.08598778396844864
0 0.05634826421737671 0.5258480480739048 0.00501144358089992 0.02199826921735491 0.0859828069806099
0 0.9362178530011859 0.541374785559518 0.006785869598388672 0.035415445055280416 0.08555244654417038
0 0.5702436310904366 0.5251901490347726 0.007026161466326032 0.035585641860961914 0.08529891073703766
0 0.0541934072971344 0.5257408959524972 0.005025369780404227 0.021955013275146484 0.08475162088871002
0 0.10655246462140765 0.5420773710523333 0.007444858551025391 0.03299658639090402 0.08320853114128113
0 0.9395997183663505 0.541222367967878 0.006702899932861328 0.035622085843767436 0.08285485208034515
0 0.9427938461303711 0.5410122871398926 0.006774016789027623 0.03572753497532436 0.08271750807762146
0 0.05971446633338928 0.5260366031101772 0.005026749202183315 0.022218636104038784 0.07964127510786057
0 0.9562598637172154 0.5295469079698835 0.006124428340366909 0.028803484780447825 0.07920029014348984
0 0.9465114048549107 0.538496596472604 0.006481783730643136 0.03489759990147182 0.07886562496423721
0 0.12971011229923793 0.541604723249163 0.0083477326801845 0.035137483051845005 0.07822021096944809
0 0.7389962332589286 0.5450169018336705 0.009965692247663225 0.035201617649623325 0.07799089699983597
0 0.5524368967328753 0.5207011018480573 0.005957092557634626 0.024986198970249722 0.07635830342769623
0 0.09217100484030587 0.5323489734104702 0.006652006081172398 0.02961867196219308 0.07631213217973709
0 0.7900579997471401 0.5432587351117816 0.009833676474434989 0.03724830491202218 0.07612301409244537
0 0.06479151334081378 0.5312480245317731 0.005868766989026751 0.026995011738368442 0.07510729879140854
0 0.08270739657538277 0.5320896421160016 0.006394914218357631 0.029139484677995955 0.07463286817073822
0 0.0513385363987514 0.525787489754813 0.005098994289125715 0.022144556045532227 0.07412295043468475
0 0.12597494465964182 0.5432147979736328 0.008382243769509452 0.03519746235438755 0.07383117824792862
0 0.9640848977225167 0.5411396707807269 0.007925101688929967 0.03652054922921317 0.07293318957090378
0 0.5811514173235212 0.5407490049089704 0.008698395320347376 0.0385918276650565 0.07284141331911087
0 0.08739182778767177 0.5323034695216587 0.006600873810904366 0.029338700430733815 0.07241033017635345
0 0.5450056621006557 0.5368407113211495 0.00829904420035226 0.03896583829607282 0.07095826417207718
0 0.06185381753104074 0.5310243197849819 0.005861682551247733 0.0268341132572719 0.06995176523923874
0 0.7558938435145787 0.5447430610656738 0.009634222303118025 0.035629102161952426 0.06926868855953217
0 0.7173434666224888 0.5446867261614118 0.009874275752476283 0.035193409238542826 0.06911224871873856
0 0.12120215381894793 0.5429714066641671 0.0081427948815482 0.03469620432172503 0.06891283392906189
