0 0.9694219316755023 0.5265628269740513 0.005743435450962612 0.026995624814714705 0.2186659574508667
0 0.9661185400826591 0.5265697070530483 0.005659035273960659 0.026742628642490933 0.18896819651126862
0 0.9724956239972796 0.5260144642421177 0.006286961691720145 0.02681068011692592 0.18637508153915405
0 0.10420964445386614 0.53868682043893 0.006531485489436558 0.029514380863734653 0.13644637167453766
0 0.9644626889910016 0.5371411527906146 0.007129805428641183 0.036358492715018134 0.12865902483463287
0 0.9642470223563058 0.5253189972468785 0.005995001111711774 0.025486605507986888 0.09119672328233719
0 0.9768154961722237 0.5210043362208775 0.00493417467389788 0.021645205361502513 0.07866565138101578
0 0.10115041051592145 0.5346793787819999 0.006565017359597343 0.028629098619733537 0.0778186246752739
0 0.9716194697788784 0.520831857408796 0.005054678235735212 0.021477324622017995 0.07724656909704208
0 0.9555132729666573 0.5349011421203613 0.007511615753173828 0.03799980027335031 0.0712684765458107
0 0.9744559696742466 0.5204151698521206 0.005489349365234375 0.02138495445251465 0.07120410352945328
0 0.9605398859296527 0.5396349430084229 0.006843430655343192 0.03352219717843192 0.07073598355054855
0 0.3941889490400042 0.5370606013706752 0.0070645809173583984 0.030941929136003767 0.06927590072154999
0 0.958141599382673 0.5384930542537144 0.007653985704694476 0.03728737149919782 0.06855329126119614
0 0.129632762500218 0.5462087903703962 0.008747918265206473 0.030817031860351562 0.06789101660251617
0 0.13351656709398543 0.5466291563851493 0.00812303168433053 0.02977585792541504 0.06423427164554596
0 0.9623277527945382 0.5300055912562779 0.007386343819754464 0.03650627817426409 0.06227375194430351
0 0.40881974356515066 0.53578063419887 0.006714786802019391 0.030368566513061523 0.05846960097551346
0 0.9823615891592843 0.5216020856584821 0.0048612867082868305 0.02085702759878976 0.05840285122394562
0 0.11307470287595477 0.540949787412371 0.0060776301792689735 0.027860845838274275 0.058074962347745895
0 0.14075412920543126 0.5472573893410819 0.008982675416128976 0.028521265302385603 0.05419735610485077
0 0.7926841463361468 0.5447116579328265 0.009021759033203125 0.03325997080121722 0.053372226655483246
0 0.4131655693054199 0.5356566565377372 0.0067097459520612445 0.03065643991742815 0.05314172804355621
0 0.9681709834507534 0.5206965037754604 0.005050999777657645 0.0218872002192906 0.05027387663722038
