0 0.9526309285845075 0.5265794481549945 0.0055975232805524555 0.026265178407941545 0.24338699877262115
0 0.9507807322910854 0.5352049214499337 0.006471565791538784 0.03424630846296038 0.2102433294057846
0 0.9502846854073661 0.5265331949506488 0.006076063428606305 0.02580986704145159 0.16912038624286652
0 0.9571202141898019 0.5264665058680943 0.005646978105817523 0.026879821504865373 0.10418368130922318
0 0.08001542091369629 0.5359368324279785 0.006923207214900425 0.03200493540082659 0.09143196791410446
0 0.09243909801755633 0.5390238761901855 0.007414494241986956 0.033975226538521905 0.0806155651807785
0 0.41733591897147043 0.5252930436815534 0.0063135623931884766 0.026723725455147878 0.07507067173719406
0 0.9466348375592913 0.5317049707685199 0.006504808153424945 0.03340567861284528 0.07132972776889801
0 0.41175334794180735 0.5261029515947614 0.006327424730573382 0.027133805411202565 0.06750132888555527
0 0.5737836020333427 0.5396066733769008 0.008700847625732422 0.04442712238856724 0.06396125257015228
0 0.5249551704951695 0.5151051793779645 0.005168301718575614 0.01844733101981027 0.06360579282045364
0 0.5788771765572684 0.5396812302725655 0.008643354688371931 0.04469268662588937 0.06308014690876007
0 0.5287271908351353 0.5192269938332694 0.005546365465436663 0.0206409181867327 0.06296563148498535
0 0.08197285447801862 0.538576773234776 0.0072179436683654785 0.033252171107700894 0.06212673708796501
0 0.5833158493041992 0.5394799368722099 0.00915942873273577 0.04484016554696219 0.06094108894467354
0 0.42020038196018766 0.5246858596801758 0.0062498365129743305 0.025555883135114397 0.05840180069208145
0 0.9479931422642299 0.5384707450866699 0.006774289267403739 0.034208672387259345 0.057339396327733994
0 0.5646324157714844 0.5375266075134277 0.0087127685546875 0.04580487523760114 0.05534079670906067
0 0.56983368737357 0.5395669255937848 0.008719069617135184 0.04485457284109933 0.05523769557476044
0 0.5300342014857701 0.5153601510184151 0.005461045673915318 0.021682330540248325 0.05360521748661995
0 0.5865745544433594 0.5395610673086983 0.009064197540283203 0.04450869560241699 0.05339489504694939
0 0.5318153245108468 0.5192892551422119 0.005650622504098075 0.02201066698346819 0.05101561173796654
0 0.9123804909842355 0.5432367665427071 0.007509299686976841 0.03351851872035435 0.05096535012125969
