0 0.9584027699061802 0.5325609615870884 0.007042271750313895 0.03448118482317243 0.2145204246044159
0 0.6645212854657855 0.5447405406406948 0.01007216317313058 0.03498755182538714 0.20298144221305847
0 0.9626237324305943 0.5284817559378487 0.006267683846609933 0.03141614368983677 0.19795607030391693
0 0.966625486101423 0.5279239245823452 0.005636283329554966 0.029437031064714705 0.19472700357437134
0 0.6688378197806222 0.5447497367858887 0.010046686444963728 0.034975222178867886 0.16990093886852264
0 0.656719480242048 0.5447723865509033 0.009983267102922713 0.03526163101196289 0.1662544459104538
0 0.9538683210100446 0.5324760164533343 0.007227012089320591 0.03536224365234375 0.16426235437393188
0 0.9644304684230259 0.535747596195766 0.0063784463065011164 0.035295111792428155 0.16409990191459656
0 0.950493608202253 0.5389751706804548 0.007990428379603795 0.03752541542053223 0.15033352375030518
0 0.3488382271357945 0.5433168411254883 0.008013929639543806 0.032605375562395365 0.1502208560705185
0 0.13427518095288957 0.5451310362134661 0.008850370134626116 0.03404038293021066 0.14944414794445038
0 0.12986258098057338 0.5452263695853097 0.008820337908608573 0.03406946999686105 0.14839136600494385
0 0.3420774596078055 0.5433370045253209 0.008513961519513811 0.03378115381513323 0.1403706818819046
0 0.34601024218967985 0.5378795691898891 0.007907799312046595 0.03333493641444615 0.13907210528850555
0 0.13819244929722377 0.545090811593192 0.008925378322601318 0.03398210661751883 0.13868877291679382
0 0.41917528424944195 0.5360933371952602 0.006742307118007115 0.025884628295898438 0.13813044130802155
0 0.6603640147617885 0.5509749821254185 0.009830474853515625 0.02319373403276716 0.13428479433059692
0 0.9287436349051339 0.5425336701529366 0.00915111814226423 0.037455592836652486 0.1340695321559906
0 0.12603671210152761 0.5453274250030518 0.008732148579188756 0.0341496467590332 0.13386018574237823
0 0.4222378730773926 0.539454596383231 0.007365260805402484 0.0281590393611363 0.13158173859119415
0 0.9245853424072266 0.5445436750139508 0.009808199746268136 0.03527000972202846 0.1307343691587448
0 0.06592858689171928 0.5360432352338519 0.006106730018343244 0.03136045592171805 0.1296631544828415
0 0.6745190620422363 0.5446574006761823 0.010030337742396764 0.03475448063441685 0.12960383296012878
0 0.9440912519182477 0.5404676369258335 0.008949143545968192 0.0383237430027553 0.1258815973997116
0 0.9177662985665458 0.5440912927900042 0.009800979069301061 0.03597426414489746 0.12481559813022614
0 0.35410962785993305 0.5367844785962786 0.007443393979753766 0.03109277997698103 0.12349189817905426
0 0.4270939145769392 0.5341637134552002 0.006449188504900251 0.030848026275634766 0.12105993181467056
0 0.5443557671138218 0.534623384475708 0.0074907030378069195 0.03572981698172433 0.11793425679206848
0 0.9328545161655971 0.5404317038399833 0.008719376155308314 0.0388401917048863 0.1173713356256485
0 0.6511060169764927 0.5447306632995605 0.009519645145961217 0.035922493253435404 0.11600642651319504
0 0.937192440032959 0.5403642995016915 0.008795465741838728 0.038762501307896206 0.1159224733710289
0 0.1422763807432992 0.5450944219316755 0.009008288383483887 0.03382866723196847 0.11554531008005142
0 0.06968807322638375 0.5390903609139579 0.0064897239208221436 0.032945564814976284 0.1140853762626648
0 0.5410262516566685 0.5305307933262416 0.0070166247231619695 0.03411637033735003 0.1135207936167717
0 0.5377780369349888 0.5263720921107701 0.0059544358934674945 0.028238671166556224 0.11097720265388489
0 0.5475439344133649 0.5349621772766113 0.007415771484375 0.03574293000357492 0.10828874260187149
0 0.12216155869620186 0.5453077725001744 0.00866029943738665 0.03425380161830357 0.10819686204195023
0 0.6795551436288017 0.545795168195452 0.00983578818184989 0.033079283578055244 0.10674663633108139
0 0.4161430767604283 0.5315401554107666 0.006301948002406529 0.024469375610351562 0.10423856228590012
0 0.06110601765768869 0.5316311972481864 0.005833204303468976 0.030044623783656528 0.10203500092029572
0 0.42154152052743094 0.526454244341169 0.005680629185267857 0.021060637065342495 0.10056096315383911
0 0.06368226664406913 0.5320253031594413 0.005790527377809797 0.029961790357317244 0.10010038316249847
0 0.6463658469063895 0.5446109771728516 0.009304659707205636 0.03606816700526646 0.10002148151397705
0 0.683903694152832 0.5458112444196429 0.009872640882219588 0.03324317932128906 0.09924397617578506
0 0.42460925238473074 0.5261171885899135 0.005430051258632115 0.022462402071271623 0.09816736727952957
0 0.6915155819484166 0.5449936049325126 0.010058811732700892 0.03494668006896973 0.09768418222665787
0 0.9698483603341239 0.5237861360822406 0.005488600049700055 0.028567893164498464 0.09491049498319626
0 0.07309257132666451 0.5366783142089844 0.005907416343688965 0.03277185985020229 0.09333372861146927
0 0.057106422526495795 0.538264410836356 0.006677959646497454 0.03449927057538714 0.09218402951955795
0 0.14715605122702463 0.5452181952340263 0.009250095912388392 0.03348265375409808 0.09017322212457657
0 0.529008320399693 0.5247725078037807 0.005788428442818778 0.024357216698782786 0.08845005929470062
0 0.9558155196053642 0.5440264429364886 0.007765769958496094 0.04095312527247837 0.08786306530237198
0 0.4178206239427839 0.5263218198503766 0.005610125405447823 0.020971059799194336 0.08676115423440933
0 0.4284722123827253 0.525599547794887 0.005275658198765346 0.023359298706054688 0.0860428735613823
0 0.6600908551897321 0.5363293375287738 0.01078387669154576 0.04409895624433245 0.0847327783703804
0 0.5505467142377581 0.5376150267464774 0.007870708193097795 0.038179840360369 0.08412425220012665
0 0.6884469985961914 0.55108642578125 0.00967059816632952 0.022741453988211497 0.08310015499591827
0 0.11803913116455078 0.5449539933885846 0.008428973811013358 0.03425461905343192 0.08221712708473206
0 0.07537611893245152 0.5397074563162667 0.006424026829855782 0.03322287968226841 0.08208881318569183
0 0.9129385948181152 0.544309275490897 0.009799957275390625 0.03576428549630301 0.0818542018532753
0 0.05139631884438651 0.5350351674216134 0.006295404263905117 0.03258820942470005 0.0813790038228035
0 0.9209766387939453 0.5351798193795341 0.009669848850795202 0.04393349375043597 0.07913465797901154
0 0.4333329881940569 0.5254792826516288 0.005354847226824079 0.02327237810407366 0.07910388708114624
0 0.5348717485155378 0.5209831169673375 0.005138260977608817 0.02387162617274693 0.07730323076248169
0 0.5325641291482108 0.5208194596426827 0.005146707807268415 0.02362424986703055 0.07723541557788849
0 0.9726014818464007 0.5230905669076102 0.0051958901541573664 0.026548453739711216 0.0761595293879509
0 0.940779549734933 0.5337518283299038 0.008382865360804967 0.036588191986083984 0.07553619891405106
0 0.3582282066345215 0.5329383441380092 0.007306882313319615 0.030566930770874023 0.07466492801904678
0 0.054558362279619486 0.5264727388109479 0.005047636372702462 0.02435929434640067 0.07431402057409286
0 0.10856892381395612 0.5437263420649937 0.007304762090955462 0.03505011967250279 0.07324820756912231
0 0.6401023864746094 0.5445213999067035 0.009118012019566126 0.03621619088309152 0.07313229888677597
0 0.4293532371520996 0.5396434238978794 0.007344348090035575 0.03480751173836844 0.0714675635099411
0 0.5383130482264927 0.5379068510872977 0.007924182074410575 0.039151906967163086 0.07128211110830307
0 0.33417061397007536 0.543637888772147 0.008728946958269392 0.03397205897739956 0.07124263048171997
0 0.11176455020904541 0.5440677915300641 0.007509410381317139 0.03492065838405064 0.07096725702285767
0 0.07953512668609619 0.5422505991799491 0.006836831569671631 0.03463036673409598 0.07063092291355133
0 0.05721670389175415 0.526637145451137 0.005018757922308785 0.024603877748761858 0.07052314281463623
0 0.6971396037510463 0.5450826372419085 0.009973457881382533 0.03482743671962193 0.06948061287403107
0 0.337202787399292 0.5367937769208636 0.008560725620814733 0.036870718002319336 0.06936956197023392
0 0.08440484319414411 0.542491980961391 0.007168199334825788 0.03527297292436872 0.06926297396421432
0 0.10483725581850324 0.543365614754813 0.0071266889572143555 0.0351064886365618 0.068333201110363
0 0.5402036394391742 0.5212764399392265 0.005176544189453125 0.023811817169189453 0.06726393848657608
0 0.4254755973815918 0.5430707931518555 0.008440460477556502 0.03117070879255022 0.0660964697599411
0 0.05197089910507202 0.5249941008431571 0.004943238837378365 0.0234682559967041 0.06529871374368668
0 0.04777371457644871 0.5320104190281459 0.005848944187164307 0.030289173126220703 0.06333740055561066
0 0.089571441922869 0.5428156852722168 0.007171928882598877 0.03522263254438128 0.06131458654999733
0 0.36172560283115934 0.5356455871037075 0.0062869276319231305 0.024037701742989675 0.0608903244137764
0 0.15426392214638845 0.5453330448695591 0.009480646678379603 0.03336296762738909 0.0592087097465992
0 0.33796375138419016 0.5501468522208077 0.009044442858014787 0.023821115493774414 0.05887285992503166
0 0.09966456890106201 0.5432532514844622 0.007127651146480015 0.03518540518624442 0.058126188814640045
0 0.43925680433000835 0.5254158292497907 0.005425010408673968 0.023232425962175642 0.05760650336742401
0 0.4316307817186628 0.5209261349269322 0.004835878099714007 0.019530773162841797 0.05720357969403267
0 0.5545028277805873 0.5402287074497768 0.007929393223353795 0.04010772705078125 0.05684761703014374
0 0.4363534791128976 0.5204512051173619 0.004660572324480329 0.019921370915004184 0.056398048996925354
0 0.08157506159373693 0.5336498532976423 0.006289771624973842 0.03325690541948591 0.05627688765525818
0 0.41241468702043804 0.5389282703399658 0.006728955677577427 0.027018206460135325 0.056240350008010864
0 0.3298004014151437 0.5440754209245954 0.009049381528581892 0.03371521404811314 0.05532408133149147
0 0.09443308625902448 0.5430103710719517 0.007130869797297886 0.035271917070661275 0.05465344712138176
0 0.1745837586266654 0.5453389712742397 0.009442295346941267 0.0335303715297154 0.05371478199958801
0 0.4261784553527832 0.5210867609296527 0.005071197237287249 0.019026858466012136 0.05359978973865509
