0 0.1450479371207101 0.5445545741489956 0.009009233542851039 0.03337638718741281 0.2880500555038452
0 0.22470993655068533 0.5470521790640694 0.009582178933279855 0.03152605465480259 0.2626233994960785
0 0.22911230155399867 0.5456533772604806 0.009508984429495675 0.03349556241716657 0.25446996092796326
0 0.14963138103485107 0.5449816840035575 0.009133475167410714 0.03353973797389439 0.23115813732147217
0 0.14020614964621408 0.5444214684622628 0.008885647569383894 0.033930369785853794 0.21376366913318634
0 0.5806986945016044 0.540079150881086 0.008030959538051061 0.03946678979056222 0.1918002963066101
0 0.23271056583949498 0.5513723918369838 0.008964317185538155 0.022633382252284458 0.1776757538318634
0 0.5756067548479352 0.5398796626499721 0.008146354130336217 0.040112052645002096 0.17610237002372742
0 0.5858643395560128 0.5411716188703265 0.008058547973632812 0.0384979248046875 0.15984784066677094
0 0.5713154929024833 0.5377965314047677 0.007965394428798131 0.03925064631870815 0.15785306692123413
0 0.235492399760655 0.5449228286743164 0.009163056101117815 0.03363207408360073 0.15314914286136627
0 0.22049246515546525 0.552025318145752 0.009231822831290109 0.021759952817644392 0.15171055495738983
0 0.9576992307390485 0.5411460740225655 0.007164342062813895 0.03654558318001883 0.14159183204174042
0 0.5897068296160016 0.541633061000279 0.008308546883719308 0.03798736844744001 0.1338280588388443
0 0.5674497740609306 0.5356991972242083 0.007685559136526925 0.0372114862714495 0.1317598968744278
0 0.15436499459402903 0.5452284812927246 0.008723923138209752 0.03412720135280064 0.12852679193019867
0 0.1366785934993199 0.5424765859331403 0.008844341550554548 0.03478843825204032 0.127974733710289
0 0.5737712042672294 0.5300081116812569 0.006894315992082868 0.03602746554783413 0.12648126482963562
0 0.9620000294276646 0.5403759138924735 0.007626329149518695 0.037536450794764926 0.11886794865131378
0 0.9537630762372699 0.5414249897003174 0.007127080644880023 0.03628151757376535 0.11285582184791565
0 0.21653383118765696 0.5452403000422886 0.009431259972708566 0.034899507250104635 0.09530762583017349
0 0.5641871179853167 0.5303215299333844 0.007207563945225307 0.03585594041006906 0.0940747931599617
0 0.054094978741237094 0.5337339469364711 0.0060936084815434045 0.030804429735456194 0.08967401832342148
0 0.5605976922171456 0.5271560805184501 0.006452083587646484 0.03029336248125349 0.08921351283788681
0 0.5577201162065778 0.529061998639788 0.0072673048291887555 0.03536629676818848 0.0883750170469284
0 0.5960099356515067 0.5422077178955078 0.008577210562569755 0.03733430589948382 0.0880853682756424
0 0.052056623356682916 0.5293472834995815 0.0058768561908176965 0.028354201998029436 0.08644198626279831
0 0.9495705195835659 0.5418432780674526 0.007219110216413226 0.035792997905186245 0.08468962460756302
0 0.1314179982457842 0.5439421108790806 0.008506161825997489 0.03473493031093052 0.08314211666584015
0 0.55388457434518 0.5288099561418805 0.007282631737845284 0.03549531527927944 0.08223563432693481
0 0.9336620058332171 0.5439906801496234 0.007818426404680525 0.03384590148925781 0.0820971205830574
0 0.94466461454119 0.5420538016727993 0.007289750235421317 0.035454000745500834 0.08111587166786194
0 0.9411634717668805 0.542487621307373 0.007303442273821149 0.03528257778712681 0.08072315156459808
0 0.960247448512486 0.5315905979701451 0.006757531847272601 0.03332625116620745 0.08029867708683014
0 0.9374250003269741 0.5429502555302211 0.0073217664446149555 0.035021373203822544 0.080216184258461
0 0.13432105098451888 0.5503313541412354 0.008606110300336565 0.02329254150390625 0.07831263542175293
0 0.05639186075755528 0.5258267947605678 0.005352497100830078 0.023264305932181224 0.07787969708442688
0 0.5409588813781738 0.5245136533464704 0.006227118628365653 0.026760884693690708 0.07679315656423569
0 0.5460010596684047 0.5206738880702427 0.0056563786097935265 0.024814299174717495 0.07653146982192993
0 0.5491909299577985 0.5208498750414167 0.005682979311261859 0.025065149579729353 0.07484400272369385
0 0.24028594153267996 0.5449952057429722 0.009114759308951241 0.03395789010184152 0.07412375509738922
0 0.5785529272896903 0.5264590467725482 0.006644793919154576 0.036322525569370816 0.07296481728553772
0 0.9672027315412249 0.5414202894483294 0.006956849779401507 0.03641707556588309 0.07210758328437805
0 0.9277447291782924 0.5449371337890625 0.008393900735037667 0.03301872525896345 0.07180161774158478
0 0.12438629354749407 0.5429854393005371 0.008067454610552107 0.03474286624363491 0.07143746316432953
0 0.5936283384050641 0.5316710472106934 0.007382324763706752 0.040007012231009345 0.07015162706375122
0 0.5521618638719831 0.5211004529680524 0.005687509264264788 0.025299685341971263 0.06942654401063919
0 0.058810217039925713 0.5365232740129743 0.006570062467030117 0.033455065318516324 0.06875555962324142
0 0.059182822704315186 0.5258728436061314 0.005558801548821586 0.02290419169834682 0.0676472932100296
0 0.04941397053854806 0.5256005014692035 0.005294497523988996 0.023625476019723073 0.06712397933006287
0 0.3677913802010672 0.5439360822950091 0.008822338921683175 0.03383997508457729 0.06589331477880478
0 0.6567747933523995 0.5454000745500837 0.009409427642822266 0.03389906883239746 0.06545480340719223
0 0.6522610528128487 0.545452186039516 0.00945145743233817 0.03388983862740653 0.06455150991678238
0 0.9237916128976005 0.543025153023856 0.008657659803118025 0.03411330495561872 0.06220949813723564
0 0.6324545996529716 0.5445357731410435 0.009292261941092355 0.034622294562203546 0.06176299974322319
0 0.6612368992396763 0.5453463963099888 0.009371621268136161 0.03395874159676688 0.06166215240955353
0 0.3960631915501186 0.5383213928767613 0.0076040540422712055 0.032789911542619975 0.0613742470741272
0 0.5556893348693848 0.5213003839765277 0.005666494369506836 0.025476455688476562 0.0606234110891819
0 0.16011646815708705 0.5453421728951591 0.008722152028764998 0.03406463350568499 0.05981505662202835
0 0.6479407038007464 0.5454892771584647 0.00948197501046317 0.033867086683000834 0.059389133006334305
0 0.0635355029787336 0.5305642059871128 0.006404812846864972 0.028050695146833147 0.05843222513794899
0 0.6255699566432408 0.5437614577157157 0.009066581726074219 0.03581864493233817 0.058062486350536346
0 0.9101849283490863 0.5471699578421456 0.008737291608537947 0.03148058482578823 0.05727749317884445
0 0.06594246625900269 0.5265042441231864 0.006117884601865496 0.025444950376238142 0.05674082040786743
0 0.39188735825674875 0.5387741497584752 0.008100100925990514 0.03338711602347238 0.05649224668741226
0 0.9656697681971959 0.5320085797991071 0.006635734013148716 0.03346589633396694 0.056299835443496704
0 0.640463147844587 0.5451186725071498 0.009458609989711217 0.03398329871041434 0.05583792179822922
0 0.9056724820818219 0.5471853528703962 0.008770602090018136 0.03149138178144183 0.05540459603071213
0 0.6018105915614537 0.5424464770725795 0.008686883108956473 0.03711540358407157 0.05496777966618538
0 0.3715215410505022 0.5425705909729004 0.008672475814819336 0.03480696678161621 0.05450637638568878
0 0.9140029634748187 0.5471986021314349 0.008731092725481306 0.031419617789132256 0.05296502634882927
0 0.5899344852992466 0.5274058069501605 0.006898062569754464 0.0378443854195731 0.05287611484527588
0 0.047721611601965766 0.5333513532366071 0.006670304707118443 0.03554572377886091 0.052561502903699875
0 0.42354576928274973 0.5252526147024972 0.005934374673025948 0.02305739266531808 0.05161656066775322
0 0.3615029198782785 0.5443134648459298 0.008876936776297433 0.033500535147530694 0.05133972316980362
0 0.21360889502934047 0.5520004544939313 0.00926872662135533 0.0219940117427281 0.05055344104766846
0 0.6200949123927525 0.543262141091483 0.009030614580426897 0.03660862786429269 0.05022516846656799
