0 0.436042172568185 0.5192071369716099 0.005458899906703404 0.018762281962803433 0.10371790826320648
0 0.5759427206856864 0.5387183598109654 0.009636129651750838 0.047713518142700195 0.0949145033955574
0 0.4330710342952183 0.5233006477355957 0.005737849644252232 0.021616220474243164 0.09368608891963959
0 0.5792852129255023 0.5390587534223285 0.009682314736502511 0.04723198073250907 0.0925883799791336
0 0.6197096279689244 0.5388267380850655 0.00959982190813337 0.046237639018467495 0.08926491439342499
0 0.5842866897583008 0.5391648837498256 0.009588854653494698 0.04738593101501465 0.08345344662666321
0 0.6102477482386998 0.5420375210898263 0.009963512420654297 0.04327590124947684 0.07648345828056335
0 0.4182133674621582 0.5352746759142194 0.007219008037022182 0.03196777616228376 0.07213432341814041
0 0.4393902165549142 0.518780163356236 0.005282061440604073 0.01770615577697754 0.06691418588161469
0 0.9546974727085659 0.534959077835083 0.006874970027378627 0.039186954498291016 0.06429119408130646
0 0.9578730038234166 0.5349479743412563 0.00702108655657087 0.038960320608956475 0.0640343427658081
0 0.5968960353306362 0.5391162122998919 0.010560240064348494 0.04706301007952009 0.06286903470754623
0 0.5480717250279018 0.5164863041469029 0.005400010517665318 0.02141118049621582 0.061798762530088425
0 0.9523191452026367 0.5374165943690709 0.007973194122314453 0.03952445302690778 0.061152562499046326
0 0.10366741248539516 0.545337404523577 0.007559963635035923 0.03179284504481724 0.06068352237343788
0 0.6068329811096191 0.5423319339752197 0.00995077405657087 0.042760099683489115 0.05983298271894455
0 0.6035194396972656 0.540219613483974 0.009955065590994698 0.04215799059186663 0.05776111036539078
0 0.40793752670288086 0.5358969484056745 0.008018800190516881 0.033854893275669644 0.057554665952920914
0 0.10947215557098389 0.5459144115447998 0.00771812881742205 0.030583722250802175 0.05590987205505371
0 0.5895163672310966 0.5394105230058942 0.009597029004778181 0.046895742416381836 0.0552719347178936
0 0.12037909030914307 0.5478537082672119 0.008049275193895613 0.027803284781319753 0.05521062761545181
0 0.1119612625667027 0.5472246919359479 0.007965428488595145 0.028392996106828963 0.0547054223716259
0 0.4290697915213449 0.5228992870875767 0.005964211055210659 0.02193171637398856 0.053712569177150726
0 0.5366687434060233 0.5188094207218715 0.005361488887241909 0.01902008056640625 0.05242321640253067
0 0.4187408515385219 0.5256650788443429 0.0065528324672154015 0.026509932109287808 0.0519295260310173
0 0.9283186367579869 0.5404927049364362 0.00894791739327567 0.041981356484549384 0.05133415013551712
0 0.5441680635724749 0.5158017362867083 0.0054716382707868305 0.02146421160016741 0.051228106021881104
0 0.9657708576747349 0.5272844178336007 0.00611039570399693 0.0302673407963344 0.0506996288895607
0 0.4415293421064104 0.519026347569057 0.005089725766863141 0.017129591533115933 0.050413843244314194
