0 0.38580448286873953 0.5265768936702183 0.008127757481166295 0.03923027856009347 0.6313607692718506
0 0.3903602191380092 0.5239959103720528 0.007854597909109933 0.037710257938929966 0.6283841729164124
0 0.387909003666469 0.5378331797463554 0.010692289897373744 0.040779522487095425 0.6274021863937378
0 0.3923908642360142 0.5361870356968471 0.009311607905796595 0.044903108051845005 0.6256258487701416
0 0.3809426171439035 0.5294614859989711 0.008650575365339006 0.04198149272373745 0.6254965662956238
0 0.39430999755859375 0.5212937082563128 0.007953337260654994 0.038874966757638116 0.45425015687942505
0 0.37690258026123047 0.5362862518855503 0.009217466626848494 0.04541717256818499 0.4462379813194275
0 0.399014949798584 0.5345126560756138 0.008096184049333845 0.03956948007856097 0.3649584650993347
0 0.3977414539882115 0.52039521081107 0.007666417530604771 0.03905936649867466 0.18982361257076263
0 0.09157585246222359 0.5406037739345005 0.008009961673191615 0.03600852830069406 0.17988468706607819
0 0.09580623252051217 0.540755203792027 0.008053302764892578 0.035868780953543525 0.16426056623458862
0 0.3712937150682722 0.5387160778045654 0.009028230394635881 0.04136085510253906 0.13909569382667542
0 0.08758434227534703 0.537870066506522 0.007224082946777344 0.03484194619315011 0.13476534187793732
0 0.5388894762311663 0.5203220503670829 0.0058557987213134766 0.0237844671521868 0.131901815533638
0 0.5437796115875244 0.5212798118591309 0.006434100014822823 0.02763410976954869 0.12662148475646973
0 0.5482497896466937 0.5219767774854388 0.0066288879939488 0.02923924582345145 0.11752976477146149
0 0.549609865461077 0.5326842580522809 0.008456025804792131 0.03957649639674595 0.11675874888896942
0 0.5557595661708287 0.5301996299198696 0.008311305727277483 0.03740480967930385 0.11650532484054565
0 0.401583126613072 0.521951539175851 0.007480553218296596 0.03367103849138532 0.11588741093873978
0 0.10140769822256905 0.5409650802612305 0.008135931832449777 0.03587654658726284 0.11044284701347351
0 0.5516564505440849 0.5224981989179339 0.0068171705518450055 0.031068972178867886 0.10608474165201187
0 0.41222783497401644 0.5288079466138568 0.0071484361376081195 0.03170626504080636 0.0985616147518158
0 0.5460090637207031 0.5325920241219657 0.00838371685573033 0.03972220420837402 0.09723839163780212
0 0.7684332983834403 0.5451474530356271 0.009033339364188058 0.0331305776323591 0.09118419885635376
0 0.5341150760650635 0.5200813157217843 0.005656651088169643 0.02272554806300572 0.08854591101408005
0 0.4031878880092076 0.5380678176879883 0.008693184171404158 0.04287811688014439 0.08823824673891068
0 0.08460673264094762 0.5355432374136788 0.007286225046430316 0.03333585602896554 0.08731380105018616
0 0.5620780331747872 0.5278299876621791 0.008247988564627511 0.03666458811078753 0.08626566082239151
0 0.10521493639264788 0.541337149483817 0.008202033383505685 0.03654313087463379 0.08458893746137619
0 0.7725338935852051 0.5452062061854771 0.009081704275948661 0.03320847238813128 0.08425290882587433
0 0.7623069626944405 0.5448793002537319 0.009102140154157366 0.03318367685590472 0.0799034982919693
0 0.5418712752205985 0.5160769735063825 0.0056885651179722375 0.023966380528041294 0.07784617692232132
0 0.08100662912641253 0.5404300008501325 0.007754419531141009 0.0343907220023019 0.07596076279878616
0 0.5591887746538434 0.5361626488821847 0.009357690811157227 0.042392185756138394 0.0726659744977951
0 0.36499786376953125 0.5396426064627511 0.009243420192173548 0.04005636487688337 0.07244457304477692
0 0.4165768623352051 0.5252041816711426 0.006542376109531948 0.025527783802577426 0.07210279256105423
0 0.5930472782679966 0.5355822018214634 0.00965261459350586 0.040592466081891744 0.06918948143720627
0 0.09863353627068656 0.5328988347734723 0.007655177797589984 0.03343932969229562 0.06729993224143982
0 0.7766280855451312 0.5452304567609515 0.009147030966622489 0.03327185767037528 0.06515126675367355
0 0.11102925028119769 0.5419479097638812 0.008431604930332728 0.03734551157270159 0.06363783776760101
0 0.4053068161010742 0.52151962688991 0.007289682115827288 0.03183943884713309 0.0615895614027977
0 0.41346706662859234 0.5204780101776123 0.006301334926060268 0.024936062949044362 0.06090917810797691
0 0.5665961674281529 0.5333014215741839 0.00923466682434082 0.04021566254752023 0.060287535190582275
0 0.5975397654942104 0.5390826633998326 0.01030867440359933 0.04126463617597308 0.059242695569992065
0 0.12280864374978202 0.548029967716762 0.00823648486818586 0.02439917836870466 0.05917015299201012
0 0.5585417747497559 0.5192211014883858 0.00714285033089774 0.034041370664324076 0.05814787745475769
0 0.5887987273080009 0.5384206431252616 0.009963444301060267 0.04263421467372349 0.05729484558105469
0 0.11608188492911202 0.5421857833862305 0.008501436029161726 0.03730385644095285 0.057279206812381744
0 0.7574962888445173 0.5449365207127163 0.009063584463936942 0.03323677607945034 0.05716100335121155
0 0.40831146921430317 0.5208389759063721 0.006803580692836216 0.028773784637451172 0.0564529150724411
0 0.5291516099657331 0.5154116834912982 0.004786218915666852 0.0196401732308524 0.05470721051096916
0 0.12044050012316022 0.5422241687774658 0.008414668696267264 0.03743035452706473 0.053480666130781174
0 0.3287182194846017 0.5439869335719517 0.009310449872698103 0.03496442522321429 0.05333442986011505
0 0.5777884892054966 0.5357694625854492 0.009682995932442802 0.043104307992117744 0.051758620887994766
0 0.60198974609375 0.53913756779262 0.010315282004220145 0.04150758470807757 0.05014951899647713
