0 0.4333621433803013 0.5239499637058803 0.0061915602002825055 0.022157600947788784 0.1250777244567871
0 0.571627003805978 0.539726904460362 0.009819064821515764 0.0459167616707938 0.0879702940583229
0 0.43664237431117464 0.5196444988250732 0.005706310272216797 0.019977501460484097 0.07811097800731659
0 0.5754709243774414 0.5398241111210415 0.009842668260846819 0.045879364013671875 0.07613341510295868
0 0.9287992886134556 0.5406679425920758 0.009282384599958147 0.04175567626953125 0.07524020969867706
0 0.9252078873770577 0.5404819420405796 0.00925036839076451 0.041790553501674106 0.0734056681394577
0 0.964634622846331 0.5273151057107108 0.006252765655517578 0.029867172241210938 0.07144339382648468
0 0.5842165946960449 0.5400584084647042 0.009887559073311942 0.04601294653756278 0.06408736109733582
0 0.4310108593532017 0.5248050008501325 0.006590775081089565 0.02478766441345215 0.06216297671198845
0 0.5796174321855817 0.5399394716535296 0.009822709219796317 0.0455350535256522 0.0619991309940815
0 0.43901123319353375 0.5189116682325091 0.005501406533377511 0.018919127328055247 0.05897882953286171
0 0.9215540204729352 0.5406858580453056 0.009438514709472656 0.041951894760131836 0.05784287676215172
0 0.44099834987095426 0.5189791406903949 0.005372694560459682 0.018075261797223772 0.056327421218156815
0 0.5468674387250628 0.5178375925336566 0.005880662373134068 0.02534018244062151 0.052715592086315155
0 0.40814283915928434 0.5366036551339286 0.008023227964128767 0.03298500605991909 0.051895417273044586
0 0.6894197463989258 0.5454531397138324 0.009971141815185547 0.03386289732796805 0.051655884832143784
0 0.5913921083722796 0.5396130425589425 0.010089124952043806 0.04475539071219308 0.05061626434326172
0 0.9620518003191266 0.5274481092180524 0.006091322217668805 0.030229738780430386 0.05054120719432831
