0 0.9499038968767438 0.5404961449759347 0.007800442831856864 0.037389823368617466 0.17403657734394073
0 0.9429638726370675 0.5410190309797015 0.007717268807547433 0.03713859830583845 0.17159642279148102
0 0.9527518408639091 0.5357520920889718 0.0073206765311104914 0.035870449883597236 0.17154322564601898
0 0.946528434753418 0.5407261848449707 0.007743631090436663 0.03733311380658831 0.17022664844989777
0 0.9386532647269112 0.5411748204912458 0.0076792580740792414 0.03704864638192313 0.16306105256080627
0 0.9569322041102818 0.5319089208330426 0.006451742989676339 0.032878875732421875 0.16063643991947174
0 0.9337230409894671 0.5422696726662772 0.007742268698556083 0.0366790635245187 0.15184490382671356
0 0.9600132533482143 0.5317484991891044 0.006427288055419922 0.03176460947309222 0.150976300239563
0 0.5488271372658866 0.5342960357666016 0.0076095036097935265 0.03902367183140346 0.15021641552448273
0 0.5520077092306954 0.5351181030273438 0.007633754185267857 0.03939659254891532 0.14740422368049622
0 0.9303016662597656 0.5432986531938825 0.008267062050955636 0.035306181226457865 0.14361202716827393
0 0.5555740765162877 0.5373422758919852 0.007977008819580078 0.04114532470703125 0.12491729855537415
0 0.5450754165649414 0.530508177621024 0.007329021181379046 0.037470919745309014 0.12298255413770676
0 0.925309317452567 0.5442273957388741 0.008829934256417411 0.03430703708103725 0.11635458469390869
0 0.5422442981175014 0.5274632998875209 0.006487369537353516 0.03201355252947126 0.1121840626001358
0 0.5588408878871373 0.5396031311580113 0.008234875542776925 0.04230751310076032 0.10080654174089432
0 0.9644947052001953 0.5271293776375907 0.005685125078473773 0.028628315244402205 0.09624770283699036
0 0.5378624371119908 0.526834419795445 0.006410666874476841 0.03167854036603655 0.09411166608333588
0 0.9669451032366071 0.5272331237792969 0.005682059696742466 0.02714674813406808 0.09342440962791443
0 0.13781915392194474 0.5443464687892369 0.008510325636182512 0.035419736589704244 0.08456503599882126
0 0.14372330052512033 0.5445733410971505 0.008809660162244524 0.03508765356881278 0.08326192945241928
0 0.13367210115705216 0.544217586517334 0.008458878312792097 0.035445179258074076 0.08323238044977188
0 0.13004960332598006 0.5441004889351981 0.008388255323682512 0.03555413654872349 0.08176982402801514
0 0.5627730914524623 0.5401781627110073 0.007816178458077567 0.042183910097394674 0.0814475417137146
0 0.12627034527914865 0.544025046484811 0.008319054331098284 0.03569432667323521 0.07975610345602036
0 0.9714070047651019 0.5262984888894218 0.005249977111816406 0.024749551500592912 0.07893738895654678
0 0.12146069322313581 0.5437778064182827 0.00810882874897548 0.03578390393938337 0.07853253930807114
0 0.9582196644374302 0.545433589390346 0.008074964795793806 0.032784734453473775 0.07725000381469727
0 0.11699003832680839 0.5434517860412598 0.007829342569623674 0.035445179258074076 0.07420185208320618
0 0.07993712595530919 0.5362767492021833 0.00620251042502267 0.031352690287998745 0.07220117747783661
0 0.3700251579284668 0.5411785670689174 0.008261850902012416 0.037217719214303155 0.07196450233459473
0 0.11249218668256487 0.5430008002689907 0.0076278703553336 0.0350557735988072 0.07190947234630585
0 0.9179116657802037 0.544766902923584 0.009129183632986886 0.03393333298819406 0.07163577526807785
0 0.37453508377075195 0.5330310549054827 0.007395029067993164 0.03312485558646066 0.0715164989233017
0 0.14940081323896134 0.5459932259150914 0.009413719177246094 0.03342628479003906 0.07112181931734085
0 0.10812220403126307 0.5426901408604213 0.007584742137363979 0.03480424199785505 0.0699547603726387
0 0.9760819162641253 0.5222491196223668 0.005097934177943638 0.024371419634137834 0.06858725845813751
0 0.08280257667813982 0.5390412126268659 0.00638965197971889 0.03189155033656529 0.06696753948926926
0 0.36623518807547434 0.5412878308977399 0.008318253925868444 0.03691894667489188 0.06669582426548004
0 0.5669521604265485 0.5404723712376186 0.007930074419294084 0.04172675950186593 0.06545507907867432
0 0.10431417397090367 0.5423222950526646 0.007453901427132743 0.03479817935398647 0.06515821069478989
0 0.5402381079537528 0.5220483371189663 0.0056710924421037945 0.02745185579572405 0.0650930106639862
0 0.09308057171957833 0.5365971156529018 0.00653432948248727 0.03219246864318848 0.06365156173706055
0 0.15347472258976527 0.5449293681553432 0.009477921894618444 0.034187759671892436 0.06354216486215591
0 0.9735396248953683 0.5221702371324811 0.005061898912702288 0.023607867104666575 0.06347674876451492
0 0.08610236644744873 0.5393392017909459 0.00678262540272304 0.03333258628845215 0.063178651034832
0 0.08927584545952934 0.5395679473876953 0.006861857005528041 0.03343772888183594 0.061975978314876556
0 0.0774052483694894 0.5322460447038923 0.005723510469709124 0.02897681508745466 0.06189179793000221
0 0.5288511003766742 0.5240348747798375 0.006260837827410016 0.026470184326171875 0.06155041605234146
0 0.5355043070656913 0.5214714322771344 0.005646773747035435 0.026854685374668667 0.061061859130859375
0 0.09988508905683245 0.5421905517578125 0.007406788212912423 0.03500877107892718 0.05895647034049034
0 0.5718854495457241 0.5406319754464286 0.007938521248953683 0.04155768666948591 0.058900926262140274
0 0.5790623937334333 0.5416128976004464 0.00786031995500837 0.040105955941336494 0.05862179026007652
0 0.9134601865495954 0.5448267119271415 0.009136676788330078 0.03385751588003976 0.05854351818561554
0 0.3770818029131208 0.540778636932373 0.008043595722743444 0.03782037326267788 0.057727307081222534
0 0.5752389771597726 0.5410877636500767 0.00790919576372419 0.04104450770786831 0.057672008872032166
0 0.3619023050580706 0.5422242028372628 0.008738551821027483 0.036860500063214986 0.055822111666202545
0 0.3642680985586984 0.5312395436423165 0.0075266361236572266 0.03572137015206473 0.05527425929903984
0 0.09584876469203404 0.5420441627502441 0.007343368870871407 0.03493802888052804 0.05497116595506668
0 0.5839572634015765 0.5424880300249372 0.008031368255615234 0.038943631308419366 0.05396265909075737
0 0.3573331492287772 0.5424175943647113 0.00880983897617885 0.03677201271057129 0.053548414260149
0 0.380575316292899 0.538386617388044 0.007655314036778041 0.036170550755092075 0.05275748297572136
0 0.08343454769679479 0.5277644566127232 0.0055787137576511926 0.026569672993251255 0.05062161386013031
