0 0.9625794546944755 0.533843857901437 0.006465026310511998 0.032226732798985074 0.2479701042175293
0 0.9322099685668945 0.5410874230521066 0.007816791534423828 0.040995734078543525 0.11799021065235138
0 0.8419055938720703 0.5436146940503802 0.009032794407435827 0.035149846758161275 0.09959501028060913
0 0.5680309704371861 0.538271597453526 0.00916494641985212 0.04740960257393973 0.09806393086910248
0 0.9366579736982074 0.536855663572039 0.00731658935546875 0.03785146985735212 0.08876793831586838
0 0.4391167163848877 0.5150985377175468 0.005149296351841518 0.019413539341517856 0.08721893280744553
0 0.9643881661551339 0.5261251585824149 0.005481243133544922 0.027974094663347517 0.08661003410816193
0 0.9577375139508929 0.5377057279859271 0.007143293108258929 0.03474290030343192 0.0864577367901802
0 0.9680343355451312 0.525524343763079 0.005449090685163226 0.027563537870134627 0.084103062748909
0 0.5874699183872768 0.5396406309945243 0.009496007646833147 0.04556281226021903 0.08226291090250015
0 0.4351237842014858 0.5197119031633649 0.005711896078927177 0.020384890692574636 0.08182030916213989
0 0.383547237941197 0.5359128543308803 0.008074794496808733 0.03872847557067871 0.08129655569791794
0 0.3942624500819615 0.5356015477861676 0.007934331893920898 0.039160455976213725 0.08087512105703354
0 0.37986319405691965 0.5358174528394427 0.008273839950561523 0.039073126656668525 0.07318802177906036
0 0.9469535010201591 0.5355398314339774 0.00681379863194057 0.03487999098641532 0.07262304425239563
0 0.9522128786359515 0.5376138005937848 0.006966250283377511 0.03497321265084403 0.07237992435693741
0 0.43406459263392855 0.5146980966840472 0.005238635199410575 0.020308528627668108 0.07160046696662903
0 0.4294109344482422 0.5195586340767997 0.0057147230420793805 0.020725011825561523 0.07085951417684555
0 0.36674104418073383 0.5341805049351284 0.00806525775364467 0.03555655479431152 0.07058168947696686
0 0.44255597250802176 0.5148079735892159 0.005279915673392159 0.018737997327532088 0.06999646872282028
0 0.41192872183663504 0.5242699895586286 0.00656052998134068 0.027734688350132534 0.06892763078212738
0 0.5834838322230748 0.540255069732666 0.009227071489606584 0.04599302155630929 0.0686701163649559
0 0.40965362957545687 0.5242857933044434 0.006600924900599888 0.027975593294416155 0.0670161172747612
0 0.40656815256391254 0.5248903547014508 0.006437778472900391 0.028750385556902205 0.06689293682575226
0 0.9717866352626255 0.5249753679547992 0.005486147744315011 0.02662757464817592 0.06631021201610565
0 0.9619010516575405 0.5251303400312152 0.005245208740234375 0.02425980567932129 0.06438969075679779
0 0.5718409674508231 0.5395538466317313 0.009207487106323242 0.04655998093741281 0.06329585611820221
0 0.3766333375658308 0.537907600402832 0.008409500122070312 0.039435114179338725 0.06312312185764313
0 0.9594544001988002 0.5307536125183105 0.006718294961111886 0.035514661243983676 0.0598064623773098
0 0.41503661019461496 0.523850849696568 0.006397860390799386 0.026881115777151927 0.0589287132024765
0 0.5914344787597656 0.5396150520869664 0.009478364671979631 0.04523093359810965 0.058315325528383255
0 0.5781094006129673 0.5400292192186628 0.009260313851492745 0.04597078050885882 0.05645362660288811
0 0.8216612679617745 0.5392392703465053 0.00905397960117885 0.03972176143101284 0.055002447217702866
0 0.8191099848066058 0.5433092798505511 0.00963592529296875 0.037999561854771206 0.05469801276922226
0 0.08288618496486119 0.5389235700879779 0.0065203990255083355 0.029670510973249162 0.05460551381111145
0 0.3851135117667062 0.5292106696537563 0.007053204945155552 0.03186164583478655 0.053583141416311264
0 0.3619015898023333 0.5398577962602887 0.009266989571707589 0.03960411889212472 0.05219035595655441
0 0.38751241139003206 0.5331799302782331 0.007830721991402763 0.03863130296979632 0.05164847895503044
0 0.5647658961159843 0.5389654295785087 0.008682727813720703 0.04403158596583775 0.0503210611641407
