0 0.24237409659794398 0.5402052061898368 0.009943553379603795 0.038692780903407505 0.6206648349761963
0 0.6795851162501744 0.5395528929574149 0.00988973890032087 0.04269463675362723 0.6190020442008972
0 0.23687025478907994 0.5411121504647392 0.009327922548566545 0.039116893495832174 0.6175260543823242
0 0.6856983729771206 0.5397861344473702 0.009627410343715124 0.04420113563537598 0.5938211679458618
0 0.6748655182974679 0.5383831092289516 0.010356903076171875 0.04472780227661133 0.5845205783843994
0 0.23423533780234201 0.5496447767530169 0.010628393718174525 0.02443974358694894 0.5788439512252808
0 0.23126646450587682 0.5411325182233538 0.00922039576939174 0.039897612162998745 0.5708164572715759
0 0.2485457488468715 0.5403046607971191 0.009754266057695662 0.03854462078639439 0.507564902305603
0 0.9094260079520089 0.5402537754603794 0.00789853504725865 0.04146947179521833 0.5058010220527649
0 0.6675756999424526 0.5380480970655169 0.010276521955217634 0.04806321007864816 0.47896677255630493
0 0.9053741182599749 0.541799681527274 0.008091994694301061 0.04335413660321917 0.4388958215713501
0 0.2395714351109096 0.5310984339032855 0.007926412991115026 0.047446216855730326 0.4252105951309204
0 0.9139065061296735 0.5400044236864362 0.007741859980991909 0.04221487045288086 0.40578019618988037
0 0.6902272360665458 0.5399221692766462 0.009660516466413225 0.04443464960370745 0.3951304852962494
0 0.660203184400286 0.5402289799281529 0.010019574846540178 0.046619108745029995 0.32877638936042786
0 0.9017220224652972 0.5468150547572544 0.008779117039271764 0.02794405392238072 0.318377286195755
0 0.2256408759525844 0.5433416707175118 0.008810077394757952 0.036701815468924384 0.3037300705909729
0 0.23398613929748535 0.532210281917027 0.008456724030630929 0.04764464923313686 0.2782357335090637
0 0.2520319053104946 0.5355608803885323 0.009167398725237166 0.04056038175310407 0.23286288976669312
0 0.919719968523298 0.5397743497576032 0.007802486419677734 0.04363281386239188 0.21785566210746765
0 0.8592981610979352 0.5422853742327008 0.009238719940185547 0.04186654090881348 0.203261137008667
0 0.8991906302315849 0.5422616686139788 0.008572646549769811 0.04328216825212751 0.20057916641235352
0 0.6638578006199428 0.5273447377341134 0.009326117379324777 0.051844392504010885 0.19636806845664978
0 0.8765072822570801 0.5419519288199288 0.00884601048060826 0.042638540267944336 0.19538800418376923
0 0.8544165066310337 0.5425737244742257 0.009272302900041853 0.04113806997026716 0.18896785378456116
0 0.6708604948861259 0.5285042354038784 0.00969069344656808 0.05323859623500279 0.18246743083000183
0 0.6959915161132812 0.541020291192191 0.009445054190499442 0.0423241342817034 0.18178829550743103
0 0.25871576581682476 0.5433344841003418 0.008958612169538225 0.03657003811427525 0.16535286605358124
0 0.6564549037388393 0.544039419719151 0.010191985539027624 0.03544487271990095 0.16525381803512573
0 0.8646399634225028 0.5422052315303257 0.009222711835588728 0.04183830533708845 0.16172201931476593
0 0.8694661004202706 0.5420962061200824 0.009337288992745536 0.0415470940726144 0.15564435720443726
0 0.06516591565949577 0.5259014538356236 0.005296792302812848 0.022739955357142856 0.15433436632156372
0 0.06270188093185425 0.5258359227861676 0.005145549774169922 0.02269281659807478 0.14843493700027466
0 0.059787588460104804 0.5257186208452497 0.005049569266183036 0.022478239876883372 0.13937754929065704
0 0.365804774420602 0.5409915106637138 0.008941650390625 0.03569419043404715 0.13374002277851105
0 0.08061637197222028 0.5381547723497663 0.007321374756949288 0.033351898193359375 0.1332336962223053
0 0.5440152032034737 0.5268446717943464 0.007887499673025948 0.03436136245727539 0.13238675892353058
0 0.9244036674499512 0.5371676172528949 0.007747650146484375 0.042210238320486884 0.13101236522197723
0 0.24596451010022843 0.5284407138824463 0.0078105926513671875 0.04376091275896345 0.13014818727970123
0 0.3606888566698347 0.5425806726728167 0.008729185376848494 0.03650413240705218 0.12699297070503235
0 0.06829254967825753 0.5307247979300362 0.006196737289428711 0.0276336669921875 0.12644025683403015
0 0.06736623389380318 0.5207540648324149 0.004529331411634173 0.0196378231048584 0.12407460808753967
0 0.5407330649239677 0.5254629680088588 0.007520062582833427 0.03313790048871722 0.12391310185194016
0 0.07585845674787249 0.5350758688790458 0.006558597087860107 0.031199659620012556 0.12177619338035583
0 0.08425744090761457 0.5407113347734723 0.007648876735142299 0.034411464418683736 0.11882682889699936
0 0.9278669357299805 0.5370781762259347 0.00761760984148298 0.041422877992902486 0.11835270375013351
0 0.07259112596511841 0.5309758867536273 0.006286710500717163 0.028929812567574636 0.11745613068342209
0 0.5488835062299456 0.5292705127171108 0.008575882230486189 0.03928886141095843 0.1174224242568016
0 0.8729485103062221 0.538961376462664 0.010063648223876953 0.0518336296081543 0.11719771474599838
0 0.5524678230285645 0.5328613008771624 0.008874791009085519 0.04113210950578962 0.11547327041625977
0 0.8822212900434222 0.5422005653381348 0.008311271667480469 0.04394841194152832 0.1153477281332016
0 0.08817932435444423 0.5409463814326695 0.007574558258056641 0.03443656648908343 0.11204659938812256
0 0.847127982548305 0.5432585988725934 0.009119442531040736 0.03926658630371094 0.11086837202310562
0 0.8952266148158482 0.5423179353986468 0.008621828896658761 0.04366339956011091 0.10774475336074829
0 0.05741130454199655 0.5204924174717495 0.0042995257037026545 0.019445112773350308 0.10515017807483673
0 0.05204370192119053 0.5251587799617222 0.0048888495990208215 0.022511890956333706 0.10505692660808563
0 0.21549364498683385 0.5439998081752232 0.008730888366699219 0.035240343638828824 0.10418818145990372
0 0.12504123789923532 0.5438918386186872 0.008274742535182409 0.034128734043666294 0.10316278040409088
0 0.35776942116873606 0.5372530051640102 0.008077178682599748 0.0334935188293457 0.10184537619352341
0 0.39094819341387066 0.5343777792794364 0.007947376796177455 0.032084260668073385 0.10083167999982834
0 0.8870588711329869 0.5438139098031181 0.009064265659877233 0.03436739104134696 0.0996733233332634
0 0.5378237111227853 0.5220951352800641 0.007187434605189732 0.031398160117013116 0.09964046627283096
0 0.3631721905299595 0.5337608201163155 0.007936273302350725 0.03412679263523647 0.09841132164001465
0 0.6526920454842704 0.5409184183393206 0.010115623474121094 0.045717409678867886 0.09658806025981903
0 0.11816500765936715 0.543839522770473 0.008286850793021066 0.0340853078024728 0.09640912711620331
0 0.0932483332497733 0.5411740030561175 0.007559222834450858 0.03427880150931222 0.09636488556861877
0 0.05429654461996896 0.520524161202567 0.0043624213763645715 0.019415412630353655 0.096177838742733
0 0.21871893746512278 0.5375720432826451 0.008422545024326869 0.040443863187517436 0.09443516284227371
0 0.3725853647504534 0.5408768994467599 0.00878007071358817 0.035704340253557475 0.09337533265352249
0 0.12943834917885916 0.543867996760777 0.008283947195325578 0.03409460612705776 0.09284397214651108
0 0.9027242660522461 0.5307059969220843 0.008301121847970145 0.060193266187395365 0.08956445753574371
0 0.7801528658185687 0.5467450278145927 0.009593214307512556 0.03303452900477818 0.08911588042974472
0 0.3874761036464146 0.5348329544067383 0.008028881890433175 0.03253943579537528 0.08798626810312271
0 0.8503856658935547 0.5358611515590123 0.008704526083809989 0.045672450746808736 0.08627504855394363
0 0.11288877895900182 0.5433814866202218 0.0081290602684021 0.03423149245125907 0.08605236560106277
0 0.7752501623971122 0.5508039338248116 0.009623868124825614 0.024385145732334683 0.08496423065662384
0 0.701425279889788 0.5419158254350934 0.009293215615408761 0.04025047166006906 0.0848691463470459
0 0.5576566968645368 0.5352098260607038 0.00907829829624721 0.0437532833644322 0.0831654965877533
0 0.5342614310128349 0.5214663914271763 0.007037367139543805 0.029812983104160855 0.08306523412466049
0 0.3785644258771624 0.538801942552839 0.008492061070033483 0.03482481411525181 0.08176708221435547
0 0.7178426470075335 0.5429258687155587 0.009604998997279577 0.0385831424168178 0.08063039183616638
0 0.24208709171840123 0.5248216901506696 0.006738850048610142 0.04481809479849679 0.0805845558643341
0 0.38228896686009 0.5380316461835589 0.008402688162667411 0.03433060646057129 0.08038271218538284
0 0.09850854533059257 0.541252885546003 0.0075509122439793176 0.034253903797694614 0.07916251569986343
0 0.7848190580095563 0.5459159442356655 0.009727001190185547 0.03407539640154157 0.07855266332626343
0 0.054497344153268 0.5288703782217843 0.005606391600200108 0.02743063654218401 0.07712102681398392
0 0.39391919544764925 0.5305847440447126 0.007676090512956891 0.030545336859566823 0.07622280716896057
0 0.12119928428104945 0.5390135901314872 0.007712789944240025 0.03558768544878278 0.07595186680555344
0 0.9347264426095145 0.5397189344678607 0.008255754198346819 0.04143517357962472 0.07561566680669785
0 0.06432517085756574 0.5343489987509591 0.006283300263541085 0.028817449297223772 0.0755617767572403
0 0.35449102946690153 0.5427776745387486 0.008676154272896903 0.03643172127859933 0.07385831326246262
0 0.10559196131569999 0.5420091152191162 0.0075765422412327355 0.03430741173880441 0.07332891970872879
0 0.10220249210085187 0.5416058812822614 0.0075865983963012695 0.0343017578125 0.07290994375944138
0 0.04986540334565299 0.5204363550458636 0.004361569881439209 0.019847937992640903 0.07278108596801758
0 0.1350277066230774 0.5439996719360352 0.0083205018724714 0.03401276043483189 0.07245343923568726
0 0.8120906012398856 0.5450589997427804 0.009368487766810827 0.035656826836722236 0.0719948336482048
0 0.8907980237688337 0.5423040390014648 0.008464949471609933 0.044250283922467916 0.06988665461540222
0 0.722360474722726 0.5428506306239537 0.009786060878208705 0.03896362440926688 0.06958258897066116
0 0.3692279543195452 0.5329919883183071 0.007969890322004045 0.03346177509852818 0.06910133361816406
0 0.8421163558959961 0.5435714721679688 0.00912618637084961 0.03816063063485282 0.06819288432598114
