0 0.95204039982387 0.5391656671251569 0.008262021200997489 0.04205070223127093 0.13180820643901825
0 0.9550500597272601 0.5388762610299247 0.008195059640066964 0.041499785014561245 0.10302016139030457
0 0.9380722045898438 0.5402098383222308 0.008869988577706473 0.04386864389692034 0.09572470188140869
0 0.9327471596854073 0.5402897426060268 0.008725234440394811 0.04409119061061314 0.09480787068605423
0 0.9416608810424805 0.539897986820766 0.00832155772617885 0.042235340390886576 0.08829918503761292
0 0.9285303524562291 0.5404284000396729 0.008810724530901228 0.04404401779174805 0.08552781492471695
0 0.9443819863455636 0.5389201981680733 0.008214609963553292 0.04189109802246094 0.07983042299747467
0 0.9576106752668109 0.5375172070094517 0.00815582275390625 0.04191507611955915 0.07829029113054276
0 0.08761307171412877 0.538355895451137 0.006774825709206718 0.03084731101989746 0.07219672948122025
0 0.07800100530896868 0.5369010652814593 0.006575235298701695 0.028941801616123745 0.0682104080915451
0 0.5585931028638568 0.5380440439496722 0.008121422358921595 0.035937649863106866 0.06795385479927063
0 0.5618463584354946 0.5387609345572335 0.008529867444719588 0.03691690308707101 0.06501778960227966
0 0.967733519417899 0.5280023983546666 0.006251539502825055 0.03223868778773716 0.06371127814054489
0 0.08292061941964286 0.5337927000863212 0.006264192717415946 0.028630290712629045 0.06364206969738007
0 0.08519782338823591 0.5398876326424735 0.0070932166916983464 0.02865896906171526 0.06118696928024292
0 0.9489227022443499 0.539405277797154 0.008450576237269811 0.039401156561715264 0.0608452707529068
0 0.9698925699506488 0.5276329517364502 0.006241798400878906 0.03167860848563058 0.05877212435007095
0 0.12260963235582624 0.5463701997484479 0.008046839918409075 0.030028683798653737 0.05764426663517952
0 0.08039418288639613 0.5336641584123883 0.0061373199735369 0.028797251837594167 0.05627373233437538
0 0.9719192641122001 0.5281848226274762 0.006298473903111049 0.03210541180201939 0.054193560034036636
0 0.9755019460405622 0.526538644518171 0.005738394601004464 0.026739120483398438 0.05389053747057915
0 0.1396932772227696 0.5466264656611851 0.008841923304966517 0.030519485473632812 0.052678029984235764
0 0.572880744934082 0.5420077528272357 0.008671419961111886 0.038688250950404575 0.05026485025882721
0 0.13456061908176967 0.5461910111563546 0.008116543292999268 0.030571494783673967 0.050123363733291626
