0 0.12247308662959508 0.543135438646589 0.009099006652832031 0.03522413117544992 0.3186045289039612
0 0.11838969162532262 0.543102332523891 0.008470305374690465 0.03431296348571777 0.28423216938972473
0 0.12691315582820348 0.5430783544267926 0.009092654500688826 0.035747221537998745 0.26232442259788513
0 0.13130950927734375 0.5416257040841239 0.009031142507280623 0.036317450659615655 0.18980325758457184
0 0.9330996104649135 0.5495669501168388 0.008404867989676339 0.02433739389692034 0.18672779202461243
0 0.1131880453654698 0.5427518912724086 0.00833616086414882 0.03449644361223493 0.17716474831104279
0 0.8433121272495815 0.543794938496181 0.008337088993617467 0.03534391948154995 0.17181730270385742
0 0.9307685579572406 0.5435690198625837 0.008395944322858537 0.037517036710466654 0.16630730032920837
0 0.8387124197823661 0.5491832324436733 0.008682727813720703 0.02414802142551967 0.16567252576351166
0 0.13570220981325423 0.5429494040352958 0.009010928017752511 0.03601302419389997 0.16272445023059845
0 0.9357230322701591 0.5410051345825195 0.007973466600690569 0.038845675332205634 0.1559833437204361
0 0.8476317269461495 0.543539183480399 0.008409568241664342 0.03539517947605678 0.14999887347221375
0 0.9411803654261998 0.5409201894487653 0.008144855499267578 0.03875327110290527 0.13950559496879578
0 0.1431208848953247 0.543236255645752 0.009089819022587367 0.03588972772870745 0.13243445754051208
0 0.8362764630998883 0.5434456552777972 0.007953030722481864 0.03643965721130371 0.1298527866601944
0 0.10810743059430804 0.5402452605111259 0.008141670908246721 0.0336428029196603 0.12887990474700928
0 0.9450149536132812 0.5385099138532367 0.008229528154645647 0.0379666941506522 0.12210094928741455
0 0.850215230669294 0.5496445383344378 0.008194378444126673 0.023939439228602817 0.11929841339588165
0 0.14819237164088658 0.5434723581586566 0.008952277047293527 0.0358342102595738 0.11809440702199936
0 0.8546032224382673 0.5433658872331891 0.008462974003383092 0.035812548228672574 0.11677335947751999
0 0.8402765819004604 0.5396689346858433 0.0077326638357979914 0.03792374474661691 0.11627991497516632
0 0.10395966257367815 0.5400334766932896 0.008131376334599085 0.03346283095223563 0.11156913638114929
0 0.9560542106628418 0.5410346644265311 0.007577078683035714 0.03804411206926618 0.11148757487535477
0 0.9485851015363421 0.5353124141693115 0.007976531982421875 0.03662872314453125 0.10814271867275238
0 0.11558803490230016 0.5343975339617048 0.007963708468845912 0.032318558011736186 0.10056528449058533
0 0.951760973249163 0.5313295296260289 0.007851532527378626 0.03503492900303432 0.09736860543489456
0 0.8590491158621651 0.5434912613459996 0.008562156132289342 0.035818168095179966 0.0945872887969017
0 0.09919963564191546 0.5395897797175816 0.007976250989096505 0.032937322344098775 0.08765463531017303
0 0.5609663895198277 0.5362054279872349 0.008551256997244698 0.04027131625584194 0.08633922785520554
0 0.5555193424224854 0.5334022385733468 0.008373805454799108 0.03946770940508161 0.08435190469026566
0 0.1525165864399501 0.5368592057909284 0.008335079465593611 0.0387047358921596 0.08249854296445847
0 0.9523098128182548 0.5464875016893659 0.008290290832519531 0.030818871089390347 0.0823289081454277
0 0.15557013239179338 0.5435524668012347 0.008769256728036063 0.03606390953063965 0.08199159055948257
0 0.5646018300737653 0.5391463552202497 0.008433614458356584 0.040888071060180664 0.07440268248319626
0 0.699988569532122 0.5435362543378558 0.008346830095563616 0.03677276202610561 0.07353075593709946
0 0.3687840189252581 0.538555519921439 0.008678810937064034 0.03447157996041434 0.07216742634773254
0 0.9553422927856445 0.527458735874721 0.007119928087506976 0.03148337772914341 0.07166975736618042
0 0.36421493121555876 0.5407544544764927 0.008908135550362723 0.03563802582877023 0.07077992707490921
0 0.3582767759050642 0.5417964117867606 0.009076220648629325 0.03622511454990932 0.06845267117023468
0 0.7026348795209613 0.5491932460239956 0.008590970720563616 0.0247079644884382 0.06819052994251251
0 0.8648594447544643 0.5437342779976981 0.00856365476335798 0.035923310688563755 0.06774736940860748
0 0.7153729030064174 0.5431229727608817 0.008466175624302455 0.03692742756434849 0.06742501258850098
0 0.8310510090419224 0.5434827123369489 0.008061068398611886 0.03616523742675781 0.06729339808225632
0 0.5712838172912598 0.5392496245247977 0.008297511509486608 0.041098560605730326 0.06699632108211517
0 0.8510629108973912 0.5376050131661552 0.007916246141706194 0.04080993788582938 0.06604757159948349
0 0.6948109354291644 0.5431855065482003 0.008187975202287947 0.03726530075073242 0.06604097038507462
0 0.5678091730390277 0.534158740724836 0.007933037621634347 0.03813729967389788 0.0656050369143486
0 0.36154985427856445 0.5339696066720145 0.008746249335152763 0.03456595965794155 0.06523561477661133
0 0.09355526311056954 0.5389697892325265 0.007502061980111259 0.032490355627877374 0.06516416370868683
0 0.5505610193525042 0.5300869260515485 0.008268424442836217 0.03867309434073312 0.06494498997926712
0 0.7063730784824916 0.5436113902500698 0.008204460144042969 0.03685164451599121 0.06474412232637405
0 0.9215350832257952 0.5441919735499791 0.008374009813581194 0.03757204328264509 0.06441675126552582
0 0.7103773525782994 0.5435618673052106 0.008192198617117745 0.0367774282182966 0.06269661337137222
0 0.5419060502733503 0.526242562702724 0.007386411939348493 0.03242894581386021 0.0626458078622818
0 0.7640731675284249 0.5443920407976423 0.008412633623395647 0.03366119521004813 0.06057903170585632
0 0.5322929109845843 0.5203939165387835 0.006623302187238421 0.02752981867109026 0.06011490523815155
0 0.13886511325836182 0.5340307780674526 0.008650098528180803 0.04174699102129255 0.060107722878456116
0 0.3746809959411621 0.5412374223981585 0.009141206741333008 0.035374300820486884 0.05892175808548927
0 0.5353257315499442 0.5207814489092145 0.006620338984898159 0.028400353022984097 0.05863339826464653
0 0.05113131659371512 0.5198067937578473 0.004304379224777222 0.01942498343331473 0.058050334453582764
0 0.048529395035334995 0.520075866154262 0.004539945295878819 0.01982917104448591 0.0577445849776268
0 0.5242536408560616 0.5153465952192035 0.005482639585222516 0.022259133202689036 0.056250378489494324
0 0.5758087294442313 0.5392169611794608 0.008280890328543527 0.04100309099469866 0.05555383488535881
0 0.15947740418570383 0.5397746903555733 0.008371625627790178 0.03752708435058594 0.055089350789785385
0 0.05333624567304339 0.5250919886997768 0.005070418119430542 0.021705457142421176 0.05486578866839409
0 0.539372376033238 0.5213259288242885 0.006656101771763393 0.02890951292855399 0.054748959839344025
0 0.3792891502380371 0.5352193287440709 0.008129426411220006 0.03211549350193569 0.054544977843761444
0 0.5281617300851005 0.5157995223999023 0.006013120923723493 0.02519852774483817 0.0535438172519207
0 0.37213008744376047 0.5317553792681012 0.008024420057024275 0.031829833984375 0.05298507586121559
0 0.5456692831856864 0.5284810066223145 0.00824941907610212 0.03897404670715332 0.05286994203925133
0 0.8279748644147601 0.550255571092878 0.008623531886509486 0.022645643779209683 0.052211690694093704
0 0.7215830257960728 0.5430456910814557 0.008500371660505022 0.0371588979448591 0.052040014415979385
0 0.08718476976667132 0.5358114923749652 0.0071199195725577214 0.0313807555607387 0.051656629890203476
0 0.690673691885812 0.5432956559317452 0.008621828896658761 0.03653543336050851 0.051106587052345276
