0 0.41106254713875906 0.5308326993669782 0.008902754102434431 0.03889686720711844 0.6278563141822815
0 0.41567366463797434 0.5303199631827218 0.009109939847673689 0.03793215751647949 0.6268652677536011
0 0.40595892497471403 0.5313123634883335 0.009375606264386858 0.04051324299403599 0.6222106218338013
0 0.40901763098580496 0.5223738125392369 0.007062843867710659 0.03244509015764509 0.618204653263092
0 0.4194812093462263 0.5233767373221261 0.0078007493700299945 0.03725004196166992 0.5218549966812134
0 0.40249463490077425 0.5367151328495571 0.010336228779384069 0.04489340100969587 0.4941053092479706
0 0.42005876132420134 0.5410847663879395 0.009569781167166573 0.03756131444658552 0.39953601360321045
0 0.4123976911817278 0.5181262152535575 0.007043770381382534 0.03902717999049595 0.35432374477386475
0 0.4229659012385777 0.5229297706059047 0.007648399897984096 0.03674003056117466 0.30889004468917847
0 0.3979730265481131 0.538226808820452 0.010014738355364119 0.042675937925066264 0.24985571205615997
0 0.4276228632245745 0.5361881937299456 0.00911644526890346 0.046518496104649136 0.2252289354801178
0 0.4023801258632115 0.5219299452645438 0.007768256323678153 0.038986376353672574 0.2125205248594284
0 0.4292841298239572 0.5203759329659599 0.006237711225237165 0.027331318174089705 0.19286173582077026
0 0.4164363997323172 0.5165426731109619 0.006469113486153739 0.03951379231044224 0.18165791034698486
0 0.9211933272225517 0.5428486551557269 0.008562360491071428 0.034542696816580634 0.1349228322505951
0 0.6232406071254185 0.5438051223754883 0.009259292057582311 0.0349236215863909 0.1306210458278656
0 0.9174683434622628 0.5438588006155831 0.00955826895577567 0.033623729433332174 0.13021613657474518
0 0.6188218934195382 0.5438289301736015 0.009260995047433036 0.03491265433175223 0.12421593070030212
0 0.925400938306536 0.5423993383135114 0.008399690900530134 0.03504722458975656 0.12022609263658524
0 0.6290798187255859 0.5441818577902657 0.009460176740373884 0.0343196051461356 0.11623033136129379
0 0.05828624112265451 0.5352770260402134 0.006396391562053135 0.031766142163957865 0.11183324456214905
0 0.6142632620675224 0.5439013072422573 0.009277548108782088 0.034952333995274136 0.11103693395853043
0 0.35159274509974886 0.5435030119759696 0.011067594800676619 0.03583213261195591 0.10911831259727478
0 0.05357323374067034 0.5308310985565186 0.005943558045795986 0.030308450971330916 0.10786020755767822
0 0.23364693777901785 0.5460334505353656 0.010272315570286341 0.034284353256225586 0.10399167239665985
0 0.05547996503966195 0.5259995460510254 0.005074484007699149 0.024660485131399974 0.1034037321805954
0 0.04833454745156424 0.5255953584398542 0.005034991673060826 0.02460016523088728 0.10295892506837845
0 0.05045484645026071 0.5298858029501778 0.00627746752330235 0.030245440346854075 0.10215368866920471
0 0.6364995411464146 0.5448202405657087 0.009662015097481864 0.03322522980826242 0.1019119918346405
0 0.062005851949964254 0.5384729930332729 0.00692229185785566 0.0337069034576416 0.10176452994346619
0 0.6096917561122349 0.5439972877502441 0.009284360068184989 0.035087142671857564 0.10066728293895721
0 0.2278677225112915 0.5460410799298968 0.010223388671875 0.034468071801321845 0.10010619461536407
0 0.42687671525137766 0.5188433102199009 0.007030555180140904 0.036271912711007256 0.09932224452495575
0 0.13773138182503836 0.5454179218837193 0.009230562618800573 0.033640078135899136 0.09863214194774628
0 0.06589351381574358 0.5387586866106305 0.006816340344292777 0.033366305487496514 0.09627839922904968
0 0.13274373326982772 0.5453729629516602 0.009137553828103202 0.03367134502955845 0.09572338312864304
0 0.14310806138174875 0.5454433304922921 0.00927861247743879 0.033623456954956055 0.09499513357877731
0 0.1108447824205671 0.5441406113760812 0.00789691720690046 0.03351003783089774 0.0946260541677475
0 0.9296727861676898 0.5424539702279227 0.008489200047084264 0.03526452609470913 0.0937291756272316
0 0.2382153102329799 0.5464389664786202 0.010324018342154366 0.03242414338248117 0.0932130217552185
0 0.0968610303742545 0.5434748104640416 0.007572616849626813 0.033690180097307475 0.09213744848966599
0 0.3581014360700335 0.5428831917898995 0.010835341044834681 0.03621980122157505 0.09159179776906967
0 0.10603153705596924 0.543832676751273 0.007709784167153495 0.033535616738455634 0.09150692075490952
0 0.1163986325263977 0.5446814128330776 0.00848581109728132 0.03332740919930594 0.09103547036647797
0 0.14752166611807688 0.5455268110547747 0.009341554982321603 0.03365046637398856 0.08989326655864716
0 0.10161171640668597 0.5435715402875628 0.007590642997196743 0.03353919301714216 0.08915373682975769
0 0.12796427522386825 0.5453551837376186 0.009120064122336251 0.0335967881338937 0.08907091617584229
0 0.22358853476388113 0.5469035421098981 0.010192104748317174 0.0325805800301688 0.08841044455766678
0 0.12169463293892997 0.5450805255344936 0.008966752461024694 0.033409254891531806 0.08753755688667297
0 0.0921186889920916 0.543358598436628 0.007492499692099435 0.03401405470711844 0.08703898638486862
0 0.6407970700945173 0.5451173441750663 0.009793213435581751 0.03302233559744699 0.08657559007406235
0 0.39115183694022043 0.5386639322553363 0.01024559565952846 0.04163636480058942 0.08607715368270874
0 0.6036703245980399 0.5436269215175084 0.009166036333356584 0.03538884435381208 0.08557620644569397
0 0.9104181017194476 0.5445031779153007 0.009745325360979353 0.03350598471505301 0.08387197554111481
0 0.15182815279279435 0.5456480979919434 0.009405136108398438 0.033864804676600864 0.08371061086654663
0 0.5636497225080218 0.5352753230503627 0.0075838565826416016 0.03484259332929339 0.08265867829322815
0 0.8968794686453683 0.5462475844791957 0.009611334119524275 0.03216423307146345 0.08229408413171768
0 0.34420779773167204 0.543795279094151 0.011011055537632533 0.03613206318446568 0.07981666922569275
0 0.566786629813058 0.5379046031406948 0.007964474814278739 0.037211520331246514 0.07970870286226273
0 0.060027624879564555 0.5270603043692452 0.0053660401276179725 0.027889013290405273 0.076846182346344
0 0.15644752979278564 0.5458441461835589 0.009450469698224748 0.033994742802211216 0.07665001600980759
0 0.038964812244687765 0.5249384471348354 0.005491997514452253 0.025821992329188755 0.07638362050056458
0 0.9018411636352539 0.5446836607796806 0.009613922664097376 0.0339292117527553 0.07510434836149216
0 0.4367964608328683 0.5202291352408273 0.00623880113874163 0.02697232791355678 0.07464607059955597
0 0.045933808599199565 0.5319321496146066 0.0064942240715026855 0.03414099557059152 0.07332316786050797
0 0.5782936641148159 0.5412705625806536 0.008389813559395927 0.03798845836094448 0.07304976880550385
0 0.08756175211497716 0.5432653427124023 0.0074874332972935265 0.03423104967389788 0.07264578342437744
0 0.5741434097290039 0.5409220627376011 0.008280890328543527 0.038266590663364956 0.07193783670663834
0 0.933889525277274 0.5425715446472168 0.0086080687386649 0.03535628318786621 0.07124146074056625
0 0.9060593332563128 0.5446047101702008 0.009668895176478795 0.033748626708984375 0.07116051763296127
0 0.37270995548793245 0.5405744143894741 0.010476078305925642 0.03886641774858747 0.07068704068660736
0 0.6471342359270368 0.5465020792824882 0.00970608847481864 0.031515802655901225 0.07021243870258331
0 0.5702102524893624 0.5406410353524345 0.008192334856305803 0.038506780351911275 0.07021041959524155
0 0.36545194898332867 0.5419379643031529 0.010552576610020228 0.03733706474304199 0.07016488164663315
0 0.34842722756522043 0.549820968082973 0.010941164834158761 0.024968419756208147 0.07011432200670242
0 0.16096138954162598 0.5459495953151158 0.009547625269208635 0.034070219312395365 0.06966563314199448
0 0.6514338084629604 0.546673229762486 0.009707042149135045 0.0314788818359375 0.06964971870183945
0 0.21941338266645158 0.5458775929042271 0.010092922619410924 0.034781966890607564 0.06949439644813538
0 0.6563335146222796 0.5467461177280971 0.009636538369315011 0.03150030544825962 0.06920191645622253
0 0.6261929103306362 0.5501773016793388 0.009261335645403181 0.024020705904279436 0.06870514154434204
0 0.3392298562186105 0.5439250809805733 0.010939257485525948 0.03621840476989746 0.06856377422809601
0 0.5829525675092425 0.541504042489188 0.008405821663992745 0.03774653162275042 0.06855406612157822
0 0.07046289103371757 0.5417229107448033 0.007163205317088536 0.03452498572213309 0.06848174333572388
0 0.05531152657100132 0.5395730222974505 0.007322243281773159 0.036592415400913784 0.06740544736385345
0 0.37870672770908903 0.5396719319479806 0.010496922901698522 0.039900507245744975 0.06717778742313385
0 0.5607380185808454 0.5303521837506976 0.007552180971418109 0.033371414457048686 0.06685502082109451
0 0.3313667433602469 0.5443976947239467 0.010630096708025252 0.03610771042960031 0.06673219054937363
0 0.16565864426749094 0.5460015705653599 0.009599191801888602 0.03412985801696777 0.06408368051052094
0 0.5984599249703544 0.5431812831333706 0.008905410766601562 0.03581009592328753 0.06366357952356339
0 0.39387757437569754 0.5273332255227225 0.008971861430576869 0.041679246085030694 0.06321242451667786
0 0.6330751010349819 0.5508930683135986 0.00928429194859096 0.02276686259678432 0.06229696050286293
0 0.38449110303606304 0.5389381476811 0.010408299309866769 0.040823050907679966 0.06205438822507858
0 0.7666550363813128 0.5529326030186245 0.009613173348563058 0.020315476826259067 0.06176246330142021
0 0.0814949699810573 0.5428776059831891 0.007434385163443429 0.03444913455418178 0.06129234656691551
0 0.035315554056848796 0.5243526526859829 0.005825625998633248 0.026601859501429966 0.061171650886535645
0 0.32111174719674246 0.5451335225786481 0.010563952582223075 0.034637451171875 0.06108305975794792
0 0.7619588034493583 0.5473841258457729 0.009874275752476283 0.030471699578421458 0.06044274568557739
0 0.7695883342197963 0.5476304462977818 0.009842532021658761 0.03037360736301967 0.06031990796327591
0 0.1703686032976423 0.54598297391619 0.009647795132228307 0.03404937471662249 0.060226839035749435
0 0.7432453291756767 0.5476441383361816 0.010017122541155134 0.030550582068307058 0.060223933309316635
