0 0.8206793240138462 0.5464948245457241 0.009879520961216517 0.03567511694771903 0.2716140151023865
0 0.8269470078604562 0.5465937341962542 0.009878839765276228 0.035242319107055664 0.25203949213027954
0 0.8238844871520996 0.5513976982661656 0.009815352303641183 0.02463585989815848 0.22500653564929962
0 0.9619039126804897 0.5384499686104911 0.007602827889578683 0.03926597322736468 0.21194784343242645
0 0.8159102712358747 0.5465256146022252 0.009875433785574777 0.03612375259399414 0.20523890852928162
0 0.9655472891671317 0.5383251053946358 0.007804530007498605 0.04016007695879255 0.20476849377155304
0 0.8315454210553851 0.5464347090039935 0.009755679539271764 0.03489324024745396 0.2019127756357193
0 0.9729927607945034 0.5421312195914132 0.00718000956944057 0.03923971312386649 0.17869877815246582
0 0.9587791306631905 0.5411013875688825 0.007902962820870536 0.03850044522966657 0.175066739320755
0 0.9688747950962612 0.5408458369118827 0.007904257093157088 0.04053701673235212 0.16995757818222046
0 0.8117818832397461 0.546872445515224 0.009846482958112444 0.03398983819144113 0.16902193427085876
0 0.835545539855957 0.5472746576581683 0.009554931095668249 0.03260397911071777 0.15397465229034424
0 0.9776415143694196 0.5310570171901158 0.006238869258335659 0.0360234124319894 0.1423330307006836
0 0.8070523398263114 0.5467555863516671 0.010008198874337333 0.03383796555655343 0.13143399357795715
0 0.10749789646693639 0.5411515235900879 0.006922764437539237 0.03187387330191476 0.1284780651330948
0 0.9540090560913086 0.5413081645965576 0.007931504930768694 0.03847054072788784 0.12301122397184372
0 0.970658506665911 0.5305238451276507 0.00644683837890625 0.03537191663469587 0.12045092135667801
0 0.11140120029449463 0.5437436785016742 0.007538088730403355 0.032641206468854635 0.11162438988685608
0 0.9564216477530343 0.5315499646323067 0.006521633693150112 0.03790351322719029 0.10812308639287949
0 0.11479313884462629 0.5439938477107457 0.007709349904741559 0.03318861552647182 0.10359219461679459
0 0.10461434296199254 0.5434377534048898 0.00731813907623291 0.03205561637878418 0.10316697508096695
0 0.13151922396251134 0.5448083877563477 0.00792029925755092 0.0344280515398298 0.09891938418149948
0 0.12772675922938756 0.5447315488542829 0.007911912032536097 0.03459749902997698 0.09862017631530762
0 0.13986636911119735 0.5450779369899205 0.008000101361955916 0.033987113407679966 0.09836737811565399
0 0.13594411952154978 0.5448546409606934 0.0079336336680821 0.034234421593802314 0.09802049398422241
0 0.8407655443464007 0.546302250453404 0.00950009482247489 0.03470771653311593 0.09739186614751816
0 0.14419310433523996 0.5453452723366874 0.00804807458605085 0.0337766238621303 0.09712835401296616
0 0.12352824211120605 0.5446539606366839 0.007932918412344796 0.03471061161586216 0.09566164761781693
0 0.11988600662776402 0.5444349561418805 0.007925127233777727 0.03448258127485003 0.09514880925416946
0 0.8026798793247768 0.5461738450186593 0.010183674948556083 0.035980054310389926 0.09243441373109818
0 0.36346026829310824 0.5440502507346017 0.008507387978690011 0.03588042940412249 0.08985884487628937
0 0.35983106068202425 0.5446254185267857 0.008762291499546595 0.03548087392534528 0.08689659088850021
0 0.9487544468470982 0.5415608542306083 0.007872922079903739 0.038447482245309014 0.08504622429609299
0 0.9829755510602679 0.5265163694109235 0.0056024278913225445 0.03257499422345843 0.08276049792766571
0 0.1502962282725743 0.5456454753875732 0.008355072566441126 0.03334106717790876 0.08098959922790527
0 0.9432690484183175 0.5417750903538295 0.007850374494280134 0.0383843013218471 0.08053189516067505
0 0.10037602697099958 0.5433197362082345 0.007235467433929443 0.03192853927612305 0.08034423738718033
0 0.6883773803710938 0.5513172830854144 0.010381971086774553 0.025991133281162808 0.07905826717615128
0 0.8890018463134766 0.5464681216648647 0.009506361825125558 0.03342887333461216 0.07843831926584244
0 0.35595474924360004 0.5451548440115792 0.009023053305489677 0.035148824964250834 0.0752999559044838
0 0.3690254347664969 0.5434143202645438 0.008317572729928153 0.03621101379394531 0.0750335305929184
0 0.9388606207711356 0.5423776422228131 0.007898739406040736 0.038075106484549384 0.07340119779109955
0 0.894881112234933 0.5463826315743583 0.009448119572230749 0.03329978670392718 0.07131918519735336
0 0.9780007771083287 0.5503810133252826 0.007841042109898158 0.03222540446690151 0.07077320665121078
0 0.09628231184823173 0.5371176515306745 0.006298925195421491 0.030474254063197544 0.06947704404592514
0 0.9604600497654506 0.5273810795375279 0.005999292646135602 0.03695334706987653 0.06817454099655151
0 0.8815960202898298 0.5464506830487933 0.009481361934116908 0.03369178090776716 0.06797897815704346
0 0.9028648648943219 0.5460639681134906 0.009195872715541295 0.03347587585449219 0.06693176925182343
0 0.9078542164393834 0.5459881510053363 0.009200436728341239 0.033447095326014926 0.06663592904806137
0 0.7701930999755859 0.5467314038957868 0.010572705950055803 0.03594521113804409 0.06642287224531174
0 0.11052666391645159 0.5318055152893066 0.005828593458448138 0.033458130700247626 0.06628512591123581
0 0.8463574818202427 0.5463544981820243 0.009466988699776786 0.03480659212384905 0.06604839116334915
0 0.7756046567644391 0.546931334904262 0.010246140616280692 0.03336106027875628 0.06557013839483261
0 0.6923586981637138 0.5471915517534528 0.010830674852643694 0.037569795336042135 0.06556723266839981
0 0.9337903431483677 0.5430525371006557 0.007963112422398158 0.03731233733040946 0.06542181223630905
0 0.229739887373788 0.5467601844242641 0.009077072143554688 0.033334595816476006 0.0653451681137085
0 0.8595286778041294 0.5464164870125907 0.009471416473388672 0.03475325448172433 0.06429341435432434
0 0.7655666896275112 0.5469363757542202 0.010734694344656808 0.036269153867449076 0.0641150251030922
0 0.22506369863237655 0.5487257071903774 0.009307401520865304 0.03073883056640625 0.06380090117454529
0 0.9642359188624791 0.5252092225211007 0.005842345101492745 0.033008575439453125 0.06317555159330368
0 0.22058865002223424 0.5487621852329799 0.009290320532662528 0.030747856412615095 0.0626680999994278
0 0.927321297781808 0.5444013731820243 0.00853865487234933 0.035226992198399136 0.06250519305467606
0 0.8672939028058734 0.546475716999599 0.009441852569580078 0.03445066724504743 0.06213793531060219
0 0.6849661554609027 0.5469297681535993 0.011026927403041295 0.0384829044342041 0.061843305826187134
0 0.695849963596889 0.5514921120234898 0.010227680206298828 0.0251833370753697 0.061617303639650345
0 0.3509290558951242 0.5455282075064523 0.009104626519339425 0.03509552138192313 0.06043297424912453
0 0.8527928079877581 0.5463987077985492 0.00948483603341239 0.034778288432529995 0.05926419794559479
0 0.7602509771074567 0.5470436641148159 0.0108184814453125 0.036501169204711914 0.05875057727098465
0 0.09365386622292655 0.5406434876578194 0.006766021251678467 0.03150575501578195 0.058632150292396545
0 0.3741762638092041 0.5432970864432198 0.008261476244245256 0.036281585693359375 0.05861084908246994
0 0.9233228138514927 0.542381865637643 0.008988039834158761 0.039897101266043525 0.058486077934503555
0 0.21419952596936906 0.5485976764133998 0.009030444281441825 0.03127282006399972 0.05792885646224022
0 0.9186981746128627 0.5454468727111816 0.009015696389334542 0.03376289776393345 0.0566544383764267
0 0.9742544719151088 0.5259650094168526 0.00587538310459682 0.032758167811802456 0.05660990998148918
0 0.553185156413487 0.533649103982108 0.007790224892752511 0.040398665836879184 0.055561624467372894
0 0.8742021833147321 0.5464773859296527 0.009401730128696986 0.034153904233660014 0.05429515242576599
0 0.3459256035940988 0.5455348832266671 0.009046929223196847 0.0351754937853132 0.05416732653975487
0 0.1068265608378819 0.5296334879738944 0.005304276943206787 0.027307987213134766 0.05401696637272835
0 0.2067873477935791 0.5465553147452218 0.008782335690089635 0.03340452057974679 0.05400693044066429
0 0.34048935345241 0.5455349513462612 0.009003162384033203 0.03520124299185617 0.05359826609492302
0 0.7551558358328683 0.5469977515084403 0.010758059365408761 0.036661693028041294 0.05335593968629837
0 0.30874742780412945 0.5462010247366769 0.008986813681466239 0.033982310976300924 0.05273881554603577
0 0.5488776138850621 0.5301755837031773 0.007511683872767857 0.0384152957371303 0.0526852048933506
0 0.11800873279571533 0.5333607878003802 0.006359790052686419 0.03759820120675223 0.05159291997551918
0 0.30489979471479145 0.5462872300829206 0.008918489728655134 0.034117426191057475 0.051564231514930725
0 0.3789827823638916 0.5431054660252163 0.008167130606515067 0.036359855106898716 0.051473114639520645
0 0.3973891394478934 0.5387822559901646 0.0071016039167131695 0.034144503729684014 0.05082545801997185
0 0.6999259676252093 0.5469049726213727 0.010897704533168249 0.03748467990330288 0.050453439354896545
0 0.25152608326503206 0.5464998653956822 0.008938636098589216 0.03327669416155134 0.050077181309461594
0 0.3350276265825544 0.5455101558140346 0.008943796157836914 0.03524865422930036 0.050017405301332474
