0 0.9553046226501465 0.53736754826137 0.0062103271484375 0.03105759620666504 0.14525890350341797
0 0.3819901943206787 0.5369932992117745 0.007075650351388114 0.032551424843924384 0.12698300182819366
0 0.9496207918439593 0.5354578154427665 0.006312438419886998 0.0333127634865897 0.12512975931167603
0 0.36712912150791716 0.5371573652539935 0.007531745093209403 0.03497403008597238 0.0922790989279747
0 0.9193563461303711 0.5399959087371826 0.008164473942347936 0.042248385293143134 0.08743344247341156
0 0.9224624633789062 0.5399785041809082 0.00832516806466239 0.04221865109034947 0.08488554507493973
0 0.38630233492170063 0.534501348223005 0.006657259804861886 0.03217009135654995 0.07898979634046555
0 0.3768401827130999 0.5391192436218262 0.0076448917388916016 0.032544033867972236 0.07005330175161362
0 0.08118808269500732 0.5371661186218262 0.0062874725886753625 0.030123131615774974 0.06557126343250275
0 0.3798220838819231 0.5392721721104213 0.007210935865129743 0.03281562668936593 0.057609762996435165
0 0.40713681493486675 0.5251860618591309 0.005235603877476284 0.02124830654689244 0.056462362408638
0 0.39580958230154856 0.5391220365251813 0.006922687802995954 0.03195275579180036 0.05623634159564972
0 0.410132782799857 0.5251754352024623 0.005255426679338727 0.021117006029401506 0.05607477203011513
0 0.9441964285714286 0.5399581364222935 0.007678372519356864 0.04076211793082101 0.056029852479696274
0 0.3530195781162807 0.5420263154166085 0.008695977074759347 0.037922757012503486 0.05485745519399643
0 0.39459303447178434 0.5298057283673968 0.006531885692051479 0.030507053647722517 0.053042128682136536
0 0.5847862788609096 0.5413268634251186 0.0084381103515625 0.040969984872000556 0.0527774877846241
0 0.43060289110456196 0.5197326796395438 0.004510504858834403 0.01685036931719099 0.05276156961917877
0 0.9135180882045201 0.5440843445914132 0.008419922419956751 0.03618863650730678 0.05211372673511505
0 0.9164540427071708 0.5424793107169015 0.008081231798444475 0.03897200311933245 0.05158962681889534
0 0.07293261800493513 0.5348482472555978 0.006061170782361712 0.028928075517926897 0.05129280313849449
0 0.36957032339913504 0.5397372245788574 0.007870708193097795 0.03415063449314663 0.05063818395137787
