0 0.9722186497279576 0.5210937091282436 0.004485607147216797 0.016597679683140347 0.34807589650154114
0 0.9691113063267299 0.5214687074933734 0.004571846553257534 0.016565459115164622 0.3034948408603668
0 0.3909409386771066 0.5353779792785645 0.007427590233939034 0.034719296864100864 0.3020475506782532
0 0.9682918276105609 0.5261157580784389 0.005280562809535435 0.022937706538609097 0.24050122499465942
0 0.39325577872140066 0.5391172340938023 0.007523570741925921 0.03565972191946847 0.20531736314296722
0 0.38849830627441406 0.5394886561802456 0.0077397142137799945 0.03478544098990304 0.1664343774318695
0 0.9668805258614677 0.5214522225516183 0.004591192517961774 0.018006869724818637 0.16245640814304352
0 0.3958050864083426 0.5359842777252197 0.007620334625244141 0.03699554715837751 0.14925947785377502
0 0.959946836744036 0.5329998561314174 0.006094660077776227 0.029124975204467773 0.14417223632335663
0 0.386047431400844 0.5380009583064488 0.007973262241908483 0.037942205156598775 0.10836324095726013
0 0.9648736545017788 0.5301502091544015 0.006319727216448102 0.03120888982500349 0.10722222924232483
0 0.5554379735674176 0.5396599769592285 0.008793694632393973 0.04145087514604841 0.10632149130105972
0 0.9771035058157784 0.5203766822814941 0.0046923501150948664 0.01806344304765974 0.09545845538377762
0 0.9648769923618862 0.5218069893973214 0.004775524139404297 0.017382281167166575 0.0932822898030281
0 0.553429126739502 0.5300344058445522 0.007724932261875698 0.037134647369384766 0.07364413142204285
0 0.559276785169329 0.5314130101885114 0.007733685629708427 0.03780923570905413 0.06873105466365814
0 0.5621809959411621 0.5408240045819964 0.008983169283185686 0.03839615413120815 0.06821339577436447
0 0.4082414082118443 0.5361785207475934 0.006969962801252093 0.03370162418910435 0.06469770520925522
0 0.9561390195574079 0.5380340644291469 0.006521020616803851 0.0320413453238351 0.06316468864679337
0 0.9612054824829102 0.5260354450770787 0.005186012813023159 0.022387334278651645 0.06260804086923599
0 0.36715963908604216 0.5413697787693569 0.009083781923566545 0.03730630874633789 0.06049592047929764
0 0.5816446031842913 0.5419786317007882 0.009201799120221819 0.03866539682660784 0.058976273983716965
0 0.5653155871800014 0.5401488031659808 0.00875054086957659 0.03984747614179339 0.05862390249967575
0 0.37016589300973074 0.5409814289637974 0.008112328393118722 0.03829285076686314 0.05862026289105415
0 0.5846497671944755 0.544424193246024 0.009219987051827567 0.036082097462245395 0.05840808153152466
0 0.5487127985273089 0.5294590677533831 0.007613590785435268 0.03684960092817034 0.05625461786985397
0 0.5767368589128766 0.5419931071145194 0.009208883558000838 0.039105892181396484 0.05610248073935509
0 0.40811926977975027 0.5262834685189384 0.00594397953578404 0.02473344121660505 0.055361878126859665
0 0.965918949672154 0.5387278965541294 0.006370680672781808 0.03195411818368094 0.05522521212697029
0 0.10307977880750384 0.5362790312085833 0.008297213486262731 0.0319845335824149 0.054876603186130524
0 0.08114020313535418 0.5364007268633161 0.0068280867167881554 0.028619085039411272 0.05484430119395256
0 0.40384633200509207 0.5333020346505302 0.006915671484810966 0.03397400038582938 0.05389442294836044
0 0.10631813321794782 0.5444517816816058 0.00826303447995867 0.0324526173727853 0.05256623029708862
0 0.9530559267316546 0.535081114087786 0.00665630613054548 0.03290390968322754 0.05231644585728645
