0 0.29195363180977957 0.5457064083644322 0.0095564637865339 0.0333857536315918 0.2324531525373459
0 0.29727629252842497 0.545372758592878 0.009545121874128069 0.0331502982548305 0.2230878472328186
0 0.9354691505432129 0.5358084269932338 0.007970264979771205 0.03886995996747698 0.2101592719554901
0 0.9302346365792411 0.5383185318538121 0.008064610617501395 0.03990241459437779 0.19977228343486786
0 0.2864781107221331 0.5456034796578544 0.009341069630214147 0.03319604056222098 0.1985984891653061
0 0.2888531344277518 0.552633251462664 0.009220259530203683 0.02086639404296875 0.18078404664993286
0 0.7086508614676339 0.5439726965767997 0.009370871952601842 0.03731758253914969 0.17186599969863892
0 0.3034071922302246 0.5450504166739327 0.009399856839861189 0.0333127634865897 0.16673998534679413
0 0.5416764872414725 0.5260327884129116 0.008013657161167689 0.03340339660644531 0.16318930685520172
0 0.5383434295654297 0.5242617811475482 0.007604190281459263 0.03273630142211914 0.1556224226951599
0 0.9264815194266183 0.5386059284210205 0.008036954062325614 0.03952033179146903 0.15431876480579376
0 0.9415523665291923 0.5334251267569405 0.007933616638183594 0.03746880803789411 0.15145406126976013
0 0.28164918082101004 0.5456399577004569 0.009290235383169991 0.033145359584263394 0.1393481343984604
0 0.7133564267839704 0.5451206479753766 0.009495667048863001 0.0353116648537772 0.13765700161457062
0 0.5602266447884696 0.5356648649488177 0.009250095912388392 0.044209344046456475 0.1350785195827484
0 0.5546643393380302 0.5325029236929757 0.009077753339494978 0.0410764217376709 0.133634552359581
0 0.5346672534942627 0.5210841042654855 0.0071168627057756695 0.030572073800223216 0.13152195513248444
0 0.5491453238895961 0.5288722515106201 0.008782727377755302 0.03884438105991909 0.12899240851402283
0 0.7024790218898228 0.5438609804425921 0.009466988699776786 0.03696479116167341 0.12837885320186615
0 0.5642871516091483 0.5369429588317871 0.009197984422956194 0.0452946594783238 0.12756086885929108
0 0.5735079901559013 0.5381031717572894 0.009428637368338448 0.045008761542184014 0.1262720823287964
0 0.5681685038975307 0.537724426814488 0.009271485464913505 0.045866932187761576 0.12595102190971375
0 0.30935393060956684 0.5430104051317487 0.009343419756208147 0.03453901835850307 0.11021177470684052
0 0.0828531129019601 0.5402370180402484 0.007588701588766915 0.03438482965741839 0.1101188063621521
0 0.5778695515223912 0.5398591245923724 0.00920248031616211 0.04111991609845843 0.10838662087917328
0 0.07719108036586217 0.5378527641296387 0.007280400821140834 0.03340601921081543 0.10837306827306747
0 0.7177455084664481 0.5448103632245745 0.009638513837541853 0.03540076528276716 0.10679171234369278
0 0.07141504968915667 0.5349315234592983 0.006913657699312482 0.031888723373413086 0.10670863837003708
0 0.06496659346989223 0.5307563032422747 0.006510436534881592 0.029710633414132253 0.10574610531330109
0 0.5288380214146206 0.5148059300013951 0.004867042813982282 0.021092993872506276 0.10544023662805557
0 0.0867596013205392 0.5403452600751605 0.00747478859765189 0.034801789692470005 0.10528648644685745
0 0.5315774508884975 0.5206292016165597 0.0070187364305768695 0.03001434462411063 0.10498423874378204
0 0.06773484178951808 0.5309241499219622 0.006462429250989642 0.029728548867361888 0.104938805103302
0 0.09046076025281634 0.540510858808245 0.007479744298117501 0.034967047827584405 0.1010785922408104
0 0.06236689005579267 0.5260067667279925 0.0056533898626055035 0.0245361328125 0.10071305185556412
0 0.05923093216759818 0.5258579254150391 0.005674468619482858 0.024491173880440847 0.09948093444108963
0 0.5461726188659668 0.5235915184020996 0.00782874652317592 0.037004641124180386 0.0965212732553482
0 0.3131875991821289 0.5446671077183315 0.009382554462977819 0.03351105962480817 0.09103669971227646
0 0.9184120723179409 0.5467886243547712 0.008174419403076172 0.026744842529296875 0.09031796455383301
0 0.05626654199191502 0.5257494109017509 0.005651525088718959 0.02432417869567871 0.09022019058465958
0 0.9212632179260254 0.5400300366537911 0.008068220955984933 0.03905487060546875 0.08960912376642227
0 0.09465556485312325 0.5406646387917655 0.0074893151010785785 0.035146849496023994 0.08290372043848038
0 0.0740445681980678 0.5406267302376884 0.007396659680775234 0.03295363698686872 0.08222350478172302
0 0.5515830857413155 0.5395025525774274 0.010260820388793945 0.04304705347333636 0.08154414594173431
0 0.6982398714338031 0.54389830998012 0.009356975555419922 0.036784819194248745 0.07845441997051239
0 0.3838912418910435 0.5423859528132847 0.008474588394165039 0.034258638109479635 0.07512839883565903
0 0.517399651663644 0.5147122996194022 0.004845040185110909 0.020574978419712613 0.07437670975923538
0 0.057989844254084995 0.5338069370814732 0.00664077912058149 0.029628992080688477 0.0733022689819336
0 0.9505519866943359 0.5299542631421771 0.007235390799386161 0.03904036113194057 0.07310731709003448
0 0.5839666639055524 0.5375421387808663 0.008854866027832031 0.0389533383505685 0.07296504825353622
0 0.27621146610804964 0.5456664221627372 0.009262851306370326 0.033043895448957174 0.07213709503412247
0 0.05238144738333566 0.5257302011762347 0.005595207214355469 0.02406273569379534 0.07144195586442947
0 0.8508643422807965 0.5439905439104352 0.008697782244001116 0.03522515296936035 0.07090690732002258
0 0.6876422337123326 0.54427398954119 0.009009565625871931 0.03604289463588169 0.07080748677253723
0 0.38783182416643414 0.5419704573495048 0.008364098412649972 0.03398162978036063 0.06776389479637146
0 0.5882347651890346 0.5411065987178257 0.009055614471435547 0.039168085370744975 0.06776206195354462
0 0.37701845169067383 0.5424233845302037 0.008539983204432897 0.03449416160583496 0.06754233688116074
0 0.5269409588405064 0.5160403251647949 0.006301675524030413 0.028185469763619558 0.0648353323340416
0 0.8204244886125837 0.5448605673653739 0.008341653006417411 0.03674408367701939 0.0645895004272461
0 0.7261449268886021 0.5445592744009835 0.009480885096958705 0.036072220121111186 0.06336677074432373
0 0.07944420405796596 0.5458534104483468 0.008358691419873918 0.030326332364763533 0.06293230503797531
0 0.845606803894043 0.5439379896436419 0.008680547986711775 0.035380499703543525 0.06284420192241669
0 0.8534471648080009 0.5491186891283307 0.008571624755859375 0.023690359933035716 0.06165533512830734
0 0.0989766035761152 0.5411861964634487 0.0075724635805402484 0.03493775640215192 0.061032310128211975
0 0.6824922561645508 0.5455269813537598 0.008985178811209542 0.035048450742449076 0.06047486141324043
0 0.06479344197681972 0.5208333900996617 0.005001068115234375 0.02178900582449777 0.060338035225868225
0 0.39191348212105886 0.5393080030168805 0.007965326309204102 0.033083404813494 0.0602574497461319
0 0.8567149979727608 0.5441262381417411 0.008480072021484375 0.03555665697370257 0.05994631350040436
0 0.5931594031197684 0.5411962781633649 0.009042467389787947 0.0392216614314488 0.05989709123969078
0 0.5470293590000698 0.5398363045283726 0.009937116077968053 0.041257108960832865 0.057641539722681046
0 0.5120110511779785 0.5109537669590541 0.0043577807290213445 0.020130157470703125 0.05691170319914818
0 0.6936133248465401 0.5438859803336007 0.008754253387451172 0.03754067420959473 0.05515728518366814
0 0.518913882119315 0.5109668799809047 0.004335607801164899 0.019687720707484653 0.05509789288043976
0 0.37286492756434847 0.548135484967913 0.008988550731113978 0.023846217564174106 0.05290992558002472
0 0.4001340184892927 0.5383368219648089 0.007629326411655971 0.031553643090384345 0.05281767621636391
0 0.9568987573896136 0.5390674727303642 0.00798797607421875 0.04266609464372907 0.052423808723688126
0 0.39477995463779997 0.5359702450888497 0.007412331444876534 0.030776909419468472 0.052305351942777634
0 0.8259704453604562 0.5448720795767648 0.008411407470703125 0.03606295585632324 0.052013929933309555
0 0.8154501233782087 0.5447407449994769 0.00823838370186942 0.03654823984418597 0.05109935998916626
0 0.05374629156930106 0.5204807349613735 0.005018080983843122 0.021762847900390625 0.05074223875999451
