0 0.6546542985098702 0.5462160110473633 0.009914398193359375 0.034703459058489115 0.6143566966056824
0 0.6601100649152484 0.5456262316022601 0.010229178837367467 0.03603553771972656 0.6038205027580261
0 0.8091224942888532 0.5385540553501674 0.009687628064836775 0.04332893235342843 0.5607017874717712
0 0.6504255022321429 0.5455384935651507 0.010325772421700614 0.03800232069832938 0.5514556765556335
0 0.8145777157374791 0.538517815726144 0.009564535958426339 0.04385270391191755 0.5066173672676086
0 0.8047541209629604 0.5392281668526786 0.008712496076311384 0.04269402367728097 0.4720037579536438
0 0.665151868547712 0.5449244635445731 0.009999343327113561 0.03627235548836844 0.463578999042511
0 0.819312504359654 0.5385603904724121 0.009595802852085658 0.04406929016113281 0.3248688280582428
0 0.6700517109462193 0.5448403358459473 0.00989116941179548 0.03620832306998117 0.31851524114608765
0 0.6460960251944405 0.5433665003095355 0.011134965079171317 0.04165475709097726 0.30059871077537537
0 0.9538352830069405 0.54338196345738 0.00783688681466239 0.03256716047014509 0.25275343656539917
0 0.7999233518327985 0.5391971043178013 0.008747986384800501 0.04264242308480399 0.251232385635376
0 0.9502976281302316 0.534811156136649 0.007965496608189173 0.03803018161228725 0.20758235454559326
0 0.8069611958095005 0.5262857845851353 0.007163660866873605 0.03813770839146206 0.19593851268291473
0 0.9444422040666852 0.5388415540967669 0.008370058877127511 0.039687088557652066 0.191122904419899
0 0.8244718142918178 0.5386416230882917 0.009699548993791853 0.04414422171456473 0.17007850110530853
0 0.16764863899775914 0.5450859410422189 0.00950758797781808 0.03398445674351284 0.15860581398010254
0 0.9594105311802456 0.5359283855983189 0.008031300136021205 0.04060050419398716 0.15833035111427307
0 0.7090560368129185 0.5442069598606655 0.009135586874825614 0.035657950810023716 0.15233676135540009
0 0.6039267948695591 0.5404674666268485 0.011006900242396764 0.042714527675083706 0.13651302456855774
0 0.641275269644601 0.5433501856667655 0.011441639491489955 0.04181276048932757 0.13634896278381348
0 0.17385125160217285 0.544999531337193 0.009655731064932687 0.03459388869149344 0.13498051464557648
0 0.8542330605643136 0.5444349561418805 0.008921963827950614 0.03101958547319685 0.1338520646095276
0 0.16177129745483398 0.5447582517351423 0.009258559771946498 0.03317291396004813 0.13223415613174438
0 0.8383872849600655 0.5398623262132917 0.008849961417061942 0.042308262416294644 0.1320446878671646
0 0.8422662190028599 0.5399816376822335 0.008835588182721819 0.042772531509399414 0.1305098980665207
0 0.8509881155831474 0.5404983248029437 0.009108475276402064 0.04263101305280413 0.1290305107831955
0 0.8289666175842285 0.5393057550702777 0.009159088134765625 0.042699030467442105 0.12741123139858246
0 0.8462919507707868 0.5402219636099679 0.009002549307686942 0.04266129221235003 0.12690836191177368
0 0.6770944595336914 0.5449845450265067 0.009881223951067244 0.035957472664969306 0.12561598420143127
0 0.8340937069484166 0.539508615221296 0.00892502920968192 0.042294672557285855 0.12123800814151764
0 0.9381933212280273 0.5395919936043876 0.008244718824114119 0.0404904910496303 0.12078849226236343
0 0.6088032041277204 0.5412281581333706 0.011381762368338448 0.04214545658656529 0.10986262559890747
0 0.7053330966404506 0.5409635816301618 0.009174483163016183 0.03935422216142927 0.10033173114061356
0 0.8571916988917759 0.5410736628941127 0.009059769766671317 0.042383432388305664 0.10026104748249054
0 0.15777666228158133 0.5445033482142857 0.009041445595877511 0.0333585398537772 0.09624690562486649
0 0.7009405408586774 0.5448950358799526 0.009550162724086217 0.03566854340689523 0.09212673455476761
0 0.9333466121128627 0.5409228461129325 0.008778231484549386 0.040966647011893134 0.09180807322263718
0 0.5455019133431571 0.5287561416625977 0.008600677762712752 0.03986242839268276 0.09031715244054794
0 0.3943855421883719 0.5256940296718052 0.006784200668334961 0.02579522132873535 0.08777498453855515
0 0.5505307742527553 0.5308074951171875 0.009381430489676339 0.04476227079119001 0.08749841153621674
0 0.3980034419468471 0.52540009362357 0.006783826010567802 0.024614810943603516 0.08622461557388306
0 0.39183800561087473 0.529712268284389 0.0075223445892333984 0.029726641518729075 0.08499915897846222
0 0.17903314317975724 0.5450679234095982 0.00966712406703404 0.03478843825204032 0.08379273861646652
0 0.5551248959132603 0.5339186532156808 0.009730884007045202 0.04617765971592495 0.08198703825473785
0 0.7125874928065709 0.5404789107186454 0.008824893406459264 0.03857527460370745 0.08090103417634964
0 0.06973119292940412 0.5316015652247837 0.005918370825903756 0.028254100254603794 0.0802295058965683
0 0.9577108791896275 0.5267859867640904 0.0067255837576729914 0.031966720308576314 0.07857641577720642
0 0.07204484939575195 0.535712718963623 0.006332508155277797 0.0295013359614781 0.07630960643291473
0 0.24969261033194406 0.5434510026659284 0.009141734668186732 0.035222530364990234 0.07571785151958466
0 0.06622919014522008 0.5313616480146136 0.0058790019580296105 0.02748138563973563 0.07444969564676285
0 0.38867340769086567 0.5304053510938372 0.00766829081944057 0.030344554356166294 0.07249556481838226
0 0.9413137435913086 0.5324007102421352 0.007778644561767578 0.03761850084577288 0.07236578315496445
0 0.7160927908761161 0.5439528056553432 0.009007249559674944 0.03557760374886649 0.07192672789096832
0 0.5616823945726667 0.5353681019374302 0.01004723140171596 0.046734707696097236 0.06997308135032654
0 0.38413909503391813 0.5343530518668038 0.008019583565848214 0.03209607941763742 0.06825540959835052
0 0.2449667113167899 0.5442603315625872 0.008843677384512765 0.035031727382114956 0.06804543733596802
0 0.25434231758117676 0.5434489250183105 0.009177122797284807 0.03518782343183245 0.06783270090818405
0 0.39611734662737164 0.5354563849312919 0.008002451487949916 0.033939668110438755 0.0675600916147232
0 0.0810931750706264 0.539290223802839 0.007126850741250175 0.03150718552725656 0.06552393734455109
0 0.1537167685372489 0.5443773950849261 0.008930887494768416 0.033357245581490655 0.06499003618955612
0 0.07634136506489345 0.5390199252537319 0.006822126252310616 0.03149488994053432 0.06418608129024506
0 0.5408766950879779 0.5239575590406146 0.007785797119140625 0.036559036799839566 0.06378722935914993
0 0.06316955600466047 0.5311609676906041 0.005854921681540353 0.02732794625418527 0.06375852972269058
0 0.5659828867231097 0.5372862815856934 0.0104741028376988 0.04691202299935477 0.062337182462215424
0 0.953967639378139 0.5261263166155133 0.006249700273786273 0.030004262924194336 0.06184551864862442
0 0.40387415885925293 0.5249805109841483 0.006671837397984096 0.024173736572265625 0.06168561428785324
0 0.8618390219552177 0.5416949135916573 0.00932931900024414 0.041456290653773716 0.06122671067714691
0 0.3055189677647182 0.5442232404436383 0.009508405412946428 0.0355489935193743 0.05943131819367409
0 0.3002733162471226 0.5441677910940987 0.00947638920375279 0.03566711289542062 0.058506790548563004
0 0.38108382906232563 0.537759712764195 0.008377552032470703 0.033997569765363424 0.05840145796537399
0 0.07900357246398926 0.5314429487500872 0.006320042269570487 0.029504912240164622 0.057601433247327805
0 0.0584020870072501 0.5260934829711914 0.005055934190750122 0.022467647280011858 0.05718173459172249
0 0.40186071395874023 0.5328104836600167 0.007504429136003766 0.030721255711146762 0.05706103891134262
0 0.36171586172921316 0.5411500590188163 0.008777073451450892 0.03519950594220843 0.05585530772805214
0 0.9254467146737235 0.541435820715768 0.009224074227469308 0.04089607511247907 0.05575808137655258
0 0.6141292027064732 0.5419744423457554 0.011522088732038225 0.04137795312064035 0.055364567786455154
0 0.08572484765733991 0.5393202645438058 0.007146452154432025 0.03165694645472935 0.05439075827598572
0 0.35713393347603933 0.5419222967965263 0.009016411645071847 0.034919875008719306 0.05403909087181091
0 0.535372427531651 0.5232628413609096 0.0077468327113560265 0.03559504236493792 0.05321807414293289
0 0.9463099070957729 0.5290557997567313 0.006938934326171875 0.03645239557538714 0.05264522507786751
0 0.2754448141370501 0.5439577783857074 0.009471927370343889 0.035354784556797574 0.052612703293561935
0 0.27007903371538433 0.5438399314880371 0.009505629539489746 0.035215752465384345 0.052535176277160645
0 0.060314016682761054 0.5310096740722656 0.00585223947252546 0.02708632605416434 0.051956404000520706
0 0.6623283113752093 0.5329007761819022 0.009532179151262556 0.049499647957938056 0.05174018070101738
0 0.26223744664873394 0.5435994693211147 0.009416086333138602 0.035075221742902486 0.051400076597929
0 0.8120557240077427 0.5229776246207101 0.006736619131905692 0.03895538193838937 0.051281049847602844
0 0.3676415170942034 0.5402535029820034 0.008591856275285994 0.03536002976553781 0.05078873410820961
0 0.3733695575169155 0.5379583495003837 0.008340086255754744 0.03463210378374372 0.0505659282207489
