0 0.5244099412645612 0.5151289531162807 0.00531005859375 0.018789291381835938 0.1657300889492035
0 0.5375703743525914 0.5194262777056012 0.005756310054234096 0.02147729056222098 0.08719415217638016
0 0.43820367540631977 0.5195937156677246 0.005520309720720563 0.019439867564610074 0.08222667127847672
0 0.441439151763916 0.519237927028111 0.005438634327479771 0.019162688936506 0.07232953608036041
0 0.9277811050415039 0.5398392677307129 0.009369918278285436 0.04527252061026437 0.07083893567323685
0 0.5793955666678292 0.538689272744315 0.010256835392543249 0.04896381923130581 0.06738393008708954
0 0.5838902337210519 0.5389007840837751 0.010195800236293249 0.04842094012669155 0.06666627526283264
0 0.5274710655212402 0.5188230105808803 0.005506822041102818 0.020035948072160994 0.0657346099615097
0 0.954671927860805 0.5311518396650042 0.007260595049176898 0.03889046396527972 0.06564885377883911
0 0.41120621136256624 0.5350731440952846 0.007886477879115514 0.035024472645350864 0.06306183338165283
0 0.5466393402644566 0.5210757255554199 0.006627287183489118 0.02799820899963379 0.061117466539144516
0 0.43166606766836985 0.5243921620505196 0.006125790732247489 0.023629461015973772 0.06110835075378418
0 0.9522086552211216 0.5324580328805106 0.008184637342180525 0.039950166429792135 0.059879813343286514
0 0.08077035631452288 0.5390466281345913 0.0063746656690325055 0.029069219316755022 0.0591348335146904
0 0.5339593206133161 0.515850373676845 0.005734579903738839 0.024087497166224887 0.05773266404867172
0 0.42429753712245394 0.5357018879481724 0.00741471563066755 0.03341794013977051 0.05537445470690727
0 0.5432204859597343 0.5206559726170131 0.006540775299072266 0.027547529765537808 0.055007271468639374
0 0.4054551805768694 0.5355856418609619 0.007938691547938756 0.035512379237583706 0.05390866473317146
0 0.590871947152274 0.5383249350956508 0.010597978319440569 0.04837431226457868 0.053597450256347656
0 0.9494321005684989 0.5362710952758789 0.008314473288399833 0.040894780840192525 0.0532577820122242
0 0.6023995535714286 0.5401406288146973 0.010777677808489119 0.04391646385192871 0.05197321996092796
0 0.5731945719037738 0.538536650793893 0.010215486798967634 0.0489980833871024 0.051908913999795914
0 0.9237957000732422 0.5401397773197719 0.0093231201171875 0.0449256215776716 0.05093226581811905
