0 0.3181789943150112 0.5471148490905762 0.008738654000418527 0.029251609529767717 0.09840384870767593
0 0.3237729072570801 0.5463926451546806 0.008894715990339006 0.03064962795802525 0.08061844110488892
0 0.3650780064719064 0.5447039604187012 0.009182453155517578 0.03404770578656878 0.07582800835371017
0 0.4164597647530692 0.5356087684631348 0.007289954594203404 0.03307151794433594 0.07335219532251358
0 0.4102301597595215 0.5357351984296527 0.007264716284615653 0.033068997519356866 0.0687895193696022
0 0.3613863672528948 0.5448413576398577 0.008879457201276506 0.034005199159894674 0.06628153473138809
0 0.3752279281616211 0.5443441527230399 0.009036132267543249 0.03390840121677944 0.06446852535009384
0 0.371612548828125 0.5433212688991002 0.008884293692452567 0.03523336138044085 0.05671486631035805
0 0.3784756660461426 0.5432928630283901 0.00876654897417341 0.034396512167794366 0.05607639253139496
0 0.3831994192940848 0.5432355063302177 0.008822407041277205 0.034937143325805664 0.05328914150595665
0 0.10857800074986049 0.549091032573155 0.007926574775150843 0.02565840312412807 0.05308861657977104
0 0.9659724916730609 0.5294030053274972 0.006415707724434989 0.028450489044189453 0.052283719182014465
0 0.2887758868081229 0.5478715215410505 0.0087768520627703 0.027719872338431224 0.052158012986183167
0 0.29492712020874023 0.5479672295706612 0.008741004126412528 0.027996812547956194 0.05214443430304527
0 0.5814296177455357 0.5402827262878418 0.008385998862130302 0.04077540125165667 0.0501033216714859
