0 0.5876822471618652 0.5397849764142718 0.008853231157575334 0.04526679856436593 0.15528787672519684
0 0.0897763626916068 0.5368721825735909 0.006468125752040318 0.027958835874285017 0.15275438129901886
0 0.9423724583217076 0.5343506676810128 0.007044860294886998 0.038461003984723775 0.14954756200313568
0 0.5840864862714495 0.5397872243608747 0.008989061628069197 0.04438948631286621 0.1463647186756134
0 0.59037903376988 0.5364414283207485 0.008466720581054688 0.04603440420968192 0.14463993906974792
0 0.5930540902273995 0.5389370918273926 0.009026527404785156 0.04478532927376883 0.1275262087583542
0 0.07571836880275182 0.5371613502502441 0.006606417042868478 0.027534655162266324 0.11609427630901337
0 0.07867934022630964 0.5355702808925084 0.006947968687329974 0.028707197734287808 0.11497223377227783
0 0.5801089150565011 0.5378639698028564 0.008856977735246931 0.045023509434291294 0.11431214958429337
0 0.08205669266836983 0.5383080073765346 0.007270617144448417 0.029203108378819058 0.10380743443965912
0 0.9398084368024554 0.538435663495745 0.0075533730643136164 0.040280308042253764 0.0990186333656311
0 0.40092665808541433 0.5348559788295201 0.007351296288626534 0.03195554869515555 0.0920180231332779
0 0.9482117380414691 0.5367565495627267 0.0076928819928850445 0.040493556431361606 0.0889885202050209
0 0.9277099881853376 0.5391420296260289 0.008292402539934431 0.04403761454990932 0.08790300041437149
0 0.4083991731916155 0.5321703638349261 0.007024151938302177 0.03118245942252023 0.08501525968313217
0 0.9363863808768136 0.5382004465375628 0.007629598890032087 0.03887792995997837 0.0838257297873497
0 0.4034691538129534 0.5326262882777623 0.007031406675066266 0.031161478587559292 0.08018165826797485
0 0.38605758122035433 0.5358099256243024 0.007745810917445591 0.03428728239876883 0.0791950598359108
0 0.9447111402239118 0.5383279664175851 0.007852486201695033 0.039380788803100586 0.07411730289459229
0 0.09215514148984637 0.540107113974435 0.007017425128391811 0.028950112206595286 0.07375631481409073
0 0.08473224299294609 0.5350828170776367 0.006421148777008057 0.028795037950788225 0.0664600282907486
0 0.9639715467180524 0.5255470275878906 0.005699021475655692 0.028683185577392578 0.06498833000659943
0 0.9527970041547503 0.5380997657775879 0.006912095206124442 0.037459611892700195 0.06052117422223091
0 0.38371712820870535 0.5385843004499163 0.008018187114170619 0.033435276576450894 0.060513515025377274
0 0.43413329124450684 0.5182441983904157 0.005229404994419643 0.017101390021187917 0.05924101546406746
0 0.5476424694061279 0.521416255405971 0.006584780556815011 0.02822930472237723 0.05877390503883362
0 0.38104108401707243 0.5381924084254673 0.008075101034981864 0.03433234351021903 0.0584515742957592
0 0.9240016256059919 0.5387869221823556 0.008355821881975447 0.04453223092215402 0.05835668370127678
0 0.570943900517055 0.5392938341413226 0.009130511965070452 0.04445709500994001 0.057566821575164795
0 0.54548066002982 0.520669869014195 0.0062383924211774555 0.02642791611807687 0.056277524679899216
0 0.08712886912482125 0.5344141551426479 0.0061528171811785016 0.02793301854814802 0.05602172762155533
0 0.5497410637991769 0.5220635618482318 0.006576333727155413 0.02907064982822963 0.05324861779808998
0 0.39638212748936247 0.5381313732692173 0.007712398256574359 0.033184051513671875 0.052930451929569244
0 0.5401655265263149 0.5247412068503243 0.006675652095249721 0.025655814579554966 0.052508044987916946
0 0.9334714072091239 0.5384460857936314 0.007571560995919364 0.0377039909362793 0.051290467381477356
0 0.405731201171875 0.5242113385881696 0.006144251142229352 0.02339911460876465 0.05105423927307129
0 0.6033532278878349 0.5428198405674526 0.009068965911865234 0.04140891347612653 0.050397127866744995
