0 0.5478294236319405 0.535602501460484 0.00836007935660226 0.046178068433489115 0.634049117565155
0 0.5436952454703194 0.5355044773646763 0.008685622896466936 0.04697299003601074 0.6321975588798523
0 0.5528967039925712 0.5389248643602643 0.008350304194859095 0.04535477502005441 0.629470944404602
0 0.540142297744751 0.5349585328783307 0.008216108594621931 0.04256377901349749 0.6277807354927063
0 0.5459202698298863 0.5217282431466239 0.006139823368617466 0.02931509699140276 0.5835123062133789
0 0.5556360653468541 0.5281210626874652 0.0073648180280412945 0.0434483460017613 0.5240339636802673
0 0.5517170088631767 0.5231447560446603 0.00666635377066476 0.04197004863194057 0.4802880883216858
0 0.5595696653638568 0.5392234666006905 0.008451666150774275 0.04519493239266532 0.4483877420425415
0 0.5420248849051339 0.5214252471923828 0.0064433302198137555 0.034617560250418525 0.4260164797306061
0 0.5395630768367222 0.5210099220275879 0.005994728633335659 0.027496848787580217 0.3658795654773712
0 0.9343560763767788 0.540522711617606 0.008358001708984375 0.03804196630205427 0.2847473621368408
0 0.9282281058175224 0.5408107212611607 0.00829662595476423 0.03689694404602051 0.27086615562438965
0 0.5341017246246338 0.5366050175258091 0.008546897343226842 0.04635507719857352 0.2637139856815338
0 0.9393189975193569 0.5383745602199009 0.008177893502371652 0.03710930688040597 0.24009674787521362
0 0.9243811198643276 0.5425187519618443 0.008856977735246931 0.035394838878086636 0.23906931281089783
0 0.9312451226370675 0.533886194229126 0.008060319083077567 0.03569929940359933 0.20388519763946533
0 0.5360651016235352 0.5229670660836356 0.006774970463344029 0.03973610060555594 0.19834087789058685
0 0.9175177301679339 0.5435981750488281 0.009463037763323103 0.03487174851553781 0.181010439991951
0 0.5334177017211914 0.5209146227155413 0.0059653690883091515 0.02705216407775879 0.1656736135482788
0 0.5660231454031808 0.5399623938969204 0.008444036756243025 0.04385934557233538 0.16029663383960724
0 0.6738076891217913 0.5472416877746582 0.00982516152518136 0.032416582107543945 0.15223175287246704
0 0.6790459496634347 0.5471985340118408 0.009809085300990514 0.032117366790771484 0.1520555168390274
0 0.8477867671421596 0.5473425047738212 0.009839126041957311 0.031302418027605326 0.1353386640548706
0 0.9098597935267857 0.543806621006557 0.009383542197091239 0.035327059882027764 0.120512954890728
0 0.6706938062395368 0.551818711417062 0.009500299181256975 0.02239128521510533 0.11710996925830841
0 0.9437973839896066 0.5318890299115863 0.007681846618652344 0.034878696714128764 0.11584270745515823
0 0.529648848942348 0.5367670059204102 0.008463518960135323 0.04615988050188337 0.11532028764486313
0 0.8530488695417132 0.5474969318934849 0.009859902518136161 0.031095334461757114 0.11518749594688416
0 0.9367250714983258 0.5300559316362653 0.007359027862548828 0.035036325454711914 0.1136341542005539
0 0.9526728902544294 0.5316015652247837 0.007079124450683594 0.03390986578805106 0.10983987897634506
0 0.6840079171316964 0.5469420637403216 0.009804248809814453 0.03221981866019113 0.10925353318452835
0 0.5712925025394985 0.5407828603472028 0.008199623652866908 0.04200339317321777 0.10844764113426208
0 0.9582059042794364 0.5272608484540667 0.00628314699445452 0.029925380434308733 0.10686314105987549
0 0.9217273167201451 0.550236565726144 0.009465149470738001 0.02287139211382185 0.1042160838842392
0 0.9469480514526367 0.5419598988124302 0.008579458509172713 0.04199324335370745 0.1042122095823288
0 0.9509521211896624 0.5409274101257324 0.007820742470877511 0.03894284793308803 0.10412575304508209
0 0.7041285378592355 0.5470962524414062 0.009891033172607422 0.03181999070303781 0.10164274275302887
0 0.03558923729828426 0.5190270628247943 0.004017050777162824 0.0185025760105678 0.10105766355991364
0 0.6674289703369141 0.5471797330038888 0.009711946759905134 0.03239754268101284 0.09746738523244858
0 0.8402376174926758 0.5472605909620013 0.009550843920026506 0.03154904501778739 0.09692077338695526
0 0.9487439564296177 0.531722000667027 0.007196358272007534 0.03434014320373535 0.09617841988801956
0 0.9049222128731864 0.5439209938049316 0.009398664746965681 0.035408122198922296 0.09260725975036621
0 0.8597723415919712 0.5471911770956857 0.00965268271309989 0.03166260038103376 0.09207227826118469
0 0.5374109745025635 0.5162490095411029 0.005140781402587891 0.023487772260393416 0.09166260063648224
0 0.10117345196860177 0.543459585734776 0.006918081215449742 0.0315861701965332 0.08886583149433136
0 0.9551428386143276 0.5272776058741978 0.006399835859026227 0.030907699040004184 0.08767733722925186
0 0.7088779721941266 0.5471796308244977 0.009838717324393136 0.031531844820295064 0.08727378398180008
0 0.5260881696428571 0.5207139423915318 0.005875553403581891 0.026472602571759905 0.08673010021448135
0 0.9557429722377232 0.5416735921587262 0.00730133056640625 0.03727851595197405 0.08571115136146545
0 0.6966678755623954 0.5469745908464704 0.009834017072405134 0.03200479916163853 0.0854877233505249
0 0.5753658839634487 0.5393223081316266 0.008166585649762834 0.04124808311462402 0.08274302631616592
0 0.09670850208827428 0.5433320999145508 0.006890833377838135 0.03175967080252511 0.08203119039535522
0 0.8652159145900181 0.5460213593074253 0.00967965807233538 0.03358970369611468 0.08040861785411835
0 0.0380774906703404 0.5192646299089704 0.004231699875422886 0.018929924283708845 0.07856130599975586
0 0.6918555668422154 0.5469516345432827 0.009824684688023158 0.03203620229448591 0.07804884016513824
0 0.10487748895372663 0.5437006950378418 0.007050667490277972 0.03169792039053781 0.07689298689365387
0 0.6628321920122419 0.5471228872026715 0.009600775582449777 0.03235578536987305 0.07640616595745087
0 0.6574845314025879 0.5470170634133475 0.009516443525041853 0.03232431411743164 0.07602302730083466
0 0.6516899381365094 0.545877184186663 0.009480885096958705 0.034350429262433736 0.07568313926458359
0 0.136815539428166 0.5453334535871234 0.0086691038949149 0.03229553358895438 0.07527153939008713
0 0.13165501185825892 0.5453365189688546 0.00863370725086757 0.03226290430341448 0.07066574692726135
0 0.6455450057983398 0.5455256870814732 0.009273733411516463 0.03490247045244489 0.07007955014705658
0 0.5241517339433942 0.5368739536830357 0.008433001382010323 0.0460550103868757 0.06900156289339066
0 0.09287193843296596 0.5430824416024345 0.006838347230638776 0.032075200762067525 0.06836360692977905
0 0.6875148500714984 0.5425818307059151 0.010422229766845703 0.04112931660243443 0.06757228821516037
0 0.1417425274848938 0.54534683908735 0.00865917546408517 0.03240776062011719 0.06752489507198334
0 0.8707027435302734 0.5468988418579102 0.00960132053920201 0.03172997065952846 0.06716933101415634
0 0.8988629749843052 0.5442632266453334 0.009365967341831751 0.03530767985752651 0.06302394717931747
0 0.1086186340876988 0.5439910888671875 0.007230281829833984 0.03199713570731027 0.060774341225624084
0 0.12638519491468156 0.5452912194388253 0.00856569835117885 0.032289436885288784 0.05984363704919815
0 0.08953447001320976 0.5428571019853864 0.006853044033050537 0.032283782958984375 0.059817779809236526
0 0.8565041678292411 0.5402640955788749 0.01050778797694615 0.042869976588657925 0.05955131724476814
0 0.1460185902459281 0.5473211833408901 0.008974730968475342 0.030951057161603655 0.0579444020986557
0 0.8352974482945034 0.5473118509565081 0.009522369929722376 0.03140068054199219 0.05700056254863739
0 0.5301298413957868 0.5161673682076591 0.005144970757620675 0.023153168814522878 0.05535709857940674
0 0.04319025788988386 0.5245990071977887 0.004766817603792463 0.021168981279645647 0.05487130209803581
0 0.9627768652779716 0.5420234543936593 0.007005010332380023 0.03628005300249372 0.054754018783569336
0 0.04040299143110003 0.5194945335388184 0.004302923168454852 0.019642795835222517 0.054663509130477905
0 0.5788529941013881 0.5422153472900391 0.008329663957868303 0.03926290784563337 0.054141804575920105
0 0.11943740504128593 0.5450186048235212 0.008245272295815604 0.03222761835370745 0.05137552320957184
0 0.1500617436000279 0.5474621909005302 0.009145889963422502 0.03073106493268694 0.05097435414791107
