0 0.9443152291434151 0.5402056489671979 0.007818426404680525 0.036801815032958984 0.2068520486354828
0 0.9408730098179409 0.5403409004211426 0.007726873670305524 0.03698052678789411 0.19875231385231018
0 0.9375660760062081 0.5405975069318499 0.007682664053780692 0.03696213449750628 0.1946416199207306
0 0.9335170473371234 0.5407982553754535 0.007652759552001953 0.03695784296308245 0.18279434740543365
0 0.9506029401506696 0.5457987785339355 0.008628368377685547 0.030948128019060408 0.18117009103298187
0 0.9289600508553642 0.5435098579951695 0.008208956037248884 0.03629813875470843 0.17996211349964142
0 0.9592891420636859 0.5408084733145577 0.007610934121268136 0.035687003816877096 0.1717034876346588
0 0.9571155820574079 0.530803918838501 0.006672791072300502 0.031564576285226006 0.16396480798721313
0 0.9477663040161133 0.5353804315839495 0.007383278438023159 0.03596159390040806 0.15510819852352142
0 0.9231202261788505 0.5441323007856097 0.009070873260498047 0.03514068467276437 0.15036289393901825
0 0.9543767656598773 0.546729564666748 0.008257865905761719 0.02986386844090053 0.1337718516588211
0 0.954040663582938 0.5308940070016044 0.00695037841796875 0.032182931900024414 0.13313475251197815
0 0.9317340169634137 0.549746036529541 0.008705956595284598 0.025299583162580217 0.1253839135169983
0 0.3076509066990444 0.5453363486698696 0.01042900766645159 0.03384971618652344 0.11528246849775314
0 0.9191398620605469 0.5441452094486782 0.009376389639718192 0.034863063267299106 0.11422806233167648
0 0.30297456468854633 0.5453554902757917 0.010448421750749861 0.033894402640206475 0.11307332664728165
0 0.950779642377581 0.5320397785731724 0.0073359353201729914 0.03456909315926688 0.11229924857616425
0 0.31549004146030973 0.5451887675694057 0.010421718869890486 0.034013986587524414 0.10649216920137405
0 0.2983905587877546 0.5454051154000419 0.010480403900146484 0.03391340800694057 0.10239437967538834
0 0.5721605164664132 0.540705817086356 0.009008509772164481 0.041539090020315986 0.10061199963092804
0 0.5680061067853656 0.5405592918395996 0.008939572743007116 0.041804143360682895 0.09823749214410782
0 0.9638235909598214 0.5262886115482875 0.005880423954554966 0.026251929146902903 0.09740855544805527
0 0.5616575309208461 0.5401865754808698 0.008853367396763392 0.04190124784197126 0.09191176295280457
0 0.5568554060799735 0.5374587603977748 0.008717026029314314 0.04223067419869559 0.09176541119813919
0 0.3210322516305106 0.5445687089647565 0.009986298424857003 0.03516755785260882 0.09152726829051971
0 0.31161056246076313 0.5396107946123395 0.010654142924717494 0.0412264210837228 0.09094227850437164
0 0.5761017118181501 0.5393353189740863 0.008898394448416573 0.04025871413094657 0.09034284204244614
0 0.9603236062186105 0.5264455250331334 0.006240231650216239 0.027282885142735074 0.08820278942584991
0 0.9648717471531459 0.5414314270019531 0.008307184491838728 0.03781059810093471 0.08520432561635971
0 0.5524497032165527 0.5360422474997384 0.00900571686880929 0.044331210000174384 0.08518577367067337
0 0.32749111311776297 0.5440301895141602 0.009771483285086495 0.035709926060267856 0.08403890579938889
0 0.5802100726536342 0.5419913360050747 0.008979388645717077 0.0396728515625 0.0825996920466423
0 0.9258140836443219 0.5514426912580218 0.009387493133544922 0.022931746074131558 0.08187805861234665
0 0.3918219975062779 0.5355959619794574 0.00745701789855957 0.034350735800606866 0.0809875875711441
0 0.2894112042018345 0.5456146512712751 0.010415588106427873 0.03382413727896554 0.07980567961931229
0 0.2112009014402117 0.5454418318612235 0.009983948298863001 0.03292778560093471 0.07839445769786835
0 0.13729161875588552 0.5437888417925153 0.008659558636801583 0.03624381337847028 0.07804761826992035
0 0.2155207565852574 0.5454581465039935 0.009977732385907854 0.03281872613089425 0.07731879502534866
0 0.2841868741171701 0.5457005841391427 0.010264686175755091 0.03352553503853934 0.07700956612825394
0 0.13259216717311315 0.5437711988176618 0.008632447038378035 0.03628182411193848 0.07671476900577545
0 0.5484274455479213 0.535783222743443 0.008924041475568498 0.044823135648454936 0.07650245726108551
0 0.20349035944257463 0.5453535488673619 0.009931104523794991 0.0331610952104841 0.07529670000076294
0 0.22401748384748185 0.5454465321132115 0.009977306638445173 0.03270445551191058 0.07512092590332031
0 0.5859817777361188 0.5430212361471993 0.008993216923304967 0.03798368998936245 0.07431923598051071
0 0.39454214913504465 0.5319905962262835 0.007097618920462472 0.03260949679783413 0.0741933286190033
0 0.22879186698368617 0.5454654012407575 0.009952340807233537 0.03275414875575474 0.07354819774627686
0 0.12874689272471837 0.5437423161097935 0.008610384804861886 0.03631738254002163 0.07264846563339233
0 0.14222638947623117 0.5438929285321917 0.008780828544071742 0.035917043685913086 0.07226944714784622
0 0.0941145760672433 0.5419456958770752 0.007433337824685233 0.03556258337838309 0.07116419076919556
0 0.544694219316755 0.5309056554521833 0.008449486323765345 0.041347503662109375 0.07077445089817047
0 0.0977716360773359 0.5420058114188058 0.007454122815813337 0.0355466433933803 0.07042726874351501
0 0.11090310982295445 0.5427086012704032 0.007869533130100794 0.035714183534894674 0.06974367797374725
0 0.11495591912950788 0.5431577818734306 0.008105354649680001 0.036175625664847236 0.06749499589204788
0 0.12466870035443987 0.5437024661472866 0.008562658514295305 0.036341803414481025 0.06745673716068268
0 0.33250318254743305 0.5439043385641915 0.009694337844848633 0.03599091938563755 0.06634368002414703
0 0.10618819509233747 0.5423927988324847 0.007738513605935233 0.03539970942905971 0.06634040921926498
0 0.2195631435939244 0.5423802648271833 0.010179144995553153 0.03957741601126535 0.06577803939580917
0 0.10190960339137486 0.5420848642076764 0.007521348340170724 0.03541374206542969 0.06552178412675858
0 0.9139313016619001 0.5441302571977887 0.0094888550894601 0.03495856693812779 0.065327487885952
0 0.11976706981658936 0.5434423855372837 0.00833951575415475 0.036457606724330356 0.06491824984550476
0 0.2780311107635498 0.5457109723772321 0.010164822850908552 0.033331836972917826 0.06383809447288513
0 0.09006360598972865 0.541921888078962 0.007421093327658517 0.035610505512782505 0.06382741779088974
0 0.1989122118268694 0.5451393127441406 0.009815778051103865 0.033600841249738424 0.06267064809799194
0 0.08537119626998901 0.5394565718514579 0.006991539682660784 0.03455543518066406 0.06120232120156288
0 0.3891658101763044 0.5410615376063755 0.008471148354666573 0.03762650489807129 0.06103947386145592
0 0.3848202569144113 0.5332366398402623 0.007352079663957868 0.034481900078909736 0.06044856831431389
0 0.14739843777247838 0.5440865244184222 0.008927600724356515 0.03541793142046247 0.05998474732041359
0 0.3995176042829241 0.5305021149771554 0.006723097392490932 0.03161699431283133 0.05907437577843666
0 0.09582059723990304 0.533097675868443 0.0064797742026192805 0.03263803890773228 0.05865787714719772
0 0.10405257769993373 0.5343389511108398 0.006871129785265241 0.03507430212838309 0.057971447706222534
0 0.23469488961356028 0.545504263469151 0.009961553982325963 0.03285299028669085 0.05763716623187065
0 0.08190912859780448 0.5392532348632812 0.006784532751355853 0.034746101924351284 0.056824084371328354
0 0.5402778897966657 0.5353060449872699 0.008798599243164062 0.04556465148925781 0.053588367998600006
0 0.07660024506705147 0.536212614604405 0.006232414926801409 0.03254011699131557 0.05230790749192238
0 0.2714381728853498 0.5457038879394531 0.010096549987792969 0.03329038619995117 0.051731325685977936
0 0.26650796617780415 0.5456082480294364 0.010039516857692174 0.033284391675676615 0.050637468695640564
0 0.2615724631718227 0.5455420698438372 0.009969183376857213 0.03328275680541992 0.05027385056018829
0 0.537330150604248 0.5276294435773577 0.007536172866821289 0.03608635493687221 0.05005037412047386
