0 0.5482861314501081 0.5315160751342773 0.00867530277797154 0.04483161653791155 0.6308415532112122
0 0.5520643506731305 0.5353781836373466 0.009538548333304269 0.04756249700273786 0.6298760771751404
0 0.5445984431675502 0.5286008289882115 0.008294820785522461 0.04088091850280762 0.6278421878814697
0 0.38515240805489676 0.5409248215811593 0.008714846202305384 0.040041208267211914 0.6260582208633423
0 0.38924918855939594 0.5401549679892403 0.008958748408726283 0.04116759981427874 0.6256680488586426
0 0.38096468789236887 0.5409267289297921 0.008858953203473772 0.04028173855372837 0.621786892414093
0 0.39456428800310406 0.5359905106680733 0.00884859902518136 0.04467122895377023 0.6206679344177246
0 0.5413856165749686 0.525665419442313 0.007763998849051339 0.03987683568681989 0.5888628363609314
0 0.5582076481410435 0.5324007443019322 0.009132146835327148 0.04460000991821289 0.5812245607376099
0 0.37586777550833567 0.5413455963134766 0.009289026260375977 0.041536194937569756 0.5643609166145325
0 0.5506717818123954 0.5195160252707345 0.006792375019618443 0.045968873160226006 0.5544830560684204
0 0.546661513192313 0.5187814576285226 0.0071784087589808875 0.038485969815935404 0.5402830243110657
0 0.371894155229841 0.5426170144762311 0.009342738560267858 0.037929534912109375 0.3554391860961914
0 0.7135919843401227 0.5429736546107701 0.01038149424961635 0.03734476225716727 0.32828181982040405
0 0.5374767780303955 0.5360950061253139 0.009237970624651228 0.05116615976606097 0.2945164740085602
0 0.5615952696119036 0.5368758610316685 0.009199823651994978 0.04724792071751186 0.29325270652770996
0 0.12078944274357387 0.543684755052839 0.00881939274924142 0.03403394562857492 0.2863543629646301
0 0.721783093043736 0.543438162122454 0.010742936815534319 0.03648863519941058 0.2709885239601135
0 0.957965782710484 0.5334208352225167 0.007825306483677455 0.03446190697806222 0.25618770718574524
0 0.9670279366629464 0.5256430080958775 0.006273065294538226 0.027766432080950056 0.2501577138900757
0 0.1272064277103969 0.5430825778416225 0.009085595607757568 0.03505311693464007 0.24846525490283966
0 0.9613753727504185 0.5296518802642822 0.0075225830078125 0.03314896992274693 0.23831023275852203
0 0.12401090349469866 0.5490741048540387 0.009624728134700231 0.027487788881574358 0.23799318075180054
0 0.13169845512935094 0.5430551256452288 0.009058032717023577 0.03522147451128278 0.2372371256351471
0 0.3985374314444406 0.5270298549107143 0.006716149193899972 0.03579681260245187 0.23297534883022308
0 0.5331899097987584 0.5245639256068638 0.006870712552751813 0.033564601625714986 0.23197199404239655
0 0.5371629851205009 0.5211190155574253 0.0070487090519496375 0.037967136928013394 0.2306538075208664
0 0.3646580832345145 0.5429525034768241 0.009455714906964983 0.036707401275634766 0.23048637807369232
0 0.7471278054373605 0.5447121347699847 0.010267462049211775 0.037823643003191264 0.2265065610408783
0 0.13697136299950735 0.5435020583016532 0.009213941437857491 0.035540682928902764 0.22542615234851837
0 0.1140838520867484 0.5433277402605329 0.008629322052001953 0.03417801856994629 0.21115049719810486
0 0.5394135883876255 0.5172628675188337 0.0060574327196393695 0.02909677369253976 0.2052915096282959
0 0.7266958781651088 0.5453659466334752 0.010670321328299386 0.038304533277239115 0.1997436285018921
0 0.9641746793474469 0.5257439953940255 0.00670208249773298 0.029445648193359375 0.19769904017448425
0 0.9788376944405692 0.521256651197161 0.005426611219133649 0.0249783992767334 0.19170796871185303
0 0.7394445964268276 0.5450404712132045 0.01084545680454799 0.03843886511666434 0.1900283396244049
0 0.7343383516584124 0.5452912194388253 0.011217049189976283 0.03720123427254813 0.18652582168579102
0 0.14160961764199392 0.5450845105307442 0.009739577770233154 0.03389290400913784 0.17824240028858185
0 0.9739847183227539 0.5214928218296596 0.005931649889264788 0.026635442461286272 0.17232273519039154
0 0.9542358943394252 0.5335844584873745 0.007853984832763672 0.03523877688816616 0.1678479164838791
0 0.1174466439655849 0.5387716974530902 0.00811218363898141 0.034243685858590264 0.16513392329216003
0 0.10973301104136876 0.543179988861084 0.008772560528346471 0.034336090087890625 0.16009767353534698
0 0.1469031572341919 0.5443498066493443 0.009695359638759069 0.03507351875305176 0.15994463860988617
0 0.9522572244916644 0.5436014447893415 0.00882312229701451 0.03423891748700823 0.15488238632678986
0 0.9712653841291156 0.5217549460274833 0.006089823586600167 0.027476208550589427 0.13606296479701996
0 0.7053542818341937 0.5434320313589913 0.010094302041190011 0.03755579675946917 0.13528433442115784
0 0.9440599850245884 0.5392257145472935 0.00862734658377511 0.03850354467119489 0.1349809169769287
0 0.3125578335353306 0.5457649571555001 0.009952647345406669 0.034145968300955634 0.13459092378616333
0 0.529620885848999 0.5201334953308105 0.006153038569859096 0.02831237656729562 0.13279974460601807
0 0.3177403041294643 0.5455664225987026 0.009793145315987723 0.03437215941292899 0.13242021203041077
0 0.5314405305044991 0.5354278428213937 0.008757420948573522 0.04774389948163714 0.1309584230184555
0 0.3078043120247977 0.5457679884774345 0.009978532791137695 0.03433196885245187 0.13058078289031982
0 0.10524608407701765 0.5430552278246198 0.008798369339534215 0.03440264293125698 0.1300639510154724
0 0.3004002571105957 0.5457835878644671 0.009901727948869978 0.03461030551365444 0.12769006192684174
0 0.9567738260541644 0.5447175843375069 0.008458137512207031 0.0328369140625 0.1273878961801529
0 0.32315737860543386 0.5452044010162354 0.009571688515799386 0.0348999159676688 0.12489666789770126
0 0.9654111862182617 0.5402606555393764 0.00833477292742048 0.03935211045401437 0.12429774552583694
0 0.9486161640712193 0.5366823332650321 0.008446489061628069 0.03784240995134626 0.12319378554821014
0 0.2947530746459961 0.5458004815237862 0.00986238888331822 0.0346153804234096 0.1205001249909401
0 0.29004005023411344 0.5467183930533273 0.009790488651820592 0.032408135277884345 0.11471425741910934
0 0.4030578477042062 0.5262751579284668 0.006571190697806222 0.034753969737461636 0.11424823850393295
0 0.32830040795462473 0.5446828774043492 0.00938408715384347 0.03562729699271066 0.11388669908046722
0 0.40539445195879253 0.5433742659432548 0.00890357153756278 0.035571507045200894 0.11190995573997498
0 0.7155686106000628 0.5532560689108712 0.010358265468052455 0.025410311562674388 0.10742762684822083
0 0.3551990645272391 0.5432933058057513 0.009566647665841239 0.03614956992013114 0.10510078817605972
0 0.752462659563337 0.5448175839015416 0.010180813925606864 0.037983553750174384 0.10285503417253494
0 0.936469418661935 0.5393738065447126 0.008460726056780134 0.039409126554216654 0.1020292118191719
0 0.2860137053898403 0.5456207820347377 0.00974186829158238 0.03437134197780064 0.10032898932695389
0 0.36067843437194824 0.5349463735307965 0.009708336421421595 0.04472770009722028 0.09910954535007477
0 0.568565845489502 0.5376966340201241 0.009227922984531947 0.04603525570460728 0.09867402911186218
0 0.3328415666307722 0.5442402022225517 0.009307043892996652 0.03594885553632464 0.0983431413769722
0 0.0368719824722835 0.5201636382511684 0.0044172895806176326 0.019014358520507812 0.09445343911647797
0 0.3038632188524519 0.5399859632764544 0.010291303907121931 0.042530059814453125 0.0938505008816719
0 0.41071663584027973 0.5356444631304059 0.007804802485874721 0.040257317679268975 0.09197350591421127
0 0.7310259682791573 0.5518864904131208 0.011267593928745814 0.027847221919468472 0.09015537798404694
0 0.932685238974435 0.5404604503086635 0.00848252432686942 0.04003105844770159 0.08767557144165039
0 0.7306558064052037 0.534477710723877 0.010924816131591797 0.04353608403887067 0.08439145982265472
0 0.09996676445007324 0.5372075353349958 0.007833940642220634 0.03291654586791992 0.08323012292385101
0 0.5320756775992257 0.5160185950142997 0.005473647798810687 0.025114502225603377 0.08042865246534348
0 0.565579720905849 0.5304428509303502 0.00902707236153739 0.04256493704659598 0.08037269115447998
0 0.3376852103642055 0.5438503197261265 0.009280477251325334 0.03613288061959403 0.07764538377523422
0 0.526066711970738 0.5160023825509208 0.00542654309953962 0.02484229632786342 0.07634750008583069
0 0.34968396595546175 0.5434913635253906 0.009536232267107283 0.03604262215750558 0.07611710578203201
0 0.09692927769252233 0.5402290139879499 0.008176897253308977 0.03367866788591657 0.07406800985336304
0 0.5211348533630371 0.5200977325439453 0.006170715604509626 0.027831622532435825 0.07308060675859451
0 0.15674161911010742 0.5446210588727679 0.00980978352682931 0.034782545907156806 0.070284403860569
0 0.04128059319087437 0.5246732575552804 0.005038082599639893 0.021641765322004045 0.07001946121454239
0 0.1505934510912214 0.5510148320879255 0.010000279971531459 0.022684778485979353 0.06983917951583862
0 0.052194808210645406 0.524956362588065 0.004672812564032418 0.021121229444231306 0.06973449140787125
0 0.6257222039358956 0.542271614074707 0.010647569383893694 0.037337848118373325 0.06907143443822861
0 0.10139485767909459 0.5479998588562012 0.008774476391928536 0.027967453002929688 0.0670148953795433
0 0.9289065769740513 0.5429556029183524 0.009249278477260045 0.03866934776306152 0.06655870378017426
0 0.055089754717690606 0.5251716205051967 0.004688339573996407 0.021497794560023716 0.0665321871638298
0 0.5608292988368443 0.5211645194462368 0.007132359913417271 0.04126800809587751 0.06641282886266708
0 0.9808370045253209 0.516714062009539 0.005121299198695591 0.02556310381208147 0.06632954627275467
0 0.03401416540145874 0.5195501872471401 0.0048816267933164325 0.020141431263514926 0.06582358479499817
0 0.34384502683367046 0.5436891828264508 0.009381498609270369 0.036041430064610074 0.06528035551309586
0 0.0846407243183681 0.5391444478716169 0.007039623601096017 0.03199904305594308 0.06289178878068924
0 0.5246208735874721 0.535487174987793 0.008751767022269112 0.047466278076171875 0.06276542693376541
0 0.11608564853668213 0.5539770807538714 0.010559993130820138 0.022410563060215542 0.06249150633811951
