0 0.9555225372314453 0.5348522322518485 0.006381375449044364 0.034486702510288784 0.38542649149894714
0 0.9578301565987724 0.5362520558493478 0.007294314248221261 0.03674003056117466 0.20338492095470428
0 0.9514265060424805 0.5407084056309291 0.007838998522077287 0.03718481745038714 0.19975200295448303
0 0.9548672267368862 0.5267730440412249 0.005345003945486886 0.02531698771885463 0.1518181413412094
0 0.9246298245021275 0.5415979794093541 0.008143016270228795 0.04153592245919364 0.1429373025894165
0 0.9342118671962193 0.5409295218331474 0.008666106632777624 0.04193871361868722 0.1317470520734787
0 0.9281680243355888 0.5422001566205706 0.008169242313929967 0.0394289493560791 0.1298244595527649
0 0.9310832704816546 0.5416552339281354 0.008392674582345145 0.04011147362845285 0.12126635760068893
0 0.12249791622161865 0.5480907303946358 0.008356222084590368 0.027860062462942942 0.08505101501941681
0 0.9509349550519671 0.5269827161516462 0.005207538604736328 0.025746992656162808 0.0845690444111824
0 0.9603607995169503 0.5273078169141497 0.005684852600097656 0.025936603546142578 0.0804598405957222
0 0.963036128452846 0.5293972832815987 0.0058432987758091515 0.02848250525338309 0.07818205654621124
0 0.08257789271218437 0.5371401650565011 0.006315597466060093 0.030152457101004466 0.07717758417129517
0 0.9652222224644252 0.5350991657802037 0.006185872214181083 0.03415846824645996 0.06818564981222153
0 0.9423785209655762 0.5360615934644427 0.0071168627057756695 0.03553056716918945 0.06273430585861206
0 0.9156980514526367 0.5451938765389579 0.007950033460344588 0.03332458223615374 0.06194572523236275
0 0.9400948115757534 0.5378928184509277 0.007461207253592355 0.03678154945373535 0.0569673553109169
0 0.11206378255571638 0.5476108959742955 0.008237498147147042 0.027939660208565847 0.05423545464873314
0 0.10894020114626203 0.5464218003409249 0.007928218160356795 0.030352354049682617 0.052038516849279404
0 0.07807311841419765 0.5368291309901646 0.006286144256591797 0.029601948601858958 0.051876626908779144
0 0.9187402725219727 0.5405232565743583 0.007954393114362444 0.037565367562430244 0.05132304131984711
