0 0.9575158527919224 0.5344968523297992 0.006372383662632534 0.03402222905840192 0.34162408113479614
0 0.4245081629071917 0.5256948471069336 0.0067860398973737445 0.02635901314871652 0.29340511560440063
0 0.959986686706543 0.5308598450251988 0.006009851183210101 0.0320650509425572 0.27698570489883423
0 0.954848085130964 0.5369977951049805 0.0068231310163225445 0.03561769212995257 0.2733974754810333
0 0.4207708495003836 0.5256411348070417 0.0067967346736363 0.026577472686767578 0.25232839584350586
0 0.4268555300576346 0.5209454808916364 0.0061168670654296875 0.02396590369088309 0.17802706360816956
0 0.41743762152535574 0.5296528679983956 0.007645572934831891 0.031039272035871233 0.15885384380817413
0 0.9504823684692383 0.5365983418055943 0.006909302302769252 0.03589238439287458 0.1554195135831833
0 0.9529012952532087 0.530658347266061 0.0060667310442243305 0.031941618238176615 0.15227726101875305
0 0.9626294544764927 0.5255542482648577 0.005119800567626953 0.02682450839451381 0.13969017565250397
0 0.43052894728524344 0.5209945951189313 0.006135463714599609 0.02374931744166783 0.12663885951042175
0 0.42720658438546316 0.5355552945818219 0.008565664291381836 0.04232978820800781 0.11723333597183228
0 0.9621413094656808 0.5405833380562919 0.007676192692347935 0.037804876055036275 0.11443983018398285
0 0.9550886835370745 0.5257182802472796 0.005048070635114398 0.026564325605119978 0.11160185188055038
0 0.9463483265468052 0.5398003714425224 0.0070176805768694195 0.03627572740827288 0.11159323900938034
0 0.5470638275146484 0.5295883246830532 0.008014610835484095 0.03908423015049526 0.10279111564159393
0 0.5428517545972552 0.5216194220951625 0.006503582000732422 0.029374326978410994 0.09788734465837479
0 0.9421482767377581 0.5401169231959752 0.006959097726004464 0.035838263375418525 0.09707266837358475
0 0.9668457167489188 0.5255229813711983 0.005043166024344308 0.026607206889561245 0.09266150742769241
0 0.5397067070007324 0.5214830126081195 0.006549664906093052 0.029276813779558455 0.09231974929571152
0 0.4134045328412737 0.5332742418561663 0.007907254355294364 0.033233778817313056 0.08746914565563202
0 0.9366025924682617 0.5414882387433734 0.006973743438720703 0.03492368970598493 0.08308546245098114
0 0.5368262699672154 0.5212811742510114 0.00657759393964495 0.02919738633292062 0.0825270339846611
0 0.5518443925040108 0.535320588520595 0.008696385792323522 0.04387044906616211 0.0800744891166687
0 0.4094480105808803 0.5333076545170375 0.00777435302734375 0.033590453011648994 0.07973658293485641
0 0.5546393394470215 0.5268071038382394 0.006722484316144671 0.03336395536150251 0.07925064116716385
0 0.3949956553322928 0.5382106644766671 0.007932662963867188 0.036257846014840264 0.07555396109819412
0 0.12461825779506139 0.544166019984654 0.008685171604156494 0.03435690062386649 0.07524913549423218
0 0.4027562141418457 0.5366534846169608 0.008065121514456612 0.03581319536481585 0.07485632598400116
0 0.933640616280692 0.5428130286080497 0.007418700626918248 0.03380591528756278 0.07478052377700806
0 0.1293844325201852 0.544269357408796 0.008703419140407018 0.03432856287275042 0.07408613711595535
0 0.7955026626586914 0.5439750126429966 0.008425508226667131 0.03457283973693848 0.07401564717292786
0 0.39215169634137836 0.5325672285897392 0.007426432200840541 0.03351555551801409 0.07355716824531555
0 0.3853422573634556 0.5407301017216274 0.00831460952758789 0.03720024653843471 0.07091450691223145
0 0.11991350991385323 0.5441090379442487 0.008699970585959298 0.03435918263026646 0.07012611627578735
0 0.9276436397007534 0.5439010347638812 0.007945401327950614 0.03299437250409808 0.06925085186958313
0 0.38952336992536274 0.5405129023960659 0.008307116372244698 0.03716165678841727 0.06849492341279984
0 0.3678490434374128 0.5429588045392718 0.008687973022460938 0.0361328125 0.06842250376939774
0 0.38031091008867535 0.5409335749489921 0.008335658482142858 0.03715126855032785 0.06702721863985062
0 0.3723383971623012 0.5420050621032715 0.008438723427908761 0.03668516022818429 0.06583783775568008
0 0.3767303058079311 0.5414789063589913 0.008419956479753767 0.03685569763183594 0.0641704723238945
0 0.13471539531435286 0.5443075043814523 0.008696300642830985 0.03430254118783133 0.06402864307165146
0 0.8003497804914202 0.544069630759103 0.0082244873046875 0.034251860209873745 0.063458152115345
0 0.09561828204563685 0.541694164276123 0.007526031562260219 0.03356902939932687 0.06326405704021454
0 0.11508194889341082 0.5437953131539481 0.008642775671822684 0.034299986703055244 0.06298971176147461
0 0.09998120580400739 0.5417799268450055 0.007557775293077741 0.03364416531154087 0.06176789849996567
0 0.36251613071986605 0.5437937464032855 0.009046486445835658 0.03572678565979004 0.06169002875685692
0 0.10375559329986572 0.5419011797223773 0.007588360990796771 0.033694301332746236 0.0613987036049366
0 0.1096017701285226 0.5427959987095424 0.00791196312223162 0.033933401107788086 0.06017764285206795
0 0.08931585720607213 0.5394633156912667 0.007165236132485526 0.03259025301252093 0.06016457825899124
0 0.5602395875113351 0.5336952890668597 0.007721321923392159 0.03931655202593122 0.05995539203286171
0 0.7906214850289481 0.5439061777932304 0.008496965680803572 0.0348905154636928 0.05980420857667923
0 0.3986673355102539 0.5394970689501081 0.008301087788173131 0.03730385644095285 0.05780734866857529
0 0.5342028141021729 0.5163259846823556 0.005861146109444755 0.025840691157749722 0.05600467696785927
0 0.5474801744733538 0.5169980525970459 0.005875553403581891 0.028814383915492466 0.05542445182800293
0 0.5565243448529925 0.5378247669764927 0.008655854633876256 0.04391564641680036 0.055416304618120193
0 0.7194878714425224 0.5467851502554757 0.008950165339878626 0.03395342826843262 0.05522644519805908
0 0.13931405544281006 0.5445139408111572 0.008727422782352992 0.034223079681396484 0.05348949879407883
0 0.406534058707101 0.5377481324332101 0.0085057190486363 0.03757016999380929 0.05289071798324585
0 0.4134166581290109 0.522263595036098 0.005948032651628766 0.027886901582990373 0.052503086626529694
0 0.540726866040911 0.5338820048740932 0.009125607354300362 0.04570228712899344 0.05202077329158783
0 0.38279478890555246 0.5316377707890102 0.007648399897984096 0.03816584178379604 0.051961757242679596
0 0.3554012434823172 0.544245788029262 0.00926797730582101 0.03554603031703404 0.0518154501914978
0 0.5315149852207729 0.5162315368652344 0.0058558668409075055 0.025487354823521206 0.050677210092544556
0 0.09138684613364083 0.5323059899466378 0.00654785122190203 0.030004705701555525 0.05064645782113075
0 0.7730211530412946 0.5441913264138358 0.008438723427908761 0.03520911080496652 0.05038894712924957
