0 0.560237067086356 0.5409688608986991 0.008526836122785295 0.040307317461286275 0.16338999569416046
0 0.0852644613810948 0.5376237119947161 0.006837291376931327 0.028013638087681363 0.07939350605010986
0 0.09922618525368827 0.5366388048444476 0.007225402763911656 0.029019321714128767 0.0773669108748436
0 0.3731694902692522 0.5373696259089878 0.007559435708182198 0.03182022912161691 0.07568918168544769
0 0.3699470928737095 0.5378149918147496 0.007515839168003627 0.03216607230050223 0.07519452273845673
0 0.0825803109577724 0.5350063868931362 0.006876085485730853 0.028212581362043108 0.06998556852340698
0 0.10283660037176949 0.5366350582667759 0.008002792085920061 0.029875550951276506 0.06784505397081375
0 0.5561206681387765 0.5394411427634103 0.008539506367274694 0.04004240036010742 0.06003428250551224
0 0.14333740302494594 0.5455958502633231 0.009085135800497872 0.03164247104099819 0.05905679240822792
0 0.09658076933452062 0.5359007290431431 0.006721666881016323 0.028396333966936384 0.057109612971544266
0 0.10596235309328352 0.5369467054094587 0.008218305451529366 0.03064901488167899 0.055925317108631134
0 0.5657135418483189 0.5409084047589984 0.008685929434640067 0.03865242004394531 0.055296026170253754
