0 0.5360518864222935 0.5190204892839704 0.005746126174926758 0.020433528082711355 0.26543036103248596
0 0.538956710270473 0.5190112250191825 0.006182159696306501 0.022725752421787808 0.25311926007270813
0 0.5422863960266113 0.5170499937874931 0.005746534892490932 0.023058857236589705 0.16533434391021729
0 0.5339352403368268 0.5155516351972308 0.005503177642822266 0.02150092806134905 0.10804381221532822
0 0.5431385040283203 0.5232515675680978 0.006949833461216518 0.026378699711390903 0.09634029120206833
0 0.5700240135192871 0.537473337990897 0.009704828262329102 0.04637234551565988 0.08859962224960327
0 0.5732579912458148 0.5393592970711845 0.010001829692295619 0.04575623784746442 0.07404693216085434
0 0.5457858698708671 0.5209981373378209 0.006457124437604632 0.02561845098223005 0.07382170110940933
0 0.5790480204990932 0.539407627923148 0.009937490735735213 0.045773710523332865 0.07341469079256058
0 0.5321566036769322 0.5144380160740444 0.005476066044398716 0.020089421953473772 0.07340047508478165
0 0.592655999319894 0.5391004426138741 0.010397842952183314 0.045293637684413364 0.06568219512701035
0 0.6149954795837402 0.5393471717834473 0.00999300820486886 0.04552033969334194 0.05738985165953636
0 0.584796633039202 0.5396333421979632 0.010052612849644251 0.045413664409092495 0.0569676011800766
0 0.9272544043404716 0.5407671247209821 0.009532792227608817 0.041526896612984796 0.055958718061447144
0 0.5481416157313755 0.5215599196297782 0.006410224097115653 0.025729519980294362 0.05520418658852577
0 0.42246982029506136 0.5242913791111538 0.006643976484026227 0.02383722577776228 0.05125834047794342
0 0.5961383410862514 0.5399960790361676 0.010676520211356027 0.04382637568882534 0.050766464322805405
