0 0.9387295586722237 0.5400548662458148 0.00905472891671317 0.037362677710396905 0.5313382148742676
0 0.9325538362775531 0.5401766300201416 0.008871146610804967 0.03730903353009905 0.4648679196834564
0 0.5342934472220284 0.5220768451690674 0.006773199353899274 0.030834674835205078 0.4584157168865204
0 0.9286523546491351 0.5407983234950474 0.008893421718052455 0.03752589225769043 0.44507673382759094
0 0.5306659766605922 0.5256692341395787 0.00728048597063337 0.033508198601858954 0.4283384382724762
0 0.9425769533429827 0.5353499480656215 0.008587360382080078 0.036387784140450616 0.42024916410446167
0 0.5373377799987793 0.5277494021824428 0.00800572122846331 0.03823232650756836 0.34605520963668823
0 0.9469572475978306 0.5435276712690081 0.009570121765136719 0.03384627614702497 0.3440707325935364
0 0.9229823521205357 0.5438700062888009 0.00984954833984375 0.0373992919921875 0.3195679485797882
0 0.5394682884216309 0.5206123079572406 0.006213358470371791 0.027871642793927873 0.30916956067085266
0 0.5413171904427665 0.531181948525565 0.008486475263323103 0.04053987775530134 0.25755026936531067
0 0.05892686332975115 0.5311076300484794 0.006620922258922032 0.032070466450282505 0.23131036758422852
0 0.5449500765119281 0.531454154423305 0.008512735366821289 0.04034873417445591 0.2216808795928955
0 0.05532194886888776 0.5264375550406319 0.0054938239710671565 0.026642356600080217 0.21584151685237885
0 0.9589809690202985 0.5370967047555106 0.007922513144356864 0.0383939402444022 0.20443759858608246
0 0.536968639918736 0.5164315359933036 0.005422353744506836 0.02435173307146345 0.2038581520318985
0 0.06361898354121617 0.5354694638933454 0.0070401472704751155 0.03332604680742536 0.1993733048439026
0 0.0524432829448155 0.5261673927307129 0.0054374635219573975 0.0262758731842041 0.1986454725265503
0 0.5344244412013462 0.5351601328168597 0.009304182870047433 0.04775428771972656 0.19862815737724304
0 0.9485247475760323 0.530703067779541 0.00828967775617327 0.03498251097542899 0.1910662204027176
0 0.9521339280264718 0.5300710541861398 0.008224759783063616 0.03495478630065918 0.1773795187473297
0 0.5470859663827079 0.522197791508266 0.0064127445220947266 0.030523300170898438 0.17029692232608795
0 0.5273218836103167 0.5159213542938232 0.004941088812691825 0.022496564047677175 0.17021018266677856
0 0.0612325200012752 0.527102163859776 0.005725366728646415 0.027187415531703403 0.16942010819911957
0 0.5239742824009487 0.5239739418029785 0.006530250821794782 0.030598810740879605 0.16925761103630066
0 0.05630725622177124 0.5372051170894078 0.0075224510260990685 0.038058689662388394 0.158560648560524
0 0.09298253910882133 0.541698796408517 0.0075195857456752235 0.03657691819327218 0.15833599865436554
0 0.08814045361110143 0.5416295187813895 0.0074806468827383855 0.03674796649387905 0.15166158974170685
0 0.9571203504289899 0.5266447748456683 0.0074040549142020086 0.030848469052995955 0.15108317136764526
0 0.06745921713965279 0.5380736078534808 0.0073493378502982 0.03533455303737095 0.15014448761940002
0 0.048158760581697733 0.5245324543544224 0.005385058266775948 0.024921042578560964 0.14968985319137573
0 0.9179630960736956 0.5432675565992083 0.010042599269321986 0.037798404693603516 0.14745090901851654
0 0.08054346697671073 0.5413449151175362 0.007518419197627476 0.036902972630092075 0.14612612128257751
0 0.08426223482404437 0.541478020804269 0.007470360824040004 0.03688897405351911 0.14190208911895752
0 0.0720689126423427 0.538750341960362 0.007306946175439017 0.03570427213396345 0.1402791440486908
0 0.07609258379255023 0.5407555103302002 0.007443036351885114 0.03704963411603655 0.13836142420768738
0 0.5492516926356724 0.536243234361921 0.009174176624843053 0.0455446583884103 0.13627740740776062
0 0.0974036455154419 0.5420890535627093 0.007720547063010079 0.03613029207502093 0.13615591824054718
0 0.9603550093514579 0.5259712764195034 0.007078443254743304 0.0300839969090053 0.1352614164352417
0 0.9551503317696708 0.5451993942260742 0.008708477020263672 0.032406772886003764 0.12760920822620392
0 0.5513709613255092 0.5224184308733258 0.0064432621002197266 0.03070099013192313 0.12286950647830963
0 0.5537113462175641 0.5371974536350795 0.008712598255702428 0.043039253779820034 0.12199365347623825
0 0.05032469545091901 0.520977088383266 0.004445139850888934 0.02203423636300223 0.12183357775211334
0 0.10175659826823644 0.5426269939967564 0.00792997223990304 0.035638128008161275 0.11439885199069977
0 0.05741489785058158 0.5216002464294434 0.004633894988468715 0.022263969693865095 0.11398347467184067
0 0.052202045917510986 0.5371706826346261 0.007418270621980939 0.03714581898280552 0.11101629585027695
0 0.666496821812221 0.5446723188672747 0.010300908769880022 0.036183220999581475 0.10540556162595749
0 0.5282800538199288 0.5364717755998883 0.008837802069527763 0.04782584735325405 0.10522274672985077
0 0.10709328310830253 0.5435030800955636 0.008501052856445312 0.034713336399623325 0.10507827997207642
0 0.5575699806213379 0.5377520833696637 0.008574519838605608 0.04209845406668527 0.09796667844057083
0 0.66197327205113 0.5389150551387242 0.00946944100516183 0.0433197021484375 0.09741165488958359
0 0.3368925026484898 0.5445888383047921 0.009230818067278181 0.03432801791599819 0.09665524214506149
0 0.049041969435555596 0.5347500188010079 0.006977289915084839 0.03549643925258091 0.09548143297433853
0 0.3914097377232143 0.5364223888942173 0.007946116583687919 0.03431143079485212 0.09467798471450806
0 0.5213197299412319 0.5198522635868618 0.005745410919189453 0.025268759046282088 0.09453146159648895
0 0.3065001964569092 0.545407601765224 0.009824684688023158 0.03351082120622907 0.09443018585443497
0 0.3325995036533901 0.5446070602961949 0.009208849498203822 0.03455236979893276 0.09412026405334473
0 0.5444363866533551 0.5175989695957729 0.005911486489432198 0.029645749500819614 0.09215665608644485
0 0.3111283097948347 0.5452655383518764 0.009760856628417969 0.03343691144670759 0.0919969230890274
0 0.3019066197531564 0.5455618585859027 0.009909289223807198 0.03350683620997837 0.0909564420580864
0 0.3875539643423898 0.5392965589250837 0.008521250316074916 0.03544722284589495 0.09076153486967087
0 0.3417844091142927 0.5445488521030971 0.009295429502214705 0.03402345521109445 0.090037502348423
0 0.5293276991162982 0.5136687414986747 0.005482401166643415 0.025436333247593472 0.08576604723930359
0 0.11073829446520124 0.5404829978942871 0.008961090019771032 0.03834707396371024 0.08568105846643448
0 0.35162060601370676 0.5441822324480329 0.009172133037022181 0.03401643889290946 0.08488037437200546
0 0.658050537109375 0.5440983772277832 0.009667669023786272 0.03747725486755371 0.08437211066484451
0 0.3465491703578404 0.5445248058864048 0.00930891718183245 0.033912249973842075 0.0834856927394867
0 0.05390106780188424 0.5199131284441266 0.00471110429082598 0.02227677617754255 0.08264802396297455
0 0.046307146549224854 0.532036576952253 0.00642405663217817 0.03231406211853027 0.08250216394662857
0 0.3156346593584333 0.5451354299272809 0.009665318897792272 0.0336730820792062 0.08243215829133987
0 0.29557977403913227 0.5469907692500523 0.009987115859985352 0.03199120930262974 0.08099249005317688
0 0.3651824338095529 0.5429633685520717 0.0086212158203125 0.03558547156197684 0.08030081540346146
0 0.3564558710370745 0.5437629563467843 0.008909600121634347 0.03459811210632324 0.08028005063533783
0 0.7278201920645577 0.5465567452566964 0.010549136570521764 0.033565214702061245 0.07998026907444
0 0.9649720191955566 0.5407663072858538 0.008591651916503906 0.04023538316999163 0.07986488938331604
0 0.3250056675502232 0.5448543003627232 0.009530646460396903 0.034115757261003764 0.07834240794181824
0 0.11456823348999023 0.5442001479012626 0.009018676621573312 0.03411139760698591 0.0775892436504364
0 0.36071300506591797 0.5432482787540981 0.00866494859967913 0.035251004355294366 0.07724432647228241
0 0.5317003386361259 0.5129875455583844 0.005187000547136579 0.0236421993800572 0.07605668157339096
0 0.39712728772844585 0.5374139377049038 0.007898569107055664 0.03581108365740095 0.07471346110105515
0 0.3206644739423479 0.5450667653764997 0.00959052358354841 0.0339055061340332 0.07444382458925247
0 0.36981538363865446 0.5426158564431327 0.008710180010114397 0.03573969432285854 0.07405487447977066
0 0.5626581055777413 0.5383204051426479 0.008524928774152483 0.041440520967756 0.07327424734830856
0 0.792262349809919 0.5462258883884975 0.010057858058384486 0.03371354511805943 0.07241547107696533
0 0.7137096268790108 0.5455614839281354 0.010696547372000558 0.03605147770472935 0.07217582315206528
0 0.5491346631731305 0.5177856172834124 0.005958999906267438 0.029767070497785295 0.07149835675954819
0 0.7972954341343471 0.5452274594988141 0.009988580431256975 0.03542099680219378 0.07111813873052597
0 0.7214095933096749 0.5466791221073696 0.010583196367536272 0.033487796783447266 0.0705297663807869
0 0.17886720384870256 0.5471789155687604 0.00992577416556222 0.03156961713518415 0.0702100619673729
0 0.3831127711704799 0.541823319026402 0.008966820580618722 0.0363922119140625 0.06972174346446991
0 0.2555960587092808 0.5457054206303188 0.009894490242004395 0.03237322398594448 0.06827321648597717
0 0.04192555376461574 0.5283886364528111 0.006081811019352504 0.02995354788643973 0.06763437390327454
0 0.7356970650809151 0.5464837891714913 0.010544163840157645 0.03359334809439523 0.06746535003185272
0 0.25976717472076416 0.5473666531699044 0.00980029787336077 0.030837399618966237 0.06605585664510727
0 0.2505974428994315 0.5456529344831195 0.009865828922816686 0.03238333974565778 0.06579355895519257
0 0.9446158409118652 0.5263652801513672 0.00782639639718192 0.035288333892822266 0.06551346182823181
0 0.183546815599714 0.545499154499599 0.0098646879196167 0.03306770324707031 0.06529491394758224
0 0.05998257228306362 0.5439752851213727 0.008561734642301286 0.03396909577505929 0.06434693932533264
0 0.3291501998901367 0.5389676775251117 0.009815284184047155 0.041097096034458706 0.06255900859832764
0 0.44215263639177593 0.5198769569396973 0.0050307682582310265 0.0210442202431815 0.06160840019583702
