0 0.0924728512763977 0.5400708062308175 0.006417598043169294 0.027690683092389787 0.13062286376953125
0 0.960254260471889 0.5263763836451939 0.00591203144618443 0.02753911699567522 0.12135737389326096
0 0.0658923898424421 0.5348131316048759 0.006244953189577375 0.0276094845363072 0.11748208850622177
0 0.07510551384517125 0.5376870291573661 0.006491814340863909 0.02671037401471819 0.1131027564406395
0 0.9561006001063755 0.5341377939496722 0.006994179316929409 0.03692940303257534 0.1082649677991867
0 0.5837766102382115 0.5387799399239677 0.009493623461042131 0.04572333608354841 0.10016635060310364
0 0.0829144035066877 0.537984916142055 0.0065705691065107074 0.02963989121573312 0.10014671832323074
0 0.08067730494907924 0.5358050550733294 0.006203915391649518 0.028881958552769253 0.0954039990901947
0 0.08781027793884277 0.537891183580671 0.006206972258431571 0.028370278222220286 0.085304394364357
0 0.5997244971139091 0.5394536427089146 0.009673595428466797 0.04571454865591867 0.08172492682933807
0 0.5799801690237862 0.5394341605050224 0.00904294422694615 0.045309986386980326 0.07654251903295517
0 0.953998293195452 0.5274178641183036 0.006089687347412109 0.03175919396536691 0.07137596607208252
0 0.9476750237601144 0.5351642199925014 0.0070759909493582586 0.03894472122192383 0.06941288709640503
0 0.09948039054870605 0.5437534196036202 0.007865275655473982 0.03379225730895996 0.06780343502759933
0 0.9236444064549038 0.5392093999045235 0.008294378008161272 0.0442835944039481 0.06709069758653641
0 0.5388531684875488 0.5154620579310826 0.005487748554774693 0.020555666514805386 0.06608065217733383
0 0.9514090674264091 0.5274484498160226 0.006057330540248326 0.030742543084280833 0.06458137929439545
0 0.06230478627341134 0.5345110893249512 0.005997483219419207 0.02858076776776995 0.06188473477959633
0 0.10298795359475273 0.5444864545549665 0.008073423589978899 0.03333701406206403 0.06010492891073227
0 0.07722946575709752 0.5390444483075824 0.006776758602687291 0.029046705790928433 0.05939171463251114
0 0.594095093863351 0.5398799351283482 0.009405067988804408 0.045504604067121236 0.056998901069164276
0 0.5368117604936872 0.5190895625523159 0.0055332183837890625 0.019758054188319614 0.056790489703416824
0 0.5751535551888602 0.5392505781991142 0.009138788495744978 0.04497190884181431 0.056726522743701935
0 0.5448658125741142 0.5161986691611153 0.0054694243839808875 0.021220479692731584 0.052316032350063324
0 0.0966375470161438 0.5424450806209019 0.007851447377886091 0.03117506844656808 0.050277166068553925
