0 0.9659872055053711 0.5282900674002511 0.005284105028424945 0.02707740238734654 0.08821117877960205
0 0.39395482199532644 0.5344701835087368 0.0070226192474365234 0.034141744886125834 0.0873798280954361
0 0.3975154331752232 0.534130368913923 0.006803069795880999 0.033511502402169366 0.07782486081123352
0 0.08150286333901542 0.5353971549442836 0.00636145898274013 0.031452996390206475 0.07536061853170395
0 0.0835498401096889 0.5352834633418492 0.005895980766841343 0.03047316414969308 0.07325667142868042
0 0.9477549280439105 0.5369421754564557 0.0066694532121930805 0.03539977754865374 0.0695258378982544
0 0.08536476748330253 0.5378746305193219 0.006803418908800397 0.031315701348440986 0.06801925599575043
0 0.9682739802769252 0.5284184047154018 0.005169391632080078 0.02766524042401995 0.06215589493513107
0 0.963446821485247 0.5288617951529366 0.005157879420689174 0.028815712247576033 0.06015107408165932
0 0.9248925617762974 0.5410913739885602 0.007931641169956751 0.04024345534188407 0.058160215616226196
0 0.9410737582615444 0.535637651171003 0.006772177559988839 0.034336941582815986 0.05553862452507019
0 0.9341690199715751 0.5409346989222935 0.0078062329973493305 0.04056007521493094 0.05537422001361847
0 0.9533104215349469 0.5372446945735386 0.006483146122523716 0.03679146085466657 0.05529550090432167
0 0.9121864182608468 0.5458270481654576 0.008238519941057478 0.03344689096723284 0.05338828265666962
0 0.5865975107465472 0.5423416410173688 0.008313451494489397 0.03952200072152274 0.053058601915836334
0 0.5398964200701032 0.5336033957345145 0.006962435586111886 0.03423997334071568 0.05254678800702095
0 0.5716050011771066 0.5412678718566895 0.008238588060651506 0.04041014398847308 0.05128232389688492
0 0.1195138692855835 0.5439626148768834 0.008058113711220878 0.03490076746259417 0.051208000630140305
0 0.5808546883719308 0.541764497756958 0.008182457515171595 0.039476939610072544 0.05031436309218407
