0 0.0685933700629643 0.5364988190787179 0.006271796567099435 0.02926046507699149 0.12745560705661774
0 0.9669201714651925 0.5260207993643624 0.005862099783761161 0.0280038629259382 0.12677349150180817
0 0.9643936838422503 0.5286502838134766 0.0066247667585100445 0.0324070794241769 0.11569584906101227
0 0.9533655984061105 0.5398834092276437 0.008329595838274275 0.042398623057774136 0.10620832443237305
0 0.9700325557163784 0.5270458289555141 0.006244863782610212 0.029401915413992747 0.0948413759469986
0 0.9449013301304409 0.5400755405426025 0.008946214403424944 0.04430437088012695 0.08249036222696304
0 0.9561470576695034 0.5290553910391671 0.00664036614554269 0.032641853604997904 0.07318375259637833
0 0.9478183473859515 0.5401512554713658 0.008301666804722376 0.042559146881103516 0.0730113685131073
0 0.08049874646323067 0.5372081484113421 0.006235659122467041 0.029606785093035017 0.06871303915977478
0 0.9337793758937291 0.5405047621045794 0.008821351187569755 0.0452092034476144 0.06664644181728363
0 0.07838528496878487 0.5384113448006767 0.006636781351906913 0.029658896582467214 0.06490150839090347
0 0.08284165178026472 0.5400629043579102 0.006691277027130127 0.029658351625714983 0.06109512224793434
0 0.9658690861293248 0.53555771282741 0.007716655731201172 0.040359360831124444 0.060461245477199554
0 0.9386119842529297 0.5405336448124477 0.008814539228166853 0.04479578563145229 0.0597212053835392
0 0.9625088827950614 0.5318167209625244 0.007552623748779297 0.039476258414132256 0.058072660118341446
0 0.9726010731288365 0.5278515815734863 0.006370408194405692 0.03136781283787319 0.056186944246292114
0 0.5276899337768555 0.5257229123796735 0.005804538726806641 0.023669140679495677 0.0561731681227684
0 0.9594770159040179 0.5313707079206195 0.0074841635567801336 0.03869775363377163 0.05541151016950607
0 0.5620077678135463 0.5402859279087612 0.008425440107073103 0.037594761167253764 0.054648205637931824
0 0.10473976816449847 0.5467099121638707 0.008240810462406703 0.029349667685372487 0.050903234630823135
0 0.9564939226422992 0.5390631811959403 0.008729866572788783 0.03952172824314663 0.05047256126999855
