0 0.9473268645150321 0.5364492280142648 0.0070623670305524555 0.035401718957083564 0.21964997053146362
0 0.9440972464425224 0.5366598537990025 0.006912572043282645 0.03558186122349331 0.21561412513256073
0 0.9400328908647809 0.5390174729483468 0.0071631840297154015 0.03626711027962821 0.17941342294216156
0 0.9545875276838031 0.5397688320704869 0.006945814405168805 0.0357860837663923 0.1514526605606079
0 0.9522176470075335 0.5301797730582101 0.006236076354980469 0.03264757565089634 0.14518076181411743
0 0.9364662851606097 0.5392791203090123 0.007048061915806362 0.03612542152404785 0.14498911798000336
0 0.9494923182896206 0.5304069519042969 0.006143910544259208 0.032689060483660014 0.1345318704843521
0 0.9321553366524833 0.5408270699637276 0.00700657708304269 0.03574235098702567 0.12027913331985474
0 0.32781243324279785 0.5441420418875558 0.009604249681745256 0.035125323704310825 0.11851086467504501
0 0.5820999145507812 0.5389056886945452 0.008599894387381417 0.045296703066144674 0.11685167253017426
0 0.9500459943498883 0.5444243976048061 0.007970878056117467 0.03269849504743304 0.11674400418996811
0 0.33267910139901297 0.5433968135288784 0.00935922350202288 0.03526054109845843 0.11297634989023209
0 0.5766099521092006 0.5383345058986119 0.008678844996861048 0.04611689703805106 0.11267554014921188
0 0.9285399573189872 0.5420957974025181 0.007578168596540179 0.03633819307599749 0.11194819957017899
0 0.956911563873291 0.5252400125776019 0.0052411215645926336 0.02729691777910505 0.10524885356426239
0 0.959303651537214 0.5252016612461635 0.005245208740234375 0.027476344789777483 0.10395684838294983
0 0.5872632435389927 0.5402421951293945 0.008478777749197823 0.042680672236851284 0.10380000621080399
0 0.32101757185799734 0.5445277350289481 0.009686265672956194 0.03499443190438407 0.10010237246751785
0 0.9235252652849469 0.5444749764033726 0.008084705897739955 0.03387648718697684 0.09827326983213425
0 0.570871114730835 0.5380020141601562 0.008864334651402064 0.04645987919398716 0.09641248732805252
0 0.34026946340288433 0.5433712346213204 0.009330136435372489 0.03548989977155413 0.09408286213874817
0 0.9542346681867327 0.5255311897822789 0.005468300410679409 0.027682713099888394 0.09274200350046158
0 0.5671939168657575 0.5361170768737793 0.008745465959821428 0.04497129576546805 0.09116973727941513
0 0.962116173335484 0.532743079321725 0.007167952401297433 0.03664595740182059 0.08992692083120346
0 0.5630244527544294 0.5341339111328125 0.00836280414036342 0.043307440621512275 0.08343446999788284
0 0.34494195665631977 0.543330465044294 0.009293045316423689 0.035540172031947544 0.07992236316204071
0 0.9193664278302874 0.5451889719281878 0.008292402539934431 0.03317962374005999 0.07740561664104462
0 0.5918149948120117 0.5411054066249302 0.008704389844621931 0.04318594932556152 0.07708314806222916
0 0.37893618856157574 0.5389528274536133 0.00816338402884347 0.03330911908830915 0.07577304542064667
0 0.957697868347168 0.5418420859745571 0.007239682333809989 0.03747756140572684 0.07552380114793777
0 0.38676473072596956 0.5354907172066825 0.007544176919119698 0.03154982839311872 0.07323949038982391
0 0.3829044614519392 0.5388063022068569 0.008058037076677595 0.03314713069370815 0.07086066901683807
0 0.595503534589495 0.5415934835161481 0.008517469678606306 0.04154069083077567 0.07010237127542496
0 0.9262770925249372 0.5498966489519391 0.00830990927559989 0.022266762597220286 0.06988628953695297
0 0.31214908191135954 0.5447974886213031 0.009693963187081473 0.03474112919398716 0.06839331239461899
0 0.559032848903111 0.5308057240077427 0.007885490145002092 0.04123929568699428 0.06784992665052414
0 0.3494706835065569 0.5430963039398193 0.009203944887433733 0.03540168489728655 0.06641817837953568
0 0.3894897869655064 0.5313751697540283 0.007217815944126674 0.030070713588169644 0.06429468840360641
0 0.3766040120806013 0.532141889844622 0.0076787471771240234 0.030890192304338728 0.06301595270633698
0 0.3939111573355539 0.530512843813215 0.006915535245622907 0.02914496830531529 0.061714041978120804
0 0.12218747820172991 0.5444001810891288 0.008385224001748222 0.033223356519426615 0.06157207116484642
0 0.6000510624476841 0.5417930058070591 0.008477415357317244 0.04141075270516532 0.06146017089486122
0 0.9149855204990932 0.5452926499502999 0.008277416229248047 0.032809087208339145 0.06065872311592102
0 0.3726953778948103 0.5413879667009626 0.008547203881399972 0.03404198374067034 0.0596434585750103
0 0.5547206742422921 0.5279152052743095 0.006970916475568499 0.03496292659214565 0.058420330286026
0 0.12785182680402482 0.5446864536830357 0.008499119962964739 0.03342516081673758 0.05559825152158737
0 0.36852952412196566 0.5415735244750977 0.008635554994855608 0.034277643476213725 0.05539841949939728
0 0.3968634605407715 0.5301216670445034 0.006783042635236468 0.02909554753984724 0.0551995113492012
0 0.3546586717878069 0.5428215094975063 0.00906440189906529 0.035251004355294366 0.05448189005255699
0 0.09044215508869716 0.5397825922284808 0.006761397634233747 0.029175417763846263 0.053869470953941345
0 0.0860782435962132 0.5396912779126849 0.006664718900408063 0.028795174189976284 0.053862668573856354
0 0.9611179488045829 0.5210964339120048 0.0050187792096819195 0.02381065913609096 0.05311625450849533
0 0.9646248817443848 0.520470142364502 0.0046961648123604914 0.023804562432425364 0.05283587798476219
0 0.5435306004115513 0.5218349865504673 0.006192922592163086 0.029297283717564175 0.05274023860692978
0 0.5401557173047747 0.5215989521571568 0.006175926753452846 0.029015370777675083 0.05255753919482231
0 0.38354887281145367 0.5269931725093296 0.006728955677577427 0.02672576904296875 0.051980096846818924
0 0.3058008466448103 0.5449485778808594 0.00968020302908761 0.034615789140973775 0.05122422054409981
0 0.08177941186087472 0.5393509864807129 0.006497851439884731 0.02863342421395438 0.05083872377872467
0 0.5467958450317383 0.5220834187098912 0.006169114794049945 0.02947211265563965 0.05070970207452774
0 0.11650128023965019 0.5439058031354632 0.00805499723979405 0.032635041645595005 0.05070047825574875
0 0.3643664632524763 0.5419830594744001 0.008794239589146205 0.03452362333025251 0.050511449575424194
0 0.15016773768833705 0.5450472831726074 0.008808749062674386 0.0332707336970738 0.05049299821257591
0 0.14639978749411448 0.5449611118861607 0.00865555661065238 0.03327032497950962 0.05035410448908806
0 0.1319230113710676 0.5447164603642055 0.008500099182128906 0.033441407339913506 0.05033642426133156
0 0.05788240262440273 0.5254428727286202 0.004783106701714652 0.02213454246520996 0.050256337970495224
