0 0.42831952231270926 0.5197428975786481 0.005575248173304966 0.023801497050694058 0.5884274244308472
0 0.42489651271275114 0.5198563848223005 0.005578007016863141 0.02404035840715681 0.584270179271698
0 0.4317646026611328 0.5159822872706822 0.005062035151890346 0.022924286978585378 0.41434237360954285
0 0.42213896342686247 0.5237512588500977 0.006357499531337193 0.02645799091884068 0.3705800175666809
0 0.43437371935163227 0.51606171471732 0.005088703972952706 0.022691658564976284 0.2767121195793152
0 0.41996615273611887 0.516120433807373 0.0048635005950927734 0.02336995942252023 0.24413451552391052
0 0.10697834832327706 0.5428233827863421 0.008338187422071184 0.035717010498046875 0.18424470722675323
0 0.4361234392438616 0.5223565101623535 0.0064237117767333984 0.02599297251020159 0.17922426760196686
0 0.11250039509364537 0.5434678622654506 0.008863321372440882 0.03568015779767718 0.16705840826034546
0 0.10158086674554008 0.5425098282950265 0.008228761809212821 0.035728897367204936 0.1618976593017578
0 0.07882138660975865 0.5362609113965716 0.0066526106425694054 0.0330315317426409 0.14878389239311218
0 0.08434288842337472 0.5392794609069824 0.00716939994267055 0.03539524759565081 0.1422508955001831
0 0.11706670692988805 0.5438450404575893 0.009004150118146623 0.03558870724269322 0.1353994905948639
0 0.4187313829149519 0.5266843863895961 0.007226330893380302 0.032952581133161275 0.13442468643188477
0 0.09717435496194023 0.5424472263881138 0.008240418774741036 0.035934346062796454 0.13300377130508423
0 0.08784430367606026 0.5416543143136161 0.007771798542567662 0.036698613848005025 0.13061077892780304
0 0.0934880290712629 0.5422964096069336 0.008252714361463274 0.036197662353515625 0.12253585457801819
0 0.42417887278965544 0.531043359211513 0.008097478321620397 0.038309642246791294 0.12214989215135574
0 0.07581804479871478 0.5320523125784737 0.006102885518755231 0.03131375994001116 0.12062904238700867
0 0.07253777980804443 0.5317777906145368 0.0060327138219560894 0.031410660062517436 0.11522653698921204
0 0.12159028223582677 0.5439058031354632 0.009000505719866072 0.03555754252842495 0.11097460985183716
0 0.06952968239784241 0.5314244542803083 0.005974607808249337 0.031206130981445312 0.10616737604141235
0 0.0664500721863338 0.5311425072806222 0.005923654351915632 0.030891486576625278 0.09452275186777115
0 0.09036600589752197 0.5343602725437709 0.007320020880017962 0.03588523183550153 0.09342598170042038
0 0.1266465187072754 0.543964011328561 0.00895650897707258 0.03550611223493304 0.0922858864068985
0 0.4359617233276367 0.5122714042663574 0.0048814501081194195 0.02068366323198591 0.09096629172563553
0 0.4313998222351074 0.5313253743307931 0.008091892514910017 0.03797204153878348 0.09007888287305832
0 0.3621692316872733 0.5436606747763497 0.008968898228236608 0.03573417663574219 0.08836597204208374
0 0.5365450041634696 0.5259616034371513 0.00715742792401995 0.03235023362295968 0.08815626800060272
0 0.13659756524222239 0.544020244053432 0.008965509278433663 0.03509300095694406 0.08732382953166962
0 0.1322063718523298 0.5439443247658866 0.00894031354359218 0.03540754318237305 0.08693507313728333
0 0.06367355585098267 0.5339809826442173 0.00619012543133327 0.0314068113054548 0.08562709391117096
0 0.14530839238848006 0.5445771217346191 0.009209930896759033 0.033868415015084405 0.08420943468809128
0 0.14145787273134505 0.5453362805502755 0.009130699293954032 0.03398323059082031 0.08371139317750931
0 0.36869055884225027 0.5419366359710693 0.008311918803623744 0.03679091589791434 0.08127008378505707
0 0.44093966484069824 0.5185408592224121 0.005650247846330915 0.021774121693202426 0.07875706255435944
0 0.357978275844029 0.5442087309701102 0.009219203676496233 0.03547804696219308 0.07659280300140381
0 0.1042318684714181 0.5326476097106934 0.007745155266353062 0.04105864252362933 0.0751609280705452
0 0.4280069214957101 0.5337106840951102 0.008388893944876534 0.03962867600577218 0.07512032985687256
0 0.25213984080723356 0.545569624219622 0.009827733039855957 0.03332267488752093 0.07371282577514648
0 0.0828673243522644 0.5295554569789341 0.006350364003862653 0.03246828487941197 0.0718221664428711
0 0.41396049090794157 0.5276355743408203 0.007367610931396484 0.033239500863211494 0.07106388360261917
0 0.5419918128422329 0.5288220133100238 0.007948739188058036 0.03821219716753278 0.06889552623033524
0 0.24793665749686106 0.5455635615757534 0.00978795119694301 0.03334416661943708 0.06868260353803635
0 0.2562585898808071 0.5441646916525704 0.009962388447352819 0.03603989737374442 0.06753864884376526
0 0.5311854566846576 0.5209035192217145 0.006412710462297712 0.02832061903817313 0.06738442927598953
0 0.846151488167899 0.5429654461996896 0.008327960968017578 0.03804779052734375 0.06447723507881165
0 0.5468313694000244 0.5322393008640834 0.008108275277273995 0.04040861129760742 0.06395576149225235
0 0.35357703481401714 0.5442358425685337 0.009265286581856864 0.035431112561907084 0.0633121207356453
0 0.06202272006443569 0.5264477729797363 0.005083978176116943 0.02533064569745745 0.06317554414272308
0 0.9425802230834961 0.5463281699589321 0.00755384990147182 0.025180612291608537 0.06204603984951973
0 0.5397494179861886 0.521479674748012 0.006386280059814453 0.02838499205453055 0.061740998178720474
0 0.060923167637416294 0.535442761012486 0.006424933671951294 0.03407883644104004 0.06174036115407944
0 0.9492699759347099 0.540381738117763 0.007308619362967355 0.0370262690952846 0.061355531215667725
0 0.4059521130153111 0.5321952956063407 0.007672514234270368 0.03500274249485561 0.06103824824094772
0 0.2431487696511405 0.546924386705671 0.009819831166948591 0.031682797840663364 0.06075604259967804
0 0.9453435625348773 0.5402025495256696 0.007440158299037388 0.037161793027605326 0.05992032587528229
0 0.3757788453783308 0.5407774107796806 0.008147716522216797 0.0375279358455113 0.0590774230659008
0 0.8526676722935268 0.542781148638044 0.00794635500226702 0.0389972414289202 0.05873279646039009
0 0.08684320109231132 0.529766389301845 0.006444735186440604 0.032903739384242466 0.05869737267494202
0 0.41500983919416157 0.516249247959682 0.004907471793038505 0.023702314921787808 0.0580909289419651
0 0.15302528653826034 0.544748170035226 0.009350180625915527 0.03341337612697056 0.05802086740732193
0 0.4105964388166155 0.5280873094286237 0.007402658462524414 0.03349665233067104 0.05793339014053345
0 0.39894090379987446 0.5351883343287877 0.007842711039951869 0.037417207445417135 0.05754717439413071
0 0.2607989822115217 0.5454722472599575 0.009834596088954381 0.03337226595197405 0.05730563774704933
0 0.05958921568734305 0.5262112958090646 0.005073432411466326 0.024970940181187222 0.057305432856082916
0 0.2385092122214181 0.5453668321881976 0.009681616510663713 0.032981736319405694 0.05641894042491913
0 0.3943271977560861 0.5370303562709263 0.007830347333635603 0.037384135382516046 0.05520433187484741
0 0.338785035269601 0.5442732402256557 0.009413480758666992 0.03542419842311314 0.054904717952013016
0 0.09560486248561315 0.5309113434382847 0.0069080931799752375 0.03608131408691406 0.054736632853746414
0 0.34860808508736746 0.5442331177847726 0.00933837890625 0.03541534287588937 0.05427611991763115
0 0.9539898463657924 0.5461007526942662 0.0076269422258649555 0.02711176872253418 0.0540250800549984
0 0.34328317642211914 0.5442089353288923 0.009392227445329939 0.03538938931056431 0.0538797564804554
0 0.3804119655064174 0.5405182838439941 0.008150475365774972 0.037898097719464986 0.053630758076906204
0 0.33391564232962473 0.5443013736179897 0.009465558188302177 0.03535621506827218 0.05292937904596329
0 0.38449532645089285 0.5402017661503383 0.008191755839756556 0.03815453393118722 0.05210050940513611
0 0.22993431772504533 0.5453289576939174 0.009698067392621721 0.032833712441580634 0.05206664651632309
0 0.3289712497166225 0.5445148604256767 0.009697777884347098 0.034694671630859375 0.05182385817170143
0 0.23401996067592076 0.5468674387250628 0.00969752243586949 0.03129982948303223 0.05178026109933853
0 0.4024251869746617 0.527050086430141 0.00635596684047154 0.029943772724696567 0.05152427777647972
0 0.3222109930855887 0.5446961947849819 0.009890692574637277 0.03419889722551618 0.050221528857946396
