0 0.96660430090768 0.5287731715611049 0.0052945273263113836 0.02597219603402274 0.12491079419851303
0 0.9630001613071987 0.5353790010724749 0.005818026406424386 0.03252404076712472 0.11318770051002502
0 0.9700217928205218 0.527703080858503 0.005234377724783761 0.024729354040963308 0.09806474298238754
0 0.9552340507507324 0.5336251940046038 0.0065893445696149555 0.0334045546395438 0.09207715839147568
0 0.94938782283238 0.5377751759120396 0.0067724500383649555 0.034819568906511576 0.08166014403104782
0 0.9241523742675781 0.5414672579084124 0.008285794939313616 0.03992370196751186 0.08035768568515778
0 0.08190102236611503 0.5355345521654401 0.0056702835219247 0.02881125041416713 0.08015229552984238
0 0.9721770286560059 0.5281131608145577 0.005202020917619977 0.025251831327165877 0.0797392800450325
0 0.9617910385131836 0.5291292326790946 0.005397592272077288 0.02612137794494629 0.07783431559801102
0 0.9344225611005511 0.5418626580919538 0.008266448974609375 0.04034553255353655 0.07692454755306244
0 0.9300365447998047 0.5418286323547363 0.008523123604910714 0.03859952517918178 0.07337290048599243
0 0.3955798830304827 0.5264405863625663 0.005381379808698382 0.02395493643624442 0.06841889768838882
0 0.5786406653267997 0.5420705931527274 0.00879601069859096 0.03994880403791155 0.06409025937318802
0 0.9427051544189453 0.5346150398254395 0.0061076028006417414 0.032844373158046176 0.058734312653541565
0 0.5827200753348214 0.5431884016309466 0.008998121534075056 0.03872489929199219 0.05859711766242981
0 0.9272916657584054 0.5445100920540946 0.008079392569405692 0.03382645334516253 0.05742381513118744
0 0.9396543502807617 0.5349158559526715 0.006681374141148159 0.033816678183419366 0.05428406223654747
0 0.9632275445120675 0.5265084675380162 0.004935128348214286 0.02389693260192871 0.05421551316976547
0 0.5894523348127093 0.5440074375697544 0.009053502764020647 0.03560730389186314 0.053087372332811356
0 0.3847106865474156 0.5374202728271484 0.007229396275111607 0.034523997988019674 0.05213544890284538
0 0.5744677952357701 0.5418468884059361 0.00885915756225586 0.040095738002232144 0.05172192305326462
