0 0.6083556583949498 0.5418475014822823 0.01248925072806222 0.0572173936026437 0.635369598865509
0 0.6026547295706612 0.5425312859671456 0.010806901114327567 0.055241244179861884 0.6349221467971802
0 0.6156150272914341 0.5415332657950265 0.012680803026471819 0.0565946102142334 0.6248679757118225
0 0.619741576058524 0.5406319754464286 0.010029860905238561 0.0430781500680106 0.6159144043922424
0 0.5999228613717216 0.5275132656097412 0.010379723140171595 0.06422110966273717 0.6096531748771667
0 0.5942955698285785 0.5398190362112862 0.012645176478794642 0.0565605844770159 0.4601336121559143
0 0.6241591998508998 0.5408125604901995 0.009915624346051897 0.04348029409136091 0.4502420127391815
0 0.3324810777391706 0.5433496747698102 0.010250295911516463 0.03520287786211286 0.3596184253692627
0 0.6294758660452706 0.5411313601902553 0.00989539282662528 0.04377542223249163 0.3531242311000824
0 0.8269166946411133 0.5404494149344308 0.00893613270350865 0.04141044616699219 0.29857200384140015
0 0.33713858468191965 0.5433675902230399 0.010254212788173131 0.03526817049298968 0.29699593782424927
0 0.8308185849870954 0.5403774125235421 0.008915560586111886 0.040966885430472236 0.2916373312473297
0 0.3266496317727225 0.5438789640154157 0.00998619624546596 0.03604967253548758 0.2579396367073059
0 0.835498401096889 0.5404223033360073 0.008165700095040458 0.03958610125950405 0.24778753519058228
0 0.3861851692199707 0.5388040202004569 0.009254285267421178 0.0357940537588937 0.21223080158233643
0 0.3815106323787144 0.5408503668648856 0.00942237036568778 0.036295686449323385 0.20279981195926666
0 0.8403560774666923 0.5407593250274658 0.0077397482735770086 0.04057448250906808 0.1999567449092865
0 0.6357463427952358 0.5414410318647113 0.009940011160714286 0.04389228139604841 0.19188359379768372
0 0.9999065399169922 0.5237716266087123 0.000186920166015625 0.08427633558000837 0.18638856709003448
0 0.8226449148995536 0.5323542186192104 0.007924965449741908 0.04064352171761649 0.17150399088859558
0 0.3915421962738037 0.5354969842093331 0.008186885288783483 0.03271852220807757 0.16979169845581055
0 0.8198832784380231 0.5411300999777657 0.008720534188406808 0.0411135128566197 0.16530296206474304
0 0.341282708304269 0.5491665431431362 0.010730436870029994 0.02531501225062779 0.16492681205272675
0 0.3453318050929478 0.5431017875671387 0.010264328547886439 0.03566793033054897 0.15398243069648743
0 0.3218710081917899 0.5440171446119036 0.009933165141514369 0.03600985663277762 0.15356411039829254
0 0.845045839037214 0.5408376625605992 0.007724625723702567 0.04087632043021066 0.1524813175201416
0 0.37482309341430664 0.5411201885768345 0.009466273444039481 0.0368689809526716 0.1316388100385666
0 0.37806361062186106 0.5466383525303432 0.009966816220964705 0.02693213735307966 0.1265345960855484
0 0.3503667967660086 0.5426978043147496 0.010156256811959403 0.03587906701224191 0.12353181838989258
0 0.7434154238019671 0.5425004618508475 0.009052753448486328 0.037891932896205356 0.12288126349449158
0 0.09787712778363909 0.5417951175144741 0.007680952548980713 0.034808499472481866 0.12225153297185898
0 0.5883144651140485 0.5381631510598319 0.011796270098005022 0.05373913901192801 0.12182104587554932
0 0.1013169458934239 0.5417658942086356 0.007668929440634591 0.034945828574044366 0.12137501686811447
0 0.3956571306501116 0.53153167452131 0.007654428482055664 0.03151430402483259 0.11983279883861542
0 0.8284500667027065 0.5273951121738979 0.007160936083112445 0.03788168089730399 0.11643816530704498
0 0.10493513516017369 0.5422054018293109 0.007815148149217879 0.035565784999302456 0.11546490341424942
0 0.092086774962289 0.5417776448386056 0.007629547800336566 0.03447580337524414 0.11183904856443405
0 0.9563578878130231 0.5408713136400495 0.007651873997279576 0.03829622268676758 0.10792189091444016
0 0.3992078644888742 0.5313442775181362 0.007550750459943499 0.03124281338282994 0.10785720497369766
0 0.40306486402239117 0.5344751902988979 0.007711512701851981 0.03281167575291225 0.10779773443937302
0 0.7378580229622977 0.542412553514753 0.009090423583984375 0.03863011087690081 0.10409270972013474
0 0.08810302189418248 0.5391270433153424 0.0072855353355407715 0.03384406226021903 0.10351785272359848
0 0.8162305014474052 0.5401629039219448 0.008553573063441686 0.03973892756870815 0.10324008017778397
0 0.10866584096636091 0.5394557884761265 0.007812389305659703 0.038060392652239115 0.10122153908014297
0 0.6326522827148438 0.5322367123195103 0.009738785879952567 0.06529358455113002 0.1005081832408905
0 0.09522993224007743 0.5367080824715751 0.007122610296521868 0.0332002980368478 0.09860225766897202
0 0.9531823566981724 0.5336605480739048 0.00682905742100307 0.035832813807896206 0.09832847118377686
0 0.8510228565761021 0.5412406921386719 0.007699898311070034 0.040155342647007534 0.09813020378351212
0 0.4096615655081613 0.5262551307678223 0.006682974951607841 0.02634828431265695 0.09671321511268616
0 0.4055572918483189 0.5265626566750663 0.0068340301513671875 0.026782103947230747 0.09634879231452942
0 0.748927252633231 0.5425009727478027 0.0088653564453125 0.038405384336199076 0.09602449834346771
0 0.9483387129647392 0.5378343718392509 0.007268496922084263 0.03881072998046875 0.09590556472539902
0 0.41186448505946566 0.533231360571725 0.007562398910522461 0.03332383292061942 0.09520096331834793
0 0.11164591142109462 0.543489830834525 0.008279306547982352 0.03573737825666155 0.09411083161830902
0 0.40734141213553293 0.5363269874027797 0.008037635258265905 0.03626625878470285 0.08840339630842209
0 0.35664939880371094 0.5422501904623849 0.009884357452392578 0.0363642828805106 0.08749966323375702
0 0.37880802154541016 0.5309686320168632 0.008209092276436942 0.036465508597237725 0.08473818004131317
0 0.36986477034432547 0.5413862977709089 0.009449550083705358 0.03709527424403599 0.08350422978401184
0 0.31628217015947613 0.5442050525120327 0.009929248264857702 0.03581128801618304 0.08286257833242416
0 0.41368579864501953 0.5260044506617955 0.006594998495919364 0.025938715253557478 0.08087658882141113
0 0.39424664633614676 0.5442052228110177 0.009095157895769392 0.030556338174002513 0.08078665286302567
0 0.0855429938861302 0.54494309425354 0.00782726492200579 0.030461651938302175 0.0793350338935852
0 0.08340946265629359 0.5360524654388428 0.006898181779044015 0.03278289522443499 0.07636423408985138
0 0.9441644123622349 0.5383013316563198 0.00710984638759068 0.03934243747166225 0.07470810413360596
0 0.11640020779200963 0.5436222212655204 0.008255115577152796 0.03578407423836844 0.0735212042927742
0 0.8340966360909599 0.5272009372711182 0.007067748478480748 0.037940842764718194 0.07266112416982651
0 0.3405939170292446 0.534663370677403 0.009986128125871931 0.04371772493634905 0.07204526662826538
0 0.8378124237060547 0.528761625289917 0.0076945168631417414 0.038362434932163784 0.06957288086414337
0 0.36349197796412874 0.5417342185974121 0.009555952889578683 0.0369696957724435 0.06478695571422577
0 0.6415168217250279 0.5403039114815849 0.009490830557686942 0.04553893634251186 0.062091268599033356
0 0.8126974105834961 0.5417308807373047 0.008620057787214006 0.040074314389910014 0.06206197291612625
0 0.08008142880031041 0.5350557735988072 0.006638262953077044 0.03195462908063616 0.0583927296102047
0 0.7267965589250837 0.543015684400286 0.008935996464320592 0.03747023854936872 0.05834614858031273
0 0.7308556692940849 0.5440090043204171 0.009013516562325614 0.037238631929670064 0.05796941742300987
0 0.7338279996599469 0.5366081510271344 0.008721147264753069 0.04001702581133161 0.05618545040488243
0 0.12147585834775652 0.5437549522944859 0.008209024156842912 0.03592940739222935 0.055720485746860504
0 0.9615193775721959 0.5404276166643415 0.00791018349783761 0.039053644452776225 0.054662153124809265
0 0.9405221939086914 0.5384256839752197 0.007056576865059989 0.03950813838413784 0.05372827500104904
0 0.42092868259974886 0.5253970963614327 0.006548166275024414 0.025141136986868724 0.05231573432683945
0 0.527906962803432 0.5150313377380371 0.005573953901018415 0.022022553852626255 0.051338475197553635
0 0.740804740360805 0.5346950122288295 0.00853375026157924 0.04203367233276367 0.05013065040111542
