0 0.6993634360177177 0.5377826690673828 0.011538573673793249 0.046447890145438056 0.6199994683265686
0 0.6930395535060337 0.5377159459250314 0.01162311008998326 0.048065185546875 0.6188586354255676
0 0.7036711147853306 0.5398224421909877 0.009704453604561942 0.04291422026497977 0.6169850826263428
0 0.710083144051688 0.539900643484933 0.009573663984026228 0.043228319713047574 0.434611052274704
0 0.6860679898943219 0.5389338902064732 0.010903017861502511 0.04824035508292062 0.3931974172592163
0 0.6894032614571708 0.5291601589747837 0.009134360722133092 0.04872662680489676 0.3460204601287842
0 0.7078029087611607 0.5289136341639927 0.008679321834019251 0.04835731642586844 0.2879720628261566
0 0.7142336709158761 0.5347260747637067 0.008969238826206751 0.044165338788713725 0.20585711300373077
0 0.6805659702845982 0.5394712175641742 0.01090656008039202 0.048013312476021905 0.1683291792869568
0 0.386159930910383 0.5364467075892857 0.008603300367082869 0.03781076839991978 0.16007088124752045
0 0.3910902908870152 0.5338169506617955 0.008269650595528739 0.035726002284458706 0.1506042778491974
0 0.38233000891549246 0.53877135685512 0.008819818496704102 0.03915313311985561 0.13316710293293
0 0.9536158016749791 0.5416205610547747 0.008038520812988281 0.031722818102155416 0.12968972325325012
0 0.3939875875200544 0.5292437417166573 0.008130277906145369 0.03366286414010184 0.12057645618915558
0 0.38800076075962614 0.5268966129847935 0.007211617061070034 0.031048195702689036 0.10904539376497269
0 0.37841973985944477 0.5389264651707241 0.008803537913731166 0.0394960812159947 0.1069871261715889
0 0.9462433542524066 0.5387734004429409 0.00833742959158761 0.04005653517586844 0.10439236462116241
0 0.7181907381330218 0.5400755064828056 0.009491852351597376 0.04351721491132464 0.10302618891000748
0 0.0868656975882394 0.5418686185564313 0.007191274847303118 0.03293006760733468 0.09677376598119736
0 0.09072572844369071 0.5419728074754987 0.007143727370670864 0.03311545508248465 0.09505792707204819
0 0.039734912770135064 0.5192796162196568 0.004370970385415214 0.01849954468863351 0.08882851153612137
0 0.09492978879383632 0.5420569692339215 0.007115857941763741 0.03322768211364746 0.08789650350809097
0 0.08308255672454834 0.5410553046635219 0.007128110953739711 0.03257131576538086 0.0876813679933548
0 0.3980585166386196 0.5348743370601109 0.008612768990652902 0.03809431621006557 0.08690950274467468
0 0.40028394971575054 0.5254628998892648 0.007269348417009626 0.028806992939540317 0.0827900618314743
0 0.8434070859636579 0.543360846383231 0.00900684084211077 0.03652310371398926 0.08215119689702988
0 0.9573406491960798 0.5383190427507673 0.007948262350899833 0.040821381977626255 0.0818057656288147
0 0.41508473668779644 0.520531177520752 0.0064596448625837055 0.0250436578478132 0.08154422044754028
0 0.4041997364589146 0.5252575874328613 0.00721151488167899 0.028263602937970842 0.08146467804908752
0 0.09955871105194092 0.5421650069100517 0.007123070103781564 0.03334205491202218 0.08084098994731903
0 0.9498966080801827 0.5337298938206264 0.00794219970703125 0.0383537837437221 0.07965471595525742
0 0.9407884052821568 0.5393390655517578 0.008172920772007533 0.04057386943272182 0.076783187687397
0 0.08031074489865984 0.5384905338287354 0.006702218736921038 0.032072135380336216 0.07617222517728806
0 0.4193268503461565 0.5203635351998466 0.006391150610787528 0.02452986580984933 0.07411821186542511
0 0.10326341220310756 0.5424551963806152 0.007226611886705671 0.0335169860294887 0.07409675419330597
0 0.12533157212393625 0.5441742624555316 0.00815497977393014 0.034008332661220005 0.07368061691522598
0 0.8848277500697544 0.5429233142307827 0.009197371346609933 0.03793845857892718 0.07305382192134857
0 0.41126629284449984 0.5207430975777763 0.006540366581508091 0.025526796068464006 0.07246042788028717
0 0.1209133437701634 0.5441913604736328 0.008152008056640625 0.033936773027692525 0.07235714793205261
0 0.8497837611607143 0.5432094165257045 0.009132998330252511 0.03651319231305804 0.07146217674016953
0 0.043766136680330546 0.5235371589660645 0.005008552755628314 0.02085832187107631 0.06994135677814484
0 0.10704388788768224 0.5428039346422467 0.0073326655796595985 0.03372383117675781 0.06838340312242508
0 0.5390757152012416 0.5218417985098702 0.007733072553362165 0.035646063940865655 0.06817255169153214
0 0.29686457770211355 0.5454822608402797 0.009488139833722795 0.03389944349016462 0.0680963471531868
0 0.13020191873822892 0.544156551361084 0.008144591535840715 0.03408898626055036 0.0672665387392044
0 0.5428286279950824 0.5260584694998605 0.008681024823869978 0.03992509841918945 0.06644707173109055
0 0.8777473994663784 0.543010779789516 0.009059156690325056 0.037119967596871514 0.06623315066099167
0 0.8545692988804409 0.5431363242013114 0.009303297315325056 0.03633345876421247 0.06451259553432465
0 0.5207859107426235 0.5149364471435547 0.005985123770577567 0.025078739438738142 0.06365769356489182
0 0.11542466708592006 0.5438555308750698 0.007944353989192418 0.03400792394365583 0.06355184316635132
0 0.11062100955418178 0.5433754920959473 0.007656548704419818 0.033928496497018 0.06343012303113937
0 0.2921299253191267 0.5454540252685547 0.009557689939226423 0.03382423945835659 0.06336111575365067
0 0.5294899259294782 0.5110548564365932 0.005459002086094448 0.023865597588675364 0.06309781223535538
0 0.8375817707606724 0.5422890526907784 0.008677823202950614 0.03746850149972098 0.062437206506729126
0 0.37082208905901226 0.5402419226510184 0.008715050561087472 0.03898055212838309 0.061559565365314484
0 0.6754084995814732 0.5398106575012207 0.010959761483328683 0.04781453950064523 0.06041618436574936
0 0.5356669425964355 0.5214988163539341 0.0077746595655168805 0.035450288227626255 0.060108572244644165
0 0.3014708587101528 0.5454809665679932 0.009466375623430525 0.03394249507359096 0.06008569151163101
0 0.5253335407802037 0.5115534578050885 0.006268739700317383 0.030045373099190847 0.058581575751304626
0 0.5276745387486049 0.5159876005990165 0.006857224873134068 0.03149025780814035 0.05772031843662262
0 0.047155448368617466 0.5192544119698661 0.004228476967130389 0.018442085811070034 0.05754842981696129
0 0.4239768981933594 0.5199505261012486 0.006314618246895927 0.023872307368687222 0.056508712470531464
0 0.03741667951856341 0.5239569459642682 0.005020207592419216 0.020962510790143694 0.056345924735069275
0 0.8234687532697406 0.5417171886989048 0.008910383496965681 0.03820719037737165 0.05609749257564545
0 0.40677036557878765 0.5209360122680664 0.006601129259381976 0.025907584599086216 0.0549747459590435
0 0.1355105468205043 0.5441412925720215 0.00814648185457502 0.034127814429146905 0.053829167038202286
0 0.5480387210845947 0.5311892713819232 0.010019779205322266 0.047473294394356866 0.0531829372048378
0 0.3059462479182652 0.5455053874424526 0.009465558188302177 0.0338869435446603 0.052793536335229874
0 0.9371119907924107 0.5394818101610456 0.008106844765799386 0.040884699140276225 0.052014440298080444
0 0.5844933646065849 0.5383531706673759 0.010606425149100167 0.04829995972769601 0.050888851284980774
0 0.859856264931815 0.543128490447998 0.009346553257533483 0.036234685352870395 0.05076234042644501
0 0.5781547001429966 0.5371448653084892 0.010586397988455636 0.049724885395595005 0.05050108581781387
0 0.07476556301116943 0.534883873803275 0.006021525178636823 0.030500411987304688 0.050308529287576675
0 0.531494174684797 0.5206710270472935 0.007790224892752511 0.03501984051295689 0.050251469016075134
0 0.5340413706643241 0.5110796519688198 0.005667141505650112 0.024891512734549388 0.05011927708983421
