0 0.421868051801409 0.5264594214303153 0.00886399405343192 0.03316726003374372 0.6184529066085815
0 0.4156935555594308 0.5281258991786412 0.009431634630475725 0.03671227182660784 0.5565003752708435
0 0.4254922866821289 0.5235330717904227 0.008338042667933874 0.03301865713936942 0.5317729115486145
0 0.9999557903834752 0.495967047555106 8.841923304966517e-05 0.03819046701703753 0.487566202878952
0 0.41231598172869 0.5330098697117397 0.009518214634486608 0.0411503655569894 0.46357282996177673
0 0.4194553920200893 0.5370877810886928 0.009144135883876256 0.04252852712358747 0.4036276638507843
0 0.4081188610621861 0.5335277148655483 0.009859834398542131 0.04199470792497907 0.3504261076450348
0 0.42948150634765625 0.5197152410234723 0.007785047803606305 0.03322257314409528 0.1987820267677307
0 0.40202018192836214 0.5391196182795933 0.00934737069266183 0.04279892785208566 0.19750386476516724
0 0.41954020091465544 0.5180496488298688 0.007222209657941546 0.0434657164982387 0.1812087595462799
0 0.42700157846723286 0.5373225212097168 0.009161063602992467 0.04219508171081543 0.1744125485420227
0 0.8924089840480259 0.5437535558428083 0.009386880057198661 0.03787544795445034 0.16719922423362732
0 0.39843378748212543 0.5442590713500977 0.009774480547223772 0.032005105699811666 0.14998838305473328
0 0.8882164273943219 0.5437742641993931 0.009493895939418249 0.03778212411063058 0.1483454704284668
0 0.08853826352528163 0.5431473255157471 0.00804187570299421 0.034774644034249444 0.14524933695793152
0 0.9662365913391113 0.539344140461513 0.008656501770019531 0.04250063214983259 0.1284298151731491
0 0.9750378472464425 0.5490768296377999 0.007800102233886719 0.029810803277151927 0.1253284215927124
0 0.899421146937779 0.5436406135559082 0.00936126708984375 0.03796144894191197 0.12443857640028
0 0.0926415239061628 0.5433528763907296 0.008106308323996407 0.03476112229483468 0.12408159673213959
0 0.9703730855669294 0.5364538942064557 0.008053779602050781 0.04076331002371652 0.11788565665483475
0 0.08145299979618617 0.5420315265655518 0.007728329726627895 0.03514351163591657 0.11569910496473312
0 0.5551058905465263 0.5309117180960519 0.0090092590876988 0.0433459963117327 0.11299212276935577
0 0.9622550010681152 0.5393682547977993 0.008969443184988839 0.042684691292898994 0.11096182465553284
0 0.5602644511631557 0.5353255953107562 0.00978125844682966 0.04592132568359375 0.1024557575583458
0 0.5509893894195557 0.528071539742606 0.008161476680210658 0.0372953074319022 0.10228999704122543
0 0.0973693813596453 0.5435437134334019 0.008114550794873918 0.03469780513218471 0.10139498859643936
0 0.896134512765067 0.5378603935241699 0.009346757616315569 0.04938742092677525 0.09950284659862518
0 0.39515795026506695 0.5393388611929757 0.009312731879098075 0.04252396311078753 0.09798883646726608
0 0.9050694874354771 0.5433785574776786 0.009201935359409876 0.0381138665335519 0.09737417846918106
0 0.11418395383017403 0.5450882911682129 0.008395782538822718 0.03386269296918597 0.09688025712966919
0 0.41008622305733816 0.5215216023581368 0.007447753633771624 0.03924812589372907 0.09568433463573456
0 0.108878493309021 0.5447211606161935 0.008265095097678048 0.033967903682163784 0.09276936948299408
0 0.1010758365903582 0.5438464369092669 0.00812464952468872 0.03448479516165597 0.09187592566013336
0 0.10491032259804862 0.5441254547664097 0.008141611303601946 0.034289155687604635 0.08936472237110138
0 0.9578213010515485 0.5405608585902623 0.008519785744803292 0.04164644650050572 0.0869908481836319
0 0.4329861232212612 0.5164342607770648 0.006488186972481864 0.024700845990862166 0.08628294616937637
0 0.8822331428527832 0.5444074358258929 0.00942584446498326 0.036503689629690986 0.08554284274578094
0 0.5481763226645333 0.5228639330182757 0.007244041987827846 0.032860245023454936 0.0842231810092926
0 0.6383238519941058 0.5446172441755023 0.010078838893345423 0.036373444965907505 0.08167563378810883
0 0.6319048745291573 0.5432045119149345 0.010655471256801061 0.039784840175083706 0.08065658807754517
0 0.5643906593322754 0.5369276319231305 0.010150398526872908 0.047596829278128486 0.07874304801225662
0 0.9127810341971261 0.5427707263401577 0.008858203887939453 0.03880453109741211 0.07647018879652023
0 0.12048954623086112 0.5453455448150635 0.008447417191096715 0.03383445739746094 0.07471780478954315
0 0.9997015680585589 0.5172548975263324 0.0005968638828822545 0.03295670236860003 0.07175459712743759
0 0.0783449751990182 0.5391748973301479 0.007260688713618687 0.03457549640110561 0.0714842900633812
0 0.568781920841762 0.5370531763349261 0.010082415172031947 0.04825758934020996 0.07016114145517349
0 0.5425446714673724 0.5222100189753941 0.007167066846575055 0.03159468514578683 0.06954168528318405
0 0.34158458028520855 0.5455711228506905 0.009391648428780692 0.03530655588422503 0.06713846325874329
0 0.04389407805034092 0.5249813624790737 0.0050649089472634455 0.023923431124006 0.06472180038690567
0 0.6263345990862165 0.5426150049482074 0.010601520538330078 0.04034355708530971 0.0629895031452179
0 0.40455637659345356 0.5239529609680176 0.0073375701904296875 0.042331695556640625 0.0627652183175087
0 0.5761177880423409 0.5374359403337751 0.010025501251220703 0.048285995210920064 0.06087706983089447
0 0.5393822533743722 0.5219291959490094 0.007074287959507534 0.03081536293029785 0.06078072264790535
0 0.049848441566739767 0.5261929716382708 0.0055735792432512555 0.024600914546421597 0.06020084023475647
0 0.5453691141945975 0.5183995791843959 0.006902490343366351 0.032328401293073385 0.059950441122055054
0 0.8848738670349121 0.5499326842171806 0.008857590811593192 0.024570465087890625 0.05981863662600517
0 0.3352563721793039 0.5459637641906738 0.009300061634608678 0.0353048528943743 0.05978689715266228
0 0.5349436146872384 0.5160632814679827 0.005658354078020368 0.02294768605913435 0.0597783625125885
0 0.04594317504337856 0.5340436186109271 0.006827554532459804 0.03468186514718192 0.0592222586274147
0 0.8778904506138393 0.544518266405378 0.009216785430908203 0.03651513372148786 0.059147339314222336
0 0.9336752210344587 0.5401350430079869 0.1326495579310826 0.02429539816720145 0.0589197538793087
0 0.5263231141226632 0.515829222542899 0.005195038659232003 0.020715270723615373 0.05887594446539879
0 0.3487068584987095 0.5452675138201032 0.009384700230189733 0.03520332063947405 0.05810920521616936
0 0.9746785845075335 0.5302236420767648 0.007235527038574219 0.03754019737243652 0.057381320744752884
0 0.1465273584638323 0.5456159455435616 0.008218305451529366 0.034007106508527486 0.05639883875846863
0 0.04147200073514666 0.5252759797232491 0.00499126740864345 0.023710693631853377 0.055167511105537415
0 0.12562962940761022 0.5453601564679827 0.008434201989855086 0.03389906883239746 0.05512328818440437
0 0.4372743197849819 0.5163734299795968 0.006272588457380023 0.023892232349940708 0.054014258086681366
0 0.5309631483895438 0.5202299186161586 0.006191628319876534 0.024167401450020925 0.053074222058057785
0 0.5372136660984584 0.5166735649108887 0.0063474178314208984 0.02732675416128976 0.0516430102288723
0 0.1418952430997576 0.5454672404697963 0.008345629487718855 0.034026929310389926 0.051103636622428894
0 0.08625880309513637 0.5347843510763985 0.007429718971252441 0.0350583621433803 0.050904225558042526
0 0.6219315528869629 0.541827951158796 0.01049872807094029 0.04159736633300781 0.05020548403263092
