0 0.5722043173653739 0.5394540854862758 0.008830342973981584 0.04430219105311802 0.13176380097866058
0 0.5774814060756138 0.5398598057883126 0.008978503090994698 0.0438568251473563 0.101457878947258
0 0.3926243100847517 0.5332093238830566 0.007115943091256278 0.03324641500200544 0.09573265165090561
0 0.4043299470629011 0.5254246166774205 0.005792209080287388 0.02370752607073103 0.08848091214895248
0 0.4042389052254813 0.5356472560337612 0.007351364408220563 0.03313040733337402 0.08565603941679001
0 0.9551220621381488 0.5306662831987653 0.006061690194266183 0.034342357090541294 0.07753221690654755
0 0.5335125923156738 0.5201240267072406 0.0054002148764474055 0.020191056387765065 0.07640489190816879
0 0.9233467919485909 0.539574418749128 0.008201462881905692 0.04421516827174595 0.0749729722738266
0 0.5818279811314174 0.5401228496006557 0.008834498269217355 0.04422225270952497 0.07449065893888474
0 0.9532079696655273 0.5278667381831578 0.005491052355085101 0.031438078199114115 0.07087312638759613
0 0.5846296037946429 0.5367623397282192 0.008962699345179967 0.045214993613106866 0.06988665461540222
0 0.9424990245274135 0.5347648348127093 0.0070776258196149555 0.03891549791608538 0.06978052109479904
0 0.3960066182272775 0.529519762311663 0.006801128387451172 0.03213592938014439 0.0682426169514656
0 0.3664084162030901 0.5346204553331647 0.00775252069745745 0.033397061484200616 0.0662887915968895
0 0.0815443822315761 0.5391620908464704 0.0064211998667035785 0.028805460248674666 0.061244066804647446
0 0.3827807903289795 0.5386166572570801 0.007996150425502233 0.034557035991123745 0.06013838201761246
0 0.950606209891183 0.5342481476919991 0.00679853984287807 0.03930129323686872 0.06005122512578964
0 0.4112823009490967 0.5242764949798584 0.005603177206856864 0.022618634360177175 0.05847220495343208
0 0.5398740768432617 0.5246477808271136 0.006295408521379743 0.026516948427472795 0.057214636355638504
0 0.3755126680646624 0.5334821769169399 0.0074590955461774555 0.034452506474086216 0.056780923157930374
0 0.9572395597185407 0.5259111268179757 0.005864279610770089 0.029010466166904995 0.056642692536115646
0 0.413790225982666 0.5242738042558942 0.005647829600742885 0.02273096357073103 0.05533358082175255
0 0.3857481820242746 0.534193856375558 0.007149832589285714 0.034234080995832174 0.05470949038863182
0 0.5892602375575474 0.5394298689705985 0.00915595463344029 0.0443697316305978 0.05453331395983696
0 0.9450431551252093 0.5377714293343681 0.007017339978899274 0.040049961635044644 0.05410556495189667
0 0.4170254298618862 0.524271045412336 0.0055812086377825055 0.022621767861502513 0.053825389593839645
0 0.9654724938528878 0.5207230363573346 0.005019596644810268 0.022426741463797435 0.05350720137357712
0 0.9471697126116071 0.5345685141427177 0.006681237901960101 0.0400303772517613 0.05318165197968483
0 0.4197453090122768 0.5241646766662598 0.005545275551932198 0.021694421768188477 0.0529789999127388
0 0.3801381928580148 0.5330946445465088 0.007344824927193778 0.0337493760245187 0.05292113125324249
0 0.5382036481584821 0.5202833243778774 0.005536862782069615 0.023546014513288225 0.05178419128060341
0 0.5355591773986816 0.519866807120187 0.005427530833653041 0.022334439413888112 0.051666248589754105
0 0.5345872129712786 0.5248797280447823 0.006260054452078683 0.024301222392490933 0.05014466494321823
