0 0.9566417421613421 0.5316199575151715 0.00683178220476423 0.03389876229422433 0.36487877368927
0 0.9645217486790248 0.5265904835292271 0.005755152021135602 0.027748005730765208 0.3124983310699463
0 0.9607390676225934 0.5277292387826102 0.0061898912702287945 0.030368736812046597 0.31053784489631653
0 0.932603086744036 0.5403297969273159 0.00818007332938058 0.03820061683654785 0.28511810302734375
0 0.9534511566162109 0.5317495891026088 0.00682626451764788 0.03459617069789341 0.2839851379394531
0 0.6123589106968471 0.5428421497344971 0.009324414389474052 0.03689432144165039 0.28003981709480286
0 0.6081548418317523 0.5428504603249686 0.009298392704554967 0.03688253675188337 0.276658296585083
0 0.928081921168736 0.5412470953805106 0.00825084958757673 0.037509066717965264 0.27541279792785645
0 0.9376296997070312 0.5403525488717216 0.008215631757463728 0.03819465637207031 0.2644634544849396
0 0.6189677374703544 0.5428093842097691 0.009522029331752233 0.03683532987322126 0.25586435198783875
0 0.6235957826886859 0.5432884352547782 0.009437901633126395 0.03643608093261719 0.24863354861736298
0 0.9447090966360909 0.5403486660548619 0.008263451712472098 0.038274288177490234 0.23996330797672272
0 0.6032924652099609 0.5423836026872907 0.009389400482177734 0.0371664251599993 0.23652909696102142
0 0.958355222429548 0.5407068388802665 0.007617064884730748 0.03781921522957938 0.22784213721752167
0 0.6302227292742048 0.5440073694501605 0.009149891989571708 0.035783086504255025 0.22608636319637299
0 0.9484740665980748 0.5350523335593087 0.007340567452566964 0.036297457558768134 0.22161273658275604
0 0.9407164028712681 0.536273751940046 0.00782367161342076 0.036931753158569336 0.21761763095855713
0 0.9219033377511161 0.5432359150477818 0.009322779519217355 0.03568094117300851 0.20503315329551697
0 0.9634271349225726 0.5374083518981934 0.0077996935163225445 0.03938017572675433 0.19798485934734344
0 0.6355834688459124 0.5443575722830636 0.009141581399100167 0.035529102597917826 0.15839584171772003
0 0.9673119272504535 0.5230814048222133 0.005625179835728237 0.027760233197893416 0.15795937180519104
0 0.91624573298863 0.5438334601266044 0.009701592581612723 0.03539589473179409 0.1523800790309906
0 0.9713972636631557 0.5219719750540597 0.0051419394356863836 0.024580138070242747 0.13256289064884186
0 0.9112682342529297 0.5439233439309257 0.009719439915248327 0.03543261119297573 0.12740649282932281
0 0.5958679062979562 0.5416782242911202 0.008992740086146764 0.039482559476579936 0.12345102429389954
0 0.9528294290815081 0.5456100191388812 0.00840146200997489 0.03478401047842843 0.12297329306602478
0 0.11274538721357073 0.5434524672372001 0.0074719105448041645 0.03292570795331683 0.12283969670534134
0 0.4292689050946917 0.5256060872759137 0.00530167988368443 0.020925521850585938 0.12161524593830109
0 0.9005910328456334 0.544017996106829 0.009619917188371931 0.03581207139151437 0.11311716586351395
0 0.10839012690952846 0.5429250853402274 0.00731252772467477 0.03264852932521275 0.11257075518369675
0 0.11709588766098022 0.5442865235464913 0.007953967366899763 0.03288429124014718 0.1104409322142601
0 0.9057953017098563 0.5440001487731934 0.009674344744001116 0.035663298198154995 0.1099114641547203
0 0.1598933253969465 0.5478634834289551 0.009231328964233398 0.031077963965279714 0.1091688945889473
0 0.8927292142595563 0.5446248054504395 0.0095346314566476 0.03548680033002581 0.10854039341211319
0 0.1671764850616455 0.5481412751334054 0.009373818125043596 0.031058754239763533 0.10522150248289108
0 0.6273849351065499 0.5353578158787319 0.009243692670549666 0.045001064028058736 0.10507342964410782
0 0.6402873992919922 0.5445137023925781 0.009152344294956751 0.03550645283290318 0.09926605224609375
0 0.6001311029706683 0.5355001517704555 0.009559358869280134 0.04501908166067941 0.09897404909133911
0 0.4315403870173863 0.5204428264072963 0.0046591077532087055 0.018632582255772183 0.09757990390062332
0 0.8528823852539062 0.5471111025129046 0.009473936898367745 0.032046352113996236 0.09674879163503647
0 0.8583265713282994 0.5471438339778355 0.009561947413853236 0.03201041902814593 0.0962265133857727
0 0.10461892400469099 0.5424743720463344 0.007144280842372349 0.03266034807477679 0.09610936045646667
0 0.16359833308628627 0.5424261774335589 0.00908245359148298 0.03941031864711216 0.09468984603881836
0 0.17164138385227748 0.5464280673435756 0.009287374360220773 0.03319038663591657 0.09213501960039139
0 0.15497892243521555 0.5459983689444405 0.009006517274039132 0.033068690981183736 0.09189166873693466
0 0.2489581789289202 0.5483275822230748 0.009741595813206263 0.030688796724591936 0.09043125808238983
0 0.8970954077584403 0.5506811823163714 0.009801796504429408 0.023968117577689036 0.08914432674646378
0 0.4348139762878418 0.520209721156529 0.004821947642735073 0.018543618065970286 0.0891064777970314
0 0.8871402740478516 0.5452137674604144 0.009533337184361048 0.03463155882699149 0.08561985939741135
0 0.04290758286203657 0.5250790119171143 0.005260535648890904 0.02425881794520787 0.08527377247810364
0 0.05142773900713239 0.5261017595018659 0.005081121410642352 0.023824146815708706 0.08309291303157806
0 0.1000074999673026 0.542269059589931 0.007080784865788051 0.03294713156563895 0.08281601220369339
0 0.1224299498966762 0.5448502131870815 0.008337931973593575 0.032948459897722514 0.08207938820123672
0 0.5909591402326312 0.5414770671299526 0.008748054504394531 0.04016648020063128 0.08041422069072723
0 0.8615423611232212 0.5522809369223458 0.009487288338797433 0.021557535443987166 0.07914815843105316
0 0.13475792748587473 0.5453245299203056 0.008522110325949532 0.0330287047794887 0.0777478739619255
0 0.15083949906485422 0.5457393101283482 0.008809668677193778 0.033108677182878764 0.07744845002889633
0 0.05416470340320042 0.5261845588684082 0.0050737857818603516 0.02399277687072754 0.07685801386833191
0 0.8661957468305316 0.5471017701285226 0.009545598711286272 0.03196351868765695 0.07554012537002563
0 0.42663570812770296 0.5204583576747349 0.004661628178187779 0.018684489386422292 0.07470979541540146
0 0.2549659013748169 0.5482230527060372 0.009660448346819197 0.030858312334333147 0.07446315139532089
0 0.24191508974347795 0.5481840542384556 0.009682842663356237 0.03055558885846819 0.07341603934764862
0 0.06154990196228027 0.5312351499285016 0.00573429891041347 0.02866387367248535 0.0731632336974144
0 0.047830556120191305 0.5207477297101702 0.004647787128176008 0.02127882412501744 0.07308901846408844
0 0.14045395169939315 0.5454925128391811 0.008612266608646937 0.033078398023332865 0.07297226786613464
0 0.09579621042524065 0.542041710444859 0.0070247479847499305 0.033105169023786275 0.07257936149835587
0 0.06813591718673706 0.5352527754647392 0.006003435168947492 0.03067169870649065 0.07243471592664719
0 0.437596184866769 0.5204747063773019 0.004743814468383789 0.0187161990574428 0.07242560386657715
0 0.04549644674573626 0.5205599239894322 0.004755594900676182 0.021774496350969588 0.07145120203495026
0 0.1757983991077968 0.5444072314671108 0.009267398289271764 0.03496606009347098 0.07136741280555725
0 0.5285022258758545 0.5249221665518624 0.006252356937953404 0.027609927313668386 0.0712793618440628
0 0.1292506456375122 0.5452380520956857 0.008482379572732108 0.03296089172363281 0.07101497799158096
0 0.06473970413208008 0.5350034577505929 0.006113644157137189 0.030635050364903042 0.07079632580280304
0 0.14618655613490514 0.5455900600978306 0.008678691727774484 0.033111708504813056 0.06987060606479645
0 0.5858824593680245 0.5414703914097377 0.00864403588431222 0.040441887719290595 0.06946700811386108
0 0.8827719688415527 0.5441646235329765 0.009902817862374442 0.03610713141305106 0.0691225677728653
0 0.08535483053752355 0.5392691748482841 0.006634882518223354 0.03270973478044782 0.06904365867376328
0 0.05898983137948172 0.5308515003749302 0.005762308835983276 0.02869595800127302 0.06894814968109131
0 0.5314076968601772 0.5212174143110003 0.00575814928327288 0.0262056759425572 0.0687650740146637
0 0.4320101056780134 0.5294772556849888 0.006223303931100028 0.02778172492980957 0.06820251792669296
0 0.08151907580239433 0.53901549748012 0.006488621234893799 0.03292219979422433 0.06755524128675461
0 0.5805349349975586 0.5413798945290702 0.008572305951799666 0.040669918060302734 0.06742344796657562
0 0.04985883406230381 0.5208277702331543 0.004576214722224644 0.021302189145769392 0.0673535093665123
0 0.09207306589399065 0.5419377940041679 0.007071001189095634 0.03316238948277065 0.06574758887290955
0 0.07114011475018092 0.5356536592755999 0.005898552281515939 0.031030348369053433 0.06565006077289581
0 0.5341012818472726 0.5213672092982701 0.005730799266270229 0.02638091359819685 0.06551054120063782
0 0.056521130459649224 0.5306025913783482 0.005781871931893485 0.028561762401035855 0.06534956395626068
0 0.5485907963344029 0.5345095906938825 0.00807649748665946 0.03905289513724191 0.06524752080440521
0 0.6454742976597377 0.5447889396122524 0.009177139827183314 0.03546598979404995 0.06522908806800842
0 0.5366146223885673 0.5268151078905378 0.006601640156337193 0.03090967450823103 0.06482791155576706
0 0.843740599496024 0.5472395760672433 0.009306635175432478 0.03164809090750558 0.06476219743490219
0 0.046432043824877055 0.5284997395106724 0.005903920957020351 0.0291860784803118 0.06407395750284195
0 0.8491836275373187 0.5425480433872768 0.009972504207066126 0.041321243558611186 0.06393733620643616
0 0.4274770872933524 0.5295384270804269 0.006183113370622907 0.027570860726492747 0.06391005218029022
0 0.06326884031295776 0.5266314915248326 0.005048449550356183 0.0243591240474156 0.06368932127952576
0 0.871168681553432 0.546980619430542 0.009559903826032366 0.032003470829554966 0.06117980182170868
0 0.18020059381212508 0.5461970738002232 0.009227139609200614 0.03298865045819964 0.05972752347588539
0 0.2597372531890869 0.546356167112078 0.009661010333469935 0.03303888865879604 0.059614814817905426
0 0.12510195800236293 0.5508808408464704 0.008658255849565779 0.02312568255833217 0.05939576402306557
0 0.8778517586844308 0.5466969353812081 0.009558609553745814 0.032314845493861606 0.058531906455755234
