0 0.10417367730821882 0.5435412270682198 0.007361505712781634 0.033164841788155694 0.1778031885623932
0 0.10045371736798968 0.5434600285121373 0.007354625633784703 0.03330111503601074 0.1677892506122589
0 0.9550172942025321 0.5312170301164899 0.0062204088483537945 0.03211280277797154 0.16475991904735565
0 0.10872490916933332 0.5438054629734584 0.007608107158115932 0.03347328730991909 0.16387872397899628
0 0.09726141180310931 0.543335097176688 0.0073340024266924176 0.033436128071376255 0.15393628180027008
0 0.934685298374721 0.5413622856140137 0.008455821446010045 0.03635007994515555 0.15015748143196106
0 0.9602452005658831 0.5272059781210763 0.005832808358328683 0.028417655399867466 0.14475858211517334
0 0.9385794912065778 0.5412356512887138 0.008475984845842634 0.036478791918073385 0.14398017525672913
0 0.9576850618634906 0.5268571717398507 0.00562701906476702 0.028080429349626814 0.14340290427207947
0 0.09388448510851179 0.5432220527103969 0.007322617939540318 0.03353745596749442 0.13997387886047363
0 0.547391550881522 0.5272610868726458 0.0062950679234095985 0.03102602277483259 0.13938839733600616
0 0.9125978606087821 0.5439653056008475 0.009343419756208147 0.03448493140084403 0.13835033774375916
0 0.9165067672729492 0.5434850284031459 0.009090219225202287 0.03464286667960031 0.13780519366264343
0 0.5448812416621617 0.533451897757394 0.007781914302280971 0.03937356812613351 0.1339268535375595
0 0.9300987379891532 0.541487319128854 0.008430344717843192 0.03618621826171875 0.1331355720758438
0 0.11451264790126256 0.5442593097686768 0.008508622646331787 0.033490657806396484 0.13100257515907288
0 0.5504821028028216 0.5275301252092633 0.006283555712018695 0.031319107328142436 0.12818826735019684
0 0.10653024911880493 0.5365770203726632 0.007872070584978377 0.03765463829040527 0.12549343705177307
0 0.08824935129710607 0.5426686831883022 0.007162417684282575 0.03332587650844029 0.12369798123836517
0 0.11941049780164446 0.5444818905421666 0.008683017321995326 0.033598627362932475 0.1221124678850174
0 0.555736609867641 0.5347139835357666 0.007412569863455636 0.03890998022896903 0.12161701172590256
0 0.9213619232177734 0.5430077144077846 0.008807727268763952 0.034974132265363424 0.12124471366405487
0 0.9636248861040387 0.5262135778154645 0.00574493408203125 0.02765692983354841 0.12003026902675629
0 0.9252868379865374 0.5423116343361991 0.008573872702462333 0.03539385114397321 0.11851020157337189
0 0.9607960837227958 0.5388750348772321 0.006554126739501953 0.03405022621154785 0.11832604557275772
0 0.5525407450539725 0.5363495009286063 0.008016041346958705 0.041738884789603095 0.11625443398952484
0 0.9518583842686245 0.5318871566227504 0.006718294961111886 0.03312110900878906 0.11579456925392151
0 0.08356702327728271 0.5400051389421735 0.006450746740613665 0.03207986695425851 0.11404325813055038
0 0.12420277936117989 0.5445575032915387 0.008727644171033586 0.03359079360961914 0.11353097856044769
0 0.9453897476196289 0.5387443814958844 0.008155345916748047 0.03555784906659808 0.11026480793952942
0 0.9484468187604632 0.535938058580671 0.007791246686662946 0.034449611391339986 0.10640066862106323
0 0.9047538212367466 0.5444487844194684 0.009555203574044364 0.03435257502964565 0.1040177196264267
0 0.637800761631557 0.545494828905378 0.00955268314906529 0.033657380512782505 0.10069189220666885
0 0.1295033097267151 0.5446226596832275 0.008820039885384696 0.03356109346662249 0.09714973717927933
0 0.6419165475027901 0.5466950961521694 0.009398800986153739 0.032007455825805664 0.09691636264324188
0 0.08106237649917603 0.5369334902082171 0.006220970835004534 0.03162353379385812 0.09368044137954712
0 0.8995873587472099 0.544600418635777 0.009614263262067522 0.0343045847756522 0.09246286004781723
0 0.1407287802015032 0.5449218068804059 0.008946214403424944 0.0333162716456822 0.08987776935100555
0 0.5595422812870571 0.5393016678946358 0.007968425750732422 0.04169290406363351 0.08957449346780777
0 0.9420022964477539 0.5328782285962786 0.007699625832693917 0.033876350947788784 0.08906042575836182
0 0.543529885155814 0.5216622352600098 0.005564417157854352 0.026071718760899136 0.08893902599811554
0 0.13509551967893327 0.5446710586547852 0.008883919034685408 0.033533028193882534 0.08890213817358017
0 0.6337377684456962 0.5453707150050572 0.009493419102260045 0.03396034240722656 0.08856882154941559
0 0.5374094077519008 0.5249787058149066 0.006172043936593192 0.02759521348135812 0.08816643059253693
0 0.8953369004385812 0.544851269040789 0.009628568376813616 0.03422737121582031 0.08479505032300949
0 0.07721029009137835 0.5390584128243583 0.006406409399850028 0.031371082578386576 0.08315224200487137
0 0.1759908710207258 0.5478145735604423 0.009388855525425501 0.030787502016339983 0.08127740770578384
0 0.5408389908926827 0.5214080469948905 0.005542652947562081 0.025744165693010603 0.0811162143945694
0 0.5625426428658622 0.5326735632760184 0.006756884711129325 0.03677374976021903 0.07820377498865128
0 0.17190917900630406 0.5478151185171944 0.009355238505772181 0.030822924205235074 0.07766396552324295
0 0.180114712033953 0.5477767671857562 0.009355238505772181 0.030843428203037808 0.07761380076408386
0 0.14658856391906738 0.5452245984758649 0.009017314229692732 0.03299226079668317 0.07754859328269958
0 0.8889711924961635 0.546205997467041 0.009633949824741908 0.03261222158159528 0.07691989839076996
0 0.09533137934548515 0.5339212417602539 0.0066702791622706824 0.031596592494419644 0.07570251822471619
0 0.9537108285086495 0.543609619140625 0.007551125117710659 0.03752851486206055 0.0735224038362503
0 0.6297390801565987 0.5450929914202008 0.009335041046142578 0.0346921512058803 0.07334399968385696
0 0.6471079417637416 0.5455843721117292 0.009485040392194475 0.03371381759643555 0.07325851917266846
0 0.09196094104221889 0.5336996487208775 0.0065759846142360145 0.03133365086146763 0.07319828122854233
0 0.18433145114353724 0.5459435667310443 0.009261046137128557 0.03256300517490932 0.07223823666572571
0 0.16750318663460867 0.5478070463453021 0.009304557527814592 0.030838898250034878 0.07063955068588257
0 0.07275129216057914 0.536022254398891 0.005932684455599103 0.029494013105119978 0.07039318978786469
0 0.16132194655282156 0.5459228583744594 0.009212885584150041 0.03266280038016183 0.06965123116970062
0 0.6161127090454102 0.5445496354784284 0.008859974997384208 0.0357018198285784 0.0692966878414154
0 0.042394395385469706 0.5252260480608258 0.005021308149610247 0.02253358704703195 0.06866521388292313
0 0.9091988291059222 0.5509153774806431 0.009361539568219866 0.02230555670601981 0.06814099103212357
0 0.620588983808245 0.5445835249764579 0.008927413395472936 0.03563659531729562 0.06779423356056213
0 0.5653237615312848 0.5399669579097203 0.007529054369245257 0.04119798115321568 0.06673561781644821
0 0.18835811955588205 0.5458464963095528 0.009218488420758928 0.03240203857421875 0.06612835824489594
0 0.6244279997689384 0.5446304253169468 0.008982930864606584 0.03559487206595285 0.06536012142896652
0 0.1543348687035697 0.54563798223223 0.009097167423793249 0.032765592847551615 0.06466661393642426
0 0.1507058824811663 0.5417513847351074 0.008829031671796526 0.03883719444274902 0.0626935362815857
0 0.06873424564089094 0.5357193265642438 0.0059926680156162804 0.029432603291102817 0.06255131214857101
0 0.553344862801688 0.5231644766671317 0.005513974598475865 0.02916220256260463 0.06211565062403679
0 0.8831620216369629 0.5468542235238212 0.009641102382114955 0.031873158046177456 0.06155996397137642
0 0.5350379262651715 0.5201416696820941 0.005361931664603097 0.022939375468662808 0.06022340804338455
0 0.8652516773768834 0.5476788793291364 0.00971085684640067 0.030947038105555942 0.059822648763656616
0 0.5407211439950126 0.537935597555978 0.008500065122331892 0.043470450810023716 0.05969560891389847
0 0.1938530547278268 0.5458243574414935 0.009190286908830916 0.032174995967320034 0.05949677154421806
0 0.611041750226702 0.5445310047694615 0.008780275072370256 0.03577119963509696 0.05901603400707245
0 0.8607864379882812 0.5478008134024483 0.009812627519880022 0.030787365777151927 0.057142291218042374
0 0.04631241304533822 0.5288317544119698 0.005706054823739188 0.027589491435459683 0.05651461333036423
0 0.5698181561061314 0.5403186253138951 0.007532971245901925 0.04083493777683803 0.05544273927807808
0 0.8699722971235003 0.5475946494511196 0.00969546181815011 0.030948638916015625 0.055303748697042465
0 0.052050505365644185 0.5258265904017857 0.0048807816846030095 0.02226553644452776 0.05512512847781181
0 0.04974912745612008 0.5288286890302386 0.005709154265267509 0.027843407222202847 0.05454644560813904
0 0.13773914745875768 0.5512582233973912 0.008837699890136719 0.02261934961591448 0.05424117669463158
0 0.37862348556518555 0.5444386005401611 0.008055107934134347 0.032498768397739956 0.05358147621154785
0 0.6521379607064384 0.5455884252275739 0.009426116943359375 0.03389900071280343 0.0529131144285202
0 0.19977835246494838 0.5457845074789864 0.009177940232413155 0.03209427424839565 0.052876029163599014
0 0.06521242005484444 0.5353093147277832 0.006013738257544381 0.02941530091421945 0.05202707648277283
0 0.07532462903431483 0.5324275153023856 0.0056296757289341515 0.029300757816859653 0.051105186343193054
0 0.8764995166233608 0.5473199571881976 0.009674072265625 0.031244652611868724 0.05071776360273361
0 0.9658673831394741 0.5218212945120675 0.004954065595354352 0.024920940399169922 0.050559334456920624
0 0.37326199667794363 0.5447073663984027 0.008051463535853795 0.032276460102626255 0.05008339509367943
0 0.03740115676607404 0.5253733226231166 0.005013014589037214 0.02242888723100935 0.05006665736436844
