0 0.9316992078508649 0.5423894609723773 0.008186612810407366 0.04008398737226214 0.13175812363624573
0 0.9353901999337333 0.5423530851091657 0.00832578114100865 0.04032553945268903 0.11146096885204315
0 0.9556279182434082 0.534522533416748 0.007616860525948661 0.03598666191101074 0.10781530290842056
0 0.9654174532209124 0.530674934387207 0.00655644280569894 0.02986635480608259 0.10248058289289474
0 0.9262365613664899 0.5423151424952916 0.008932318006243025 0.037247112819126675 0.09831657260656357
0 0.9288813727242606 0.5461555889674595 0.00852053506033761 0.03431388310023716 0.09016905725002289
0 0.9536991119384766 0.5417383057730538 0.0079345703125 0.03685341562543597 0.08891914784908295
0 0.9396392277308873 0.54231367792402 0.00843661172049386 0.040287630898611884 0.08346410095691681
0 0.9433803558349609 0.5422210012163434 0.008571216038295202 0.04056440080915179 0.07527422904968262
0 0.9509210586547852 0.5417194025857108 0.007860524313790458 0.03757551738194057 0.07218793779611588
0 0.08040388141359602 0.5387361390250069 0.006304570606776646 0.02804200989859445 0.07169955968856812
0 0.9684182575770787 0.5351075444902692 0.006691592080252511 0.035215752465384345 0.07078655064105988
0 0.9572063173566546 0.5414179393223354 0.008046082087925501 0.036842788968767436 0.07020463049411774
0 0.9601368222917829 0.5376078741891044 0.007710388728550502 0.03824751717703683 0.07018811255693436
0 0.9217050416128976 0.5468786103384835 0.00827789306640625 0.03161202158246722 0.05711899325251579
0 0.969543593270438 0.527885913848877 0.006191730499267578 0.0274202823638916 0.056562308222055435
0 0.140513471194676 0.5460191454206195 0.00776719195502145 0.0319760867527553 0.05618854984641075
0 0.9484176635742188 0.5445560727800641 0.00807803017752511 0.0356942926134382 0.05591512471437454
0 0.9586518832615444 0.5310361044747489 0.006724357604980469 0.034079517636980326 0.05390350893139839
0 0.916421754019601 0.5471244539533343 0.008180550166538783 0.03105095454624721 0.05340460315346718
