0 0.9999138968331474 0.4965806007385254 0.00017227445329938616 0.03877336638314383 0.487566202878952
0 0.9721274375915527 0.5482267652239118 0.008286748613630022 0.0314370904650007 0.22780849039554596
0 0.9691997255597796 0.5369555609566825 0.008493355342320033 0.04233551025390625 0.22673077881336212
0 0.9998179163251605 0.5183539731161935 0.00036416734967912944 0.03547157560076032 0.22455790638923645
0 0.9654405457632882 0.5391405991145543 0.009076254708426339 0.04330328532627651 0.20241840183734894
0 0.961021968296596 0.5388740812029157 0.009420122419084822 0.04332893235342843 0.14453041553497314
0 0.9736888068062919 0.5314207077026367 0.007787772587367466 0.040328843252999444 0.13442066311836243
0 0.9547254017421177 0.5397529602050781 0.008206639971051897 0.04177168437412807 0.09623781591653824
0 0.5499881676265171 0.5287163598196847 0.008342674800327845 0.038087163652692525 0.09533651173114777
0 0.9320265906197684 0.542546170098441 0.00812666756766183 0.038646153041294644 0.08529939502477646
0 0.5471081733703613 0.5235566071101597 0.007431200572422573 0.03392723628452846 0.08184241503477097
0 0.43526036398751394 0.5254170213426862 0.006669385092599052 0.027042593274797713 0.08139549195766449
0 0.445497989654541 0.5203143528529576 0.005896397999354771 0.02152705192565918 0.0807933509349823
0 0.5572264535086495 0.5341252599443708 0.009597982679094588 0.04488144602094378 0.07831285893917084
0 0.4226602826799665 0.534020015171596 0.0075770446232387 0.03304937907627651 0.07738184928894043
0 0.4291918958936419 0.5300239154270717 0.0073473794119698664 0.03144700186593192 0.07647601515054703
0 0.4197314807346889 0.530726705278669 0.007572105952671596 0.032020364488874166 0.07570265233516693
0 0.9368389674595424 0.5414469582693917 0.007903439658028739 0.04057175772530692 0.0749795138835907
0 0.5433449063982282 0.5232903957366943 0.007435287748064313 0.0334256717136928 0.07425283640623093
0 0.5320972715105329 0.5208766119820731 0.006475210189819336 0.026163339614868164 0.07405703514814377
0 0.9797242028372628 0.5270442622048515 0.006968906947544643 0.03748369216918945 0.07262736558914185
0 0.4261704853602818 0.5339132036481585 0.007558720452444894 0.03255408150809152 0.07115797698497772
0 0.561321633202689 0.5353256974901471 0.010048661913190569 0.04682840619768415 0.06972227245569229
0 0.9405358178274972 0.5408340862819127 0.008027894156319755 0.04114730017525809 0.06945943832397461
0 0.9495266505650112 0.5400486673627581 0.008137226104736328 0.041477203369140625 0.0680011510848999
0 0.9245936529976981 0.543400730405535 0.008405753544398717 0.037097930908203125 0.0677950456738472
0 0.5535479954310826 0.525874137878418 0.008605786732264928 0.041989292417253764 0.0670807883143425
0 0.44106483459472656 0.5206430980137416 0.006228923797607422 0.023372956684657505 0.06533706188201904
0 0.944331441606794 0.5402461460658482 0.008094174521309989 0.04139147486005511 0.06521763652563095
0 0.5377879823957171 0.5228085517883301 0.0072520460401262555 0.03266174452645438 0.06447304040193558
0 0.5663683073861259 0.5328655924115863 0.009527444839477539 0.04629342896597726 0.06421347707509995
0 0.5349676609039307 0.5168159348624093 0.006366116659981864 0.026978731155395508 0.0614842027425766
0 0.4154524803161621 0.5371804237365723 0.007977587836129325 0.03526670592171805 0.05940770357847214
0 0.5710271426609584 0.5371441159929548 0.01038428715297154 0.04855622564043317 0.05929828807711601
0 0.4477628299168178 0.5250028542109898 0.006342411041259766 0.024343490600585938 0.0586061105132103
0 0.97642639705113 0.527007920401437 0.007129124232700893 0.03740838595799038 0.05781673640012741
0 0.4505945955004011 0.5159271103995187 0.005293709891183036 0.020902054650442942 0.05642390996217728
0 0.5281635693141392 0.520596981048584 0.006139550890241351 0.024627515247889926 0.05596436560153961
0 0.3460794857570103 0.5461570194789341 0.009735856737409319 0.03441786766052246 0.05523784086108208
0 0.41184067726135254 0.537353651864188 0.008084569658551897 0.035738229751586914 0.054860249161720276
0 0.07940196139471871 0.5470057215009417 0.0076323917933872765 0.02458160264151437 0.05390424653887749
0 0.3387853758675711 0.5461216654096331 0.009600128446306502 0.03472481455121722 0.05359119921922684
0 0.4538065365382603 0.5158254759652274 0.005248001643589565 0.02034783363342285 0.05292070284485817
