0 0.9614971705845424 0.5353960309709821 0.00604663576398577 0.03344886643545968 0.1688472181558609
0 0.08319623129708427 0.5353178977966309 0.005684622696467808 0.029473747525896345 0.12278316915035248
0 0.9659333910260882 0.5270118713378906 0.005304609026227679 0.02424894060407366 0.11928583681583405
0 0.9253601346697126 0.5414259774344308 0.007976395743233817 0.04050132206508091 0.11136195063591003
0 0.9311144692557198 0.5414355822971889 0.00792346681867327 0.040919099535260885 0.11068575084209442
0 0.9636738640921456 0.5285836628505162 0.005248614719935826 0.027162790298461914 0.1005314290523529
0 0.928297587803432 0.5422276088169643 0.008249964032854353 0.03909577642168317 0.08997435122728348
0 0.9440798759460449 0.5362224578857422 0.006712641034807477 0.03397600991385324 0.08847666531801224
0 0.08054941041128975 0.5351125172206334 0.0056571705000741145 0.029405764171055386 0.08722921460866928
0 0.9535112380981445 0.5337627274649483 0.006456715720040458 0.034701177052089145 0.08369746059179306
0 0.9587772914341518 0.528923749923706 0.005428177969796317 0.027554239545549666 0.06991337984800339
0 0.39065143040248324 0.5352097238813128 0.006890773773193359 0.03405693599155971 0.06881305575370789
0 0.9553395680018834 0.539942707334246 0.006425925663539341 0.034441471099853516 0.06749381870031357
0 0.9551499911717006 0.5294103281838554 0.005439622061593192 0.027724061693464006 0.065157949924469
0 0.5842844418116978 0.54346878187997 0.00874192374093192 0.03773627962384905 0.06172429770231247
0 0.9712750571114677 0.5280481406620571 0.005047457558768136 0.02633101599557059 0.060010939836502075
0 0.9126155035836356 0.5454019818987165 0.00839860098702567 0.03360526902335031 0.059967927634716034
0 0.5506664003644671 0.5270122800554548 0.005943741117204938 0.028474501201084683 0.0555696077644825
0 0.5800854819161552 0.542778491973877 0.00833824702671596 0.03794516835893903 0.053239353001117706
0 0.3797469139099121 0.5363805634634835 0.007154158183506557 0.035261528832571845 0.05119923874735832
0 0.9181845528738839 0.5452449321746826 0.008442129407610213 0.03365836824689593 0.05042091757059097
0 0.5900613239833287 0.5447641440800258 0.008745602199009486 0.03505652291434152 0.05002426356077194
