0 0.9577441896711077 0.5352177619934082 0.006363800593784877 0.035061461584908624 0.19871464371681213
0 0.9651774678911481 0.5290242603846959 0.005506924220493862 0.03000950813293457 0.15817296504974365
0 0.9630968911307198 0.52838134765625 0.005833148956298828 0.029052121298653737 0.13566899299621582
0 0.9513115882873535 0.5375494275774274 0.0069577353341238836 0.038037266050066264 0.1032543033361435
0 0.5821849959237235 0.5416121482849121 0.008299827575683594 0.04054604257856097 0.08954665809869766
0 0.9608515330723354 0.5307114805494036 0.006318841661725726 0.03402989251273019 0.08819641172885895
0 0.9560561861310687 0.527428422655378 0.005546910422188895 0.02617471558707101 0.08136632293462753
0 0.3911160741533552 0.5400782993861607 0.008317640849522181 0.04142601149422782 0.08028736710548401
0 0.39793000902448383 0.5365397589547294 0.0075550079345703125 0.03471313204084124 0.07590082287788391
0 0.5772754124232701 0.541304383959089 0.008367538452148438 0.0407937935420445 0.07285229116678238
0 0.07774037974221366 0.5348620414733887 0.006401777267456055 0.032662425722394674 0.07088757306337357
0 0.07408813919339861 0.5372676849365234 0.005927494594029018 0.030177525111607144 0.06975363940000534
0 0.5858081408909389 0.5429180690220424 0.00843606676374163 0.03959815842764718 0.06897763907909393
0 0.4341576099395752 0.5195222922733852 0.00501046861921038 0.018009866986955916 0.0682087391614914
0 0.5890704563685826 0.5420066969735282 0.0088216917855399 0.040292910167149136 0.06709360331296921
0 0.38946969168526785 0.5343866348266602 0.007115398134504046 0.03510887282235282 0.06672725826501846
0 0.943394388471331 0.5392605236598423 0.007010323660714286 0.03729643140520368 0.06398499011993408
0 0.9292454719543457 0.5412071772984096 0.007943425859723772 0.0396878719329834 0.05919289588928223
0 0.08909731251852852 0.5381158079419818 0.006511492388589042 0.03221750259399414 0.05550321564078331
0 0.1006378276007516 0.542395796094622 0.007352164813450405 0.03599739074707031 0.055479615926742554
0 0.947368689945766 0.540909971509661 0.007455144609723773 0.03693161691938128 0.05493094027042389
0 0.9528552464076451 0.5298089299883161 0.0059495653424944195 0.03144325528826032 0.053477734327316284
0 0.43065084729875835 0.5200576441628593 0.004985639027186802 0.018233026776994978 0.053437136113643646
0 0.9544293539864677 0.5408266612461635 0.006315163203648159 0.03277625356401716 0.05221106484532356
0 0.5456346103123256 0.5249837126050677 0.006150279726300921 0.028010777064732144 0.050653617829084396
