0 0.5305646487644741 0.5250756059374128 0.0060231004442487445 0.024518966674804688 0.7854481339454651
0 0.5342859540666852 0.521134512765067 0.00618154661996024 0.025606530053274974 0.5951004028320312
0 0.5386325972420829 0.526092393057687 0.006657021386282784 0.029331105095999583 0.5235613584518433
0 0.5370499747140067 0.532400267464774 0.007299797875540597 0.03284989084516253 0.4768088459968567
0 0.5315488406590053 0.5198593480246407 0.005570616040910993 0.022886957441057478 0.45914483070373535
0 0.537252562386649 0.5216047423226493 0.0058640411921909875 0.026013714926583425 0.45912837982177734
0 0.4142847742353167 0.5250818388802665 0.0059545040130615234 0.023883274623325894 0.4431285262107849
0 0.5437221527099609 0.5254381043570382 0.006555965968540737 0.030711821147373745 0.3636052906513214
0 0.40776985032217844 0.5254748208182198 0.00591972896030971 0.02429894038609096 0.22438190877437592
0 0.41603108814784456 0.5215647561209542 0.005726371492658343 0.023386410304478238 0.2216973453760147
0 0.5456641742161342 0.5293819223131452 0.007288898740495954 0.03456306457519531 0.2126394361257553
0 0.4126230648585728 0.5290771552494594 0.00682762690952846 0.031080995287214006 0.21037495136260986
0 0.4094994068145752 0.5291424478803363 0.00687408447265625 0.03174567222595215 0.14108724892139435
0 0.5484888894217355 0.5322987352098737 0.007585832050868443 0.03707803998674665 0.12193260341882706
0 0.9281672069004604 0.5398617471967425 0.008513654981340681 0.04039406776428223 0.11155449599027634
0 0.41932501111711773 0.5246939999716622 0.005738088062831334 0.023332527705601284 0.0984131470322609
0 0.3914217948913574 0.536952086857387 0.0075751372746058875 0.034651177270071845 0.08791904151439667
0 0.3471449443272182 0.5435568605150495 0.008663177490234375 0.03554582595825195 0.08687320351600647
0 0.551004341670445 0.5296620641435895 0.007327658789498466 0.03624725341796875 0.08438432216644287
0 0.9249909945896694 0.5402742113385882 0.008622850690569197 0.03976334844316755 0.07989722490310669
0 0.41732934543064665 0.5290468760899135 0.00694206782749721 0.0309539863041469 0.07837048172950745
0 0.9665094103131976 0.5288425173078265 0.0061729976109095985 0.031083379473005022 0.07433728128671646
0 0.9320769991193499 0.5428663321903774 0.008170604705810547 0.03709684099469866 0.06977247446775436
0 0.08438783032553536 0.5367296082632882 0.005991288593837193 0.027860062462942942 0.0696820393204689
0 0.9690756116594587 0.5271100997924805 0.005604675837925502 0.0274594851902553 0.06943818926811218
0 0.08136479343686785 0.5373192174094064 0.006388204438345773 0.028659207480294362 0.06732632964849472
0 0.39456006458827425 0.5343679700578962 0.007272481918334961 0.03446425710405622 0.06718026846647263
0 0.34279915264674593 0.5441252844674247 0.008884906768798828 0.035574334008353095 0.06647159904241562
0 0.9348147256033761 0.5412354469299316 0.008084092821393694 0.03796505928039551 0.06511301547288895
0 0.5893139157976423 0.5422012805938721 0.008673599788120814 0.037759644644601006 0.061747100204229355
0 0.35227441787719727 0.543144771030971 0.008496795381818498 0.03660978589739118 0.05934056639671326
0 0.10331280742372785 0.5391169956752232 0.007034999983651298 0.03175173486982073 0.0564093180000782
0 0.9627171925136021 0.5307636260986328 0.006550720759800502 0.03452791486467634 0.05167492851614952
0 0.4218343666621617 0.5242794581821987 0.0056514739990234375 0.022886105946132114 0.05158787593245506
0 0.584782464163644 0.54283721106393 0.008806841714041573 0.03622739655630929 0.05093306303024292
