0 0.9600896835327148 0.5344082287379673 0.007071971893310547 0.03781945364815848 0.5404483675956726
0 0.964287281036377 0.5279028075081962 0.0061419350760323664 0.03241767202104841 0.4689476191997528
0 0.25388872623443604 0.5409449849809919 0.01022655623299735 0.04244065284729004 0.45857134461402893
0 0.9549204281398228 0.5367331504821777 0.007326943533761161 0.038990940366472514 0.41622743010520935
0 0.9663412911551339 0.5368041310991559 0.007729462214878627 0.04147117478506906 0.3810555040836334
0 0.9577713012695312 0.5453156743730817 0.008889879499162947 0.028237615312848772 0.3662610352039337
0 0.24849373953683035 0.5408962794712612 0.010117173194885254 0.042980500629970005 0.36457473039627075
0 0.9518412181309291 0.539153916495187 0.007914134434291295 0.0388791561126709 0.2952682077884674
0 0.9624643325805664 0.5416171891348702 0.007862976619175501 0.04354752813066755 0.28245168924331665
0 0.9681419645036969 0.5232188701629639 0.005678108760288784 0.02991683142525809 0.2589585781097412
0 0.2604151112692697 0.5408478123801095 0.010441780090332031 0.04256868362426758 0.25710809230804443
0 0.08881470135280065 0.5407688277108329 0.007681906223297119 0.03596404620579311 0.20724453032016754
0 0.08495292493275233 0.540475572858538 0.007625120026724679 0.0355532169342041 0.20715072751045227
0 0.0820472070149013 0.538771493094308 0.006901723997933524 0.03362679481506348 0.2015509158372879
0 0.9574563162667411 0.5276110853467669 0.006887367793491909 0.03921338490077427 0.2012666016817093
0 0.9478439603533063 0.5413639204842704 0.008148942674909319 0.03829305512564523 0.19332091510295868
0 0.9720181056431362 0.5231154986790248 0.005465235028948102 0.03014472552708217 0.18763501942157745
0 0.0916528616632734 0.5360611506870815 0.007171051842825753 0.0345956598009382 0.1805649846792221
0 0.24275909151349748 0.5392671312604632 0.0099628141948155 0.04379309926714216 0.17423692345619202
0 0.9445276260375977 0.5402187619890485 0.007817064012799944 0.03737664222717285 0.16278965771198273
0 0.0930152450289045 0.5460577692304339 0.008907548018864222 0.027264629091535295 0.14680056273937225
0 0.07839210544313703 0.538675171988351 0.00659074102129255 0.03207816396440778 0.14649498462677002
0 0.9402518953595843 0.5423153468540737 0.008109705788748605 0.03725974900381906 0.14582376182079315
0 0.09626657622201103 0.5412499564034599 0.007729513304574149 0.036081859043666294 0.14532631635665894
0 0.9368362426757812 0.5430467469351632 0.008278301783970423 0.03544844899858747 0.1427600234746933
0 0.7660114424569267 0.544743537902832 0.010044234139578683 0.03339692524501255 0.14273260533809662
0 0.9750195230756488 0.5223644120352608 0.005363328116280692 0.027600322450910295 0.13945871591567993
0 0.2652891363416399 0.5405629362378802 0.01046654156276158 0.04386983598981585 0.13917186856269836
0 0.7616827828543526 0.5448930604117257 0.009782586778913225 0.03315847260611398 0.137424498796463
0 0.9333744730268206 0.5445375783102853 0.008444786071777344 0.034509522574288506 0.13274873793125153
0 0.927039623260498 0.5456933975219727 0.008881705147879464 0.03306409290858677 0.1222488060593605
0 0.5467233657836914 0.5335445404052734 0.007741519383021763 0.03899124690464565 0.11964679509401321
0 0.5516604014805385 0.5364395209721157 0.008067028863089425 0.04115847178867885 0.11019862443208694
0 0.7740225791931152 0.5447201728820801 0.010051727294921875 0.033529111317225864 0.1043543815612793
0 0.1007108177457537 0.5417560168675014 0.007880781378064836 0.03673178809029715 0.10321613401174545
0 0.548926557813372 0.5269415719168526 0.006685938153948102 0.03118133544921875 0.10164186358451843
0 0.0744739259992327 0.5385291916983468 0.006607353687286377 0.03187966346740723 0.0909862369298935
0 0.7554107393537249 0.5454294340951102 0.00970315933227539 0.034047024590628486 0.08940380811691284
0 0.5426882335117885 0.529855455671038 0.0074274539947509766 0.036781174795968194 0.08878510445356369
0 0.04774509157453265 0.5289733409881592 0.005534457308905465 0.02716193880353655 0.08804858475923538
0 0.27064248493739534 0.5397824559892926 0.010287063462393624 0.04422698702130999 0.08641336113214493
0 0.044432222843170166 0.5289643832615444 0.005521523100989205 0.026845557349068776 0.08410783112049103
0 0.03854932103838239 0.5251036030905587 0.004784928900854928 0.022146974291120256 0.07933788001537323
0 0.10495196069989886 0.5381710869925362 0.007775366306304932 0.03747718674795968 0.07782801240682602
0 0.7781625475202288 0.546133007322039 0.009908744267054967 0.03188943862915039 0.07728959619998932
0 0.10955510820661273 0.5424843175070626 0.008472553321293421 0.03713423865182059 0.07657933980226517
0 0.0887068510055542 0.5280299867902484 0.006277024745941162 0.029711144311087474 0.07558562606573105
0 0.050498860222952704 0.5258374895368304 0.005165155444826398 0.02253852571759905 0.07474131137132645
0 0.6990113258361816 0.5449408122471401 0.008861405508858817 0.03329804965427944 0.07467414438724518
0 0.5386106967926025 0.5263678005763462 0.006523200443812779 0.030516351972307478 0.07460254430770874
0 0.5552848747798375 0.5273439543587821 0.006718226841517857 0.03192199979509626 0.07254108041524887
0 0.056198682103838236 0.5303937367030552 0.006000625235693795 0.0277317932673863 0.07207763195037842
0 0.5310775552477155 0.5244790485927037 0.006018979208809989 0.026261295591081892 0.07128911465406418
0 0.5403362342289516 0.5370654378618512 0.008271353585379464 0.04227440697806222 0.06971658021211624
0 0.6939020156860352 0.5447773933410645 0.009116104670933314 0.03365908350263323 0.06764216721057892
0 0.050399959087371826 0.5357604707990374 0.006300700562340873 0.03125510896955218 0.06761062890291214
0 0.5571072782788958 0.5392918586730957 0.008243628910609655 0.042043447494506836 0.06733889132738113
0 0.9429526329040527 0.5504390852791923 0.008940424237932478 0.024263926914760044 0.0662139356136322
0 0.553199018750872 0.522435188293457 0.006025757108415876 0.029492718832833425 0.0660349503159523
0 0.23680594989231654 0.5394356591360909 0.00983733790261405 0.0437133652823312 0.06514477729797363
0 0.06257743494851249 0.5350133350917271 0.0062674156257084435 0.02983757427760533 0.06429824978113174
0 0.11473585878099714 0.5482617105756488 0.0087630067552839 0.025806733540126255 0.06331668794155121
0 0.052891901561192105 0.5259443691798619 0.00514241201536996 0.022743701934814453 0.06282667070627213
0 0.07054759349141802 0.5356527737208775 0.006244974476950509 0.03020688465663365 0.062121208757162094
0 0.7072146279471261 0.5448844092232841 0.008957794734409876 0.03310843876429966 0.06187386065721512
0 0.5449553217206683 0.5216573987688337 0.005944422313145229 0.0269927978515625 0.06178361922502518
0 0.9790146691458566 0.5223242555345807 0.005341529846191406 0.02970177786690848 0.06173421069979668
0 0.7027854919433594 0.5429314204624721 0.008750643048967634 0.03488741602216448 0.06016092747449875
0 0.2511308193206787 0.5287341049739293 0.009217108998979841 0.05556801387241909 0.06008161976933479
0 0.06013639484133039 0.5311051777430943 0.005997530051640102 0.02826666831970215 0.05972685664892197
0 0.6895241056169782 0.5446138722555978 0.009316103799002511 0.03348336900983538 0.059474240988492966
0 0.5278529099055699 0.5196419443402972 0.005322183881487165 0.02211737632751465 0.058525241911411285
0 0.08289631775447301 0.5276849269866943 0.006340810230800084 0.029705660683768138 0.0580768920481205
0 0.06660904203142438 0.5353172166006905 0.0062567974839891705 0.029980012348720005 0.05792740359902382
0 0.7011513028826032 0.5521105357578823 0.008844443729945592 0.020617450986589705 0.057518113404512405
0 0.27599971635001047 0.5405614716666085 0.010342563901628767 0.04419057709830148 0.05749610811471939
0 0.7500346047537667 0.5454367228916713 0.009709290095738001 0.033967290605817525 0.0573008768260479
0 0.7827569416591099 0.5462872982025146 0.009804998125348772 0.0315030642918178 0.054977867752313614
0 0.04332655668258667 0.5204269545418876 0.004446076495306832 0.019565139498029436 0.05482834577560425
0 0.5358366285051618 0.5211344105856759 0.005869286400931222 0.02644974844796317 0.054544251412153244
0 0.9179976327078683 0.5463789531162807 0.009124415261404855 0.032279866082327704 0.053728796541690826
0 0.7881710188729423 0.5449536187308175 0.009578704833984375 0.03274461201259068 0.053134746849536896
0 0.0546735908303942 0.5389517375401088 0.00674900838306972 0.032600573131016324 0.05268080532550812
0 0.29500668389456614 0.5410406248910087 0.010515485491071428 0.04345979009355817 0.05223742127418518
0 0.5248477799551827 0.5244989395141602 0.0060206481388637 0.02603449140276228 0.05197956785559654
0 0.976935591016497 0.5184989997318813 0.005164691380092076 0.027351856231689453 0.05018587410449982
