0 0.9566668101719448 0.5376862117222377 0.007199287414550781 0.038071666445050924 0.3847368359565735
0 0.960707528250558 0.5321524143218994 0.006526333945138114 0.036242893763950894 0.35294464230537415
0 0.9524426460266113 0.5374777657645089 0.007176671709333148 0.038022245679582865 0.3235776126384735
0 0.9579064505440849 0.5276751518249512 0.005622386932373047 0.030531985419137136 0.29833871126174927
0 0.949298586164202 0.5402467591421944 0.007540907178606305 0.038820505142211914 0.24245348572731018
0 0.9636693681989398 0.5276829174586705 0.005805560520717076 0.032764162336077006 0.23348791897296906
0 0.943523815699986 0.5401366778782436 0.00781801768711635 0.03935629980904715 0.18767805397510529
0 0.5452971458435059 0.526712349482945 0.0061452388763427734 0.029614176068987166 0.17070446908473969
0 0.5476297651018415 0.5305483000619071 0.006955793925694057 0.03438033376421247 0.16760382056236267
0 0.5420151097433907 0.5264566285269601 0.006173951285226005 0.029291459492274692 0.16564230620861053
0 0.9461146763392857 0.5331811904907227 0.006928375789097377 0.03671632494245257 0.16028711199760437
0 0.5497997828892299 0.5258421216692243 0.005275283540998187 0.028493710926600864 0.1521291583776474
0 0.940133912222726 0.5408120155334473 0.007836478097098214 0.03903024537222726 0.1495693475008011
0 0.9637346267700195 0.5412860938480922 0.007440907614571708 0.04077652522495815 0.11960616707801819
0 0.5514625821794782 0.5369432313101632 0.007682016917637416 0.03945442608424595 0.11634676903486252
0 0.9357991899762835 0.5415478433881488 0.007816927773611886 0.038511344364711216 0.1141996681690216
0 0.9678469385419574 0.5236764635358538 0.00537872314453125 0.028073651450020925 0.1065526008605957
0 0.5383216994149345 0.5211761338370187 0.005441972187587193 0.025723627635410855 0.10465224087238312
0 0.5543643406459263 0.525944437299456 0.005256550652640206 0.02870774269104004 0.09721363335847855
0 0.10568085738590785 0.5398445810590472 0.006341338157653809 0.0317878041948591 0.09687584638595581
0 0.5472232273646763 0.5211061750139508 0.0047152042388916016 0.02594062260219029 0.09627150744199753
0 0.10303000041416713 0.5418895993913923 0.006695364202771868 0.032716989517211914 0.09193236380815506
0 0.9299678802490234 0.5427703857421875 0.008228710719517298 0.037237303597586494 0.09147217124700546
0 0.5356538636343819 0.521007878439767 0.005406345639910016 0.025424037660871233 0.08626929670572281
0 0.5364985466003418 0.5309220041547503 0.007325819560459682 0.03533530235290527 0.08322662860155106
0 0.09934798308781215 0.5418973990849086 0.006739156586783273 0.032748017992292135 0.07823734730482101
0 0.9233901160103934 0.5437517847333636 0.008740561349051339 0.03616860934666225 0.0779712125658989
0 0.10896057741982597 0.5428281511579242 0.006852413926805768 0.03398248127528599 0.0775652751326561
0 0.6880944796970913 0.5458395140511649 0.009325844900948661 0.033184358051845005 0.07576607167720795
0 0.5516411917550224 0.5212341376713344 0.0047048841203962055 0.026182923998151506 0.072585828602314
0 0.6823319026402065 0.5458718708583287 0.008985587528773717 0.03404266493661063 0.07180208712816238
0 0.5573295865740094 0.5396301405770438 0.007324661527361188 0.03948838370186942 0.0714469701051712
0 0.09637061187199183 0.5394629750932965 0.006330013275146484 0.03177612168448312 0.06960088759660721
0 0.8459062576293945 0.5470422336033413 0.009094715118408203 0.03189117567879813 0.06894008070230484
0 0.850250380379813 0.5457603250231061 0.009031500135149275 0.033892972128731866 0.06596884876489639
0 0.8408593450273786 0.5472430501665387 0.0091094970703125 0.031879731587001255 0.06482826173305511
0 0.9701403890337262 0.5227793284824916 0.00525869641985212 0.02916741371154785 0.06426462531089783
0 0.8544361250741142 0.545717716217041 0.009043148585728236 0.033834287098475864 0.062022268772125244
0 0.6962387902396066 0.5458258220127651 0.009296280997140067 0.03327407155718122 0.05883583426475525
0 0.11243658406393868 0.5430792399815151 0.00696051972252982 0.03423622676304409 0.0587620884180069
0 0.858835084097726 0.5456431933811733 0.009106295449393136 0.03371146747044155 0.056801509112119675
0 0.9730456215994698 0.5231456415993827 0.005149636949811663 0.029194423130580356 0.05454481020569801
0 0.6753424235752651 0.5456564085824149 0.008759771074567522 0.034718104771205356 0.05427362397313118
0 0.09331049237932477 0.5418947764805385 0.00673799855368478 0.03276801109313965 0.0541389025747776
0 0.04612231254577637 0.5260181767599923 0.004919230937957764 0.022593089512416294 0.053894709795713425
0 0.0430639386177063 0.526073864528111 0.004911605800901141 0.022511448178972517 0.053627777844667435
0 0.9320719582693917 0.5333906923021589 0.008087907518659319 0.039674690791538784 0.05313429608941078
0 0.8335256576538086 0.5473739079066685 0.00910043716430664 0.03192101206098284 0.052256498485803604
0 0.8375116075788226 0.5431079864501953 0.009625571114676339 0.040520702089582174 0.05198119953274727
0 0.540553161076137 0.5167285374232701 0.004756552832467216 0.02321525982448033 0.05136365070939064
0 0.5617187363760812 0.5396554470062256 0.0073353563036237445 0.03982795987810407 0.051354531198740005
0 0.541374683380127 0.5383585521153041 0.00790715217590332 0.041847671781267436 0.05078757554292679
0 0.8637125832693917 0.5455599171774728 0.009129319872174944 0.033739566802978516 0.05027380213141441
