0 0.9550841195242745 0.530444690159389 0.006359304700578962 0.03379433495657785 0.28347107768058777
0 0.9618143354143415 0.526531287602016 0.005721432822091239 0.02870011329650879 0.28138887882232666
0 0.5728673253740583 0.5402460779462542 0.008129801068987166 0.0395773138318743 0.27751073241233826
0 0.9642599650791713 0.5294603279658726 0.00617143086024693 0.031477042606898716 0.27299660444259644
0 0.5693486758640834 0.5400619166237968 0.008098738534109933 0.039631434849330356 0.2618972063064575
0 0.958538327898298 0.5263376576559884 0.005628381456647601 0.029651165008544922 0.254585325717926
0 0.9501464026314872 0.5370430946350098 0.0074917929513113836 0.03618264198303223 0.2472483217716217
0 0.9438287190028599 0.5400134495326451 0.007661002022879464 0.036483321871076314 0.23870998620986938
0 0.947143690926688 0.5398226465497699 0.007745947156633649 0.03654967035566058 0.23406127095222473
0 0.5768137659345355 0.5404519012996128 0.00807952880859375 0.039429937090192525 0.22580531239509583
0 0.5650089127676827 0.5397097042628697 0.00795647076198033 0.04039362498692104 0.21897144615650177
0 0.9397288731166294 0.5401032311575753 0.007582392011369977 0.036466053553989956 0.2185496985912323
0 0.9534446171351841 0.5412533623831612 0.00764390400477818 0.03870221546718052 0.216469407081604
0 0.5613077027457101 0.537367616380964 0.008005925587245397 0.04148261887686593 0.20781445503234863
0 0.5570894650050572 0.5349910599844796 0.00782421657017299 0.03986021450587681 0.18988098204135895
0 0.9352994646344867 0.5426103046962193 0.007798467363630023 0.0366391795022147 0.1699720323085785
0 0.050841454948697774 0.5304441452026367 0.005873543875558036 0.027112654277256558 0.15762628614902496
0 0.5804403168814523 0.5409853117806571 0.00809274400983538 0.03887779372079032 0.15705636143684387
0 0.5526669025421143 0.5317768028804234 0.00770643779209682 0.03835351126534598 0.15158718824386597
0 0.952831336430141 0.5269273689814976 0.0058885301862444195 0.030216898236955916 0.150080606341362
0 0.053342729806900024 0.5343362944466727 0.006154213632856097 0.028945139476231167 0.1494561731815338
0 0.5674287932259696 0.5303960527692523 0.007034914834158761 0.03747071538652692 0.14640399813652039
0 0.046784554209027975 0.5253297942025321 0.00507432222366333 0.02217834336417062 0.13779956102371216
0 0.05622709648949759 0.5345768928527832 0.006136677094868251 0.02918893950326102 0.1370408535003662
0 0.9674784115382603 0.5219037192208427 0.005035809108189174 0.026482479912894114 0.13323335349559784
0 0.9629765919276646 0.5402775491986956 0.006952217647007534 0.035435846873692105 0.13268695771694183
0 0.5496092523847308 0.5381588935852051 0.008628300258091517 0.0448174136025565 0.1306234896183014
0 0.05520040648324149 0.5255649430411202 0.005172444241387504 0.022190536771501814 0.12748989462852478
0 0.9698764937264579 0.5221496990748814 0.005137307303292411 0.025941984994070872 0.12243406474590302
0 0.0440432003566197 0.525157996586391 0.004916689225605556 0.023066418511526927 0.12148362398147583
0 0.9289586203438895 0.5436815193721226 0.00846099853515625 0.03423241206577846 0.1209505945444107
0 0.5443636008671352 0.5370782443455288 0.008354663848876953 0.04248298917497907 0.1203625351190567
0 0.5477268355233329 0.5281961304800851 0.0068547044481549945 0.03294226101466587 0.12007690966129303
0 0.269672155380249 0.5434574059077671 0.008690033640180315 0.0358307021004813 0.11478494107723236
0 0.5849343708583287 0.5417242050170898 0.007986818041120256 0.03805691855294364 0.11289174109697342
0 0.0583154559135437 0.5309080396379743 0.00584025468145098 0.027291263852800642 0.11078502982854843
0 0.2734696013586862 0.5434903757912772 0.008581468037196569 0.036117758069719584 0.10821224004030228
0 0.5900338036673409 0.5428850991385323 0.008238928658621652 0.036620957510811944 0.10668723285198212
0 0.2648161138807024 0.5439074720655169 0.008639335632324219 0.036416939326695034 0.10018300265073776
0 0.9577327455793109 0.5456464631216866 0.007919107164655412 0.032352754047938755 0.09973938018083572
0 0.03774106502532959 0.5251103809901646 0.004765399864741734 0.02231696673801967 0.09793364256620407
0 0.061056554317474365 0.5375678879874093 0.006570684058325631 0.03091331890651158 0.09484810382127762
0 0.04634588956832886 0.5359854016985212 0.006198998008455549 0.03089737892150879 0.08859094977378845
0 0.5934186662946429 0.5478592600141253 0.008417606353759766 0.027087858745029995 0.08838752657175064
0 0.596634932926723 0.5438023294721331 0.008595057896205358 0.03598846708025251 0.08782005310058594
0 0.04261365958622524 0.5331096308571952 0.005760146038872855 0.02812467302594866 0.08636470139026642
0 0.6324114118303571 0.5447395869663784 0.008768013545445033 0.03530539785112653 0.08510158210992813
0 0.6272759437561035 0.5445053236825126 0.008751460484095983 0.035512992313929966 0.08471473306417465
0 0.26095376695905415 0.5440936088562012 0.008950420788356237 0.03634531157357352 0.0800761878490448
0 0.0428054290158408 0.5200085639953613 0.004518355642046247 0.01979926654270717 0.08002407103776932
0 0.04076911721910749 0.520035982131958 0.004277531589780535 0.019925389971051897 0.0779893770813942
0 0.9721505301339286 0.5211851256234306 0.004860401153564453 0.026843479701450894 0.07591383904218674
0 0.04968962499073574 0.5201845850263324 0.004477815968649728 0.019612039838518416 0.07488822191953659
0 0.5749404770987374 0.5276940209524972 0.0067882537841796875 0.03811141422816685 0.07382393628358841
0 0.2782853841781616 0.5435717787061419 0.008417095456804548 0.03644132614135742 0.07364793866872787
0 0.24161761147635324 0.5440304619925362 0.009552700178963798 0.03490165301731655 0.0733863040804863
0 0.6224081856863839 0.544367756162371 0.008943557739257812 0.03533084051949637 0.07241836935281754
0 0.549964257649013 0.523641552243914 0.006114074162074498 0.030015741075788225 0.07236775755882263
0 0.5386276926313128 0.5218652316502163 0.0058220795222691125 0.02731057575770787 0.0717669278383255
0 0.05232445682798113 0.5203113215310233 0.0044723493712289 0.01954351152692522 0.07055040448904037
0 0.629828929901123 0.5501723289489746 0.008433614458356584 0.024370193481445312 0.0703553557395935
0 0.1016679150717599 0.5420215470450265 0.00723877123423985 0.034054722104753764 0.07029186934232712
0 0.10552296468189784 0.5423730100904193 0.0074618543897356305 0.03396940231323242 0.07013504952192307
0 0.9660758972167969 0.5409092221941266 0.007731165204729352 0.038317510059901645 0.07011623680591583
0 0.5446872370583671 0.5226072583879743 0.005972385406494141 0.02781632968357631 0.06965503096580505
0 0.09726778950010027 0.5419504301888602 0.007191623960222516 0.034253835678100586 0.06942763179540634
0 0.5415253639221191 0.5222082819257464 0.005891425268990653 0.027642147881644114 0.06911543011665344
0 0.6679778780255999 0.5449484416416713 0.009716238294328963 0.03440070152282715 0.06673174351453781
0 0.9206868580409459 0.5445206165313721 0.008866105760846819 0.033889906747000556 0.0663580372929573
0 0.6018814359392438 0.548917463847569 0.008348873683384486 0.025556087493896484 0.06619709730148315
0 0.066238386290414 0.5379148210797992 0.006436233009610858 0.03128950936453683 0.06576672941446304
0 0.23421440805707658 0.544332640511649 0.009502870695931571 0.034798383712768555 0.06490834057331085
0 0.5597541672842843 0.5251419203622001 0.0061647891998291016 0.033404758998325894 0.06481873244047165
0 0.7206546238490513 0.5448188781738281 0.009932994842529297 0.033867018563406806 0.0641835555434227
0 0.6731417519705636 0.5451940808977399 0.009840352194649833 0.03424034799848284 0.06418060511350632
0 0.6375949042184013 0.54500641141619 0.008813585553850447 0.034835406712123325 0.06299146264791489
0 0.09299340418406896 0.5419102396283831 0.0072307586669921875 0.034482410975864956 0.06250818073749542
0 0.6639635903494698 0.545783247266497 0.009537492479596819 0.033596890313284736 0.061661653220653534
0 0.6175443785531181 0.5444067546299526 0.00905254908970424 0.03524892670767648 0.06155997887253761
0 0.11042904853820801 0.542889050074986 0.007708566529410226 0.034239496503557475 0.06141205132007599
0 0.6600601332528251 0.5448200362069267 0.009180886404854911 0.03460206304277692 0.061094414442777634
0 0.6058259691510882 0.5444200379507882 0.008912018367222376 0.03533693722316197 0.060028377920389175
0 0.0630475538117545 0.5311452320643834 0.005897837025778634 0.028538806097848073 0.05976679176092148
0 0.7130260467529297 0.544947760445731 0.009698050362723214 0.034218822206769674 0.059567976742982864
0 0.5277165004185268 0.5244356564113072 0.0062711238861083984 0.026391710553850447 0.05802304297685623
0 0.9743174825395856 0.521223613194057 0.00487518310546875 0.02680219922746931 0.05766814574599266
0 0.16536295413970947 0.5446664946419852 0.009459870202200753 0.03441705022539411 0.056941136717796326
0 0.22930737904139928 0.5445411545889718 0.00962841510772705 0.0345456600189209 0.056906960904598236
0 0.15493025098528182 0.5447571618216378 0.009267960275922502 0.034204346793038506 0.05646195635199547
0 0.1590257372174944 0.5447940145220075 0.009568537984575545 0.03408186776297433 0.056116681545972824
0 0.6118459701538086 0.5444369316101074 0.009021622794015067 0.035220793315342495 0.05570407956838608
0 0.5343770980834961 0.5169284003121513 0.004995959145682198 0.022946630205426897 0.0552329383790493
0 0.6788232667105538 0.5452203410012382 0.009827750069754464 0.034277643476213725 0.055057935416698456
0 0.9250279835292271 0.534482479095459 0.008560316903250558 0.04270883968898228 0.05493231862783432
0 0.7285130364554269 0.5449466364724296 0.00981753213065011 0.034180096217564175 0.05480661988258362
0 0.5640193394252232 0.5251876286097935 0.006164108003888812 0.03344389370509556 0.05473548546433449
0 0.24842146464756557 0.5441629546029227 0.009356839316231864 0.03553741318838937 0.05419125407934189
0 0.5352629252842495 0.5366973195757184 0.00822486196245466 0.04132437705993652 0.05375048518180847
0 0.18013630594526017 0.5448148250579834 0.009550860949925013 0.03376259122576032 0.053654104471206665
0 0.06911435297557286 0.5383132525852748 0.006418019533157349 0.031819820404052734 0.05364466831088066
