0 0.9334644590105329 0.5412635462624686 0.008338587624686105 0.04026651382446289 0.14359086751937866
0 0.9362162862505231 0.5415154865809849 0.008326530456542969 0.04083166803632464 0.13012218475341797
0 0.9638712746756417 0.5352434430803571 0.006531102316720145 0.03533264568873814 0.12411104142665863
0 0.9672681944710868 0.5301903315952846 0.006317138671875 0.030586344855172292 0.12351571023464203
0 0.9655728340148926 0.5265819685799735 0.005593436104910714 0.02596947125026158 0.12236134707927704
0 0.9564154488699776 0.5335456303187779 0.007614476340157645 0.03473046847752163 0.10380633175373077
0 0.9621120180402484 0.5302211897713798 0.00634002685546875 0.030382394790649414 0.09968900680541992
0 0.9407120432172503 0.5418037346431187 0.00840895516531808 0.04068681171962193 0.09658797830343246
0 0.9306037085396903 0.5443496022905622 0.007878712245396205 0.03523881094796317 0.09414634853601456
0 0.9438189097813198 0.5417566299438477 0.008542333330426897 0.04028933388846261 0.08677468448877335
0 0.10162438665117536 0.5400681495666504 0.006821998528071812 0.029786007744925364 0.08504939824342728
0 0.9597219739641462 0.5370377813066755 0.007828712463378906 0.03597228867667062 0.08373788744211197
0 0.9716229438781738 0.5284040314810616 0.0062601906912667414 0.028752905981881276 0.08125877380371094
0 0.9269399642944336 0.544896057673863 0.008259432656424386 0.03523414475577218 0.08071259409189224
0 0.09979004519326347 0.5363514082772392 0.0070391637938363215 0.030267034258161272 0.07918810099363327
0 0.960707460130964 0.5262928690229144 0.005366052900041852 0.025819778442382812 0.07823621481657028
0 0.4052950314113072 0.5360562460763114 0.006730965205601284 0.03192826679774693 0.07485132664442062
0 0.9579642159598214 0.5266246114458356 0.005513804299490792 0.026617050170898438 0.07223936170339584
0 0.08709790025438581 0.5376694543021066 0.006264456680842808 0.02912276131766183 0.0641726478934288
0 0.9530132157461983 0.5412841524396624 0.008206503731863839 0.03688277517046247 0.06134483218193054
0 0.9739817210606166 0.5291696957179478 0.00628737040928432 0.029757772173200334 0.061041343957185745
0 0.07876781906400408 0.5355518204825265 0.006082092012677874 0.027784109115600586 0.0580291673541069
0 0.06744696412767683 0.5353893211909703 0.006262979337147304 0.02861588341849191 0.05782720819115639
0 0.10564982891082764 0.5404783657618931 0.007567652634211949 0.03025123051234654 0.05611231178045273
0 0.9679812022617885 0.5214400972638812 0.00487518310546875 0.021267005375453403 0.056064050644636154
0 0.0973793523652213 0.5356433050973075 0.006299206188746861 0.030131374086652483 0.055591434240341187
0 0.9167013168334961 0.5460221426827567 0.00795534678867885 0.03205255099705288 0.05218799412250519
0 0.9503880909511021 0.5426129273005894 0.008222034999302455 0.03624037333897182 0.051718711853027344
0 0.10759305102484566 0.5447815486363002 0.0072727033070155555 0.0322087151663644 0.05145107954740524
