0 0.696490832737514 0.5404252324785505 0.011242798396519251 0.04263639450073242 0.2446383386850357
0 0.7019898550851005 0.5405989374433245 0.010605471474783761 0.04145874295915876 0.22833198308944702
0 0.6895937238420758 0.5406185558864048 0.011280196053641183 0.043047496250697544 0.19863708317279816
0 0.7051172256469727 0.5457096781049456 0.009868008749825614 0.02889548029218401 0.18058836460113525
0 0.3992574214935303 0.5395153931209019 0.008894647870744978 0.03598478862217495 0.1748654991388321
0 0.7083238874162946 0.5408997535705566 0.010486602783203125 0.041192429406302314 0.17271868884563446
0 0.5313900538853237 0.5151046344212123 0.004976885659354073 0.020345211029052734 0.16696394979953766
0 0.39511278697422575 0.5418918473379952 0.009125198636736189 0.036677735192435126 0.1520165055990219
0 0.4032658849443708 0.5388540540422712 0.008582830429077148 0.03557351657322475 0.14940191805362701
0 0.5413469587053571 0.5159868512834821 0.006255728857857841 0.026151214327131 0.1336405873298645
0 0.5435310091291156 0.5204052925109863 0.006861652646745954 0.028287444795881 0.13273966312408447
0 0.6844827107020787 0.5406648090907505 0.011209896632603236 0.04522361074175153 0.13181498646736145
0 0.53340026310512 0.5156798362731934 0.006185906273978097 0.025301422391619 0.12446778267621994
0 0.5378428867885044 0.5202172824314663 0.006845235824584961 0.027354274477277483 0.11881161481142044
0 0.3899546350751604 0.5428084305354527 0.009548800332205636 0.0368920053754534 0.10274046659469604
0 0.5359891142163958 0.5119622094290597 0.005796568734305245 0.024677480970110213 0.09865158051252365
0 0.40938632828848703 0.5357163293021066 0.008160795484270369 0.0337371826171875 0.09821116924285889
0 0.529259272984096 0.519423280443464 0.005807501929146903 0.022702932357788086 0.09805154800415039
0 0.5241574559892926 0.5151336533682687 0.004907131195068359 0.0201812812260219 0.09532355517148972
0 0.7142579214913505 0.5410430090767997 0.01038149424961635 0.041504893984113424 0.09495742619037628
0 0.3618948119027274 0.5455731664385114 0.009166547230311803 0.0351567268371582 0.0930897444486618
0 0.6793018068586077 0.5406872204371861 0.011224678584507533 0.04514592034476144 0.08844397962093353
0 0.08596134185791016 0.5430447714669364 0.00812624182019915 0.03566772597176688 0.08692287653684616
0 0.5474939686911446 0.5277119364057269 0.008465562547956194 0.03754503386361258 0.08528462797403336
0 0.9656708581107003 0.5392814363752093 0.008494104657854353 0.04235083716256278 0.08427071571350098
0 0.3675810268947056 0.5452466011047363 0.009082487651279994 0.035632508141653876 0.08209944516420364
0 0.9692128726414272 0.5357995714460101 0.007860864911760603 0.039904390062604635 0.08119866251945496
0 0.38497659138270784 0.542919227055141 0.009509427206856864 0.03682303428649902 0.07647258043289185
0 0.09062915188925606 0.5431380271911621 0.008113341672079903 0.0356926577431815 0.07380487769842148
0 0.4133436679840088 0.5321277890886579 0.008030073983328683 0.033145904541015625 0.06907782703638077
0 0.961559568132673 0.5395483289446149 0.00897359848022461 0.04211333819798061 0.06760744750499725
0 0.35708318437848774 0.5456095082419259 0.009152310235159737 0.03508383887154715 0.06450337916612625
0 0.0800015926361084 0.5424150739397321 0.00791952439716884 0.0355501515524728 0.0639239028096199
0 0.379309926714216 0.5429796491350446 0.009497778756277902 0.03679466247558594 0.06341555714607239
0 0.3725790296282087 0.5439212662833077 0.009210654667445592 0.03699769292558942 0.06203450262546539
0 0.4063027245657785 0.5465328352791923 0.009186880929129464 0.030100175312587192 0.0605473518371582
0 0.5412517275129046 0.5305900233132499 0.008709805352347237 0.0389857292175293 0.057326070964336395
0 0.8834541865757534 0.5440026010785785 0.009199074336460658 0.03697684832981655 0.05676189064979553
0 0.5468177114214215 0.5136091368538993 0.006501334054129464 0.03372611318315778 0.055731501430273056
0 0.89647034236363 0.5441468783787319 0.009021759033203125 0.037187440054757256 0.05566263571381569
0 0.5531771183013916 0.5338907582419259 0.009260790688650948 0.04332780838012695 0.05549324303865433
0 0.8780790056501117 0.5441094807216099 0.009254183088030134 0.03715688841683524 0.05527428537607193
0 0.8914444105965751 0.5441075733729771 0.009104456220354353 0.03705416406903948 0.05525884032249451
0 0.8625241688319615 0.5443172454833984 0.009501797812325614 0.03666717665536063 0.0552336759865284
0 0.09616549525942121 0.5432216780526298 0.008109041622706823 0.035664524350847514 0.05407357215881348
0 0.8671275547572544 0.5443346159798759 0.009504522596086775 0.03656830106462751 0.05345238000154495
0 0.9567926951817104 0.54066116469247 0.008468355451311384 0.04059410095214844 0.05306467413902283
0 0.443183217729841 0.5200109822409493 0.005776609693254743 0.020141124725341797 0.0528838150203228
0 0.3649829796382359 0.5369294370923724 0.008779525756835938 0.044561522347586494 0.05223783478140831
0 0.5221224171774728 0.5194087028503418 0.005723272051130023 0.022575276238577708 0.05151403322815895
0 0.9707792827061245 0.547194344656808 0.008242062159946986 0.037371976034981866 0.051123205572366714
0 0.8713733128138951 0.5442708219800677 0.009425503867013114 0.03668607984270368 0.05106452479958534
0 0.3925309181213379 0.5332048961094448 0.00857506479535784 0.0407893317086356 0.050696391612291336
0 0.43935530526297434 0.5200885363987514 0.0059812068939208984 0.02101005826677595 0.05054793506860733
