0 0.37304939542497906 0.5414636475699288 0.009838512965611048 0.037116561617170064 0.39736220240592957
0 0.3683774471282959 0.5419652802603585 0.00992584228515625 0.037026984351021905 0.3677649199962616
0 0.37847352027893066 0.5393162454877581 0.009552615029471261 0.03691015924726214 0.3108709454536438
0 0.3865518569946289 0.5429302624293736 0.009636402130126953 0.03327866962977818 0.23650547862052917
0 0.3631364277430943 0.5438338007245745 0.010068518774850028 0.036404269082205634 0.23564356565475464
0 0.12115217958177839 0.5417901447841099 0.008636040346963065 0.03631949424743652 0.22376367449760437
0 0.1268763882773263 0.5418695722307477 0.008635563509804862 0.03675246238708496 0.21818146109580994
0 0.9614428792681012 0.5399715559823173 0.007969038827078683 0.03875620024544852 0.19766752421855927
0 0.1306191086769104 0.5419721603393555 0.008626324789864677 0.03689343588692801 0.19182179868221283
0 0.11788269451686315 0.5369284152984619 0.008160327162061418 0.035100391932896206 0.17468735575675964
0 0.38230858530317036 0.5340141228267125 0.009049006870814733 0.03663567134312221 0.1732974648475647
0 0.9579305648803711 0.5444597516741071 0.007625647953578404 0.03046597753252302 0.17244045436382294
0 0.5539789881025042 0.5338232176644462 0.00876028197152274 0.04402565956115723 0.15374034643173218
0 0.1352891070502145 0.5428354740142822 0.008586253438677107 0.03643465042114258 0.152099609375
0 0.9552380698067802 0.5340989317212786 0.00697401591709682 0.03556905473981585 0.14642174541950226
0 0.5476442745753697 0.5279946327209473 0.007560525621686663 0.036119631358555386 0.1405825912952423
0 0.3581611088344029 0.5439230373927525 0.010007074901035853 0.036206654139927456 0.13782045245170593
0 0.5582810129438128 0.53565628187997 0.008971929550170898 0.044503484453473775 0.13539090752601624
0 0.9580649648393903 0.5299322605133057 0.006872858319963727 0.032916409628731866 0.12012622505426407
0 0.9385164124625069 0.540724618094308 0.007247788565499442 0.03620389529636928 0.11926233768463135
0 0.9643957955496651 0.525742667061942 0.00587810788835798 0.025090251650129045 0.11742154508829117
0 0.952150821685791 0.5397141320364816 0.0072749001639229914 0.036725010190691264 0.1173279732465744
0 0.2499598434993199 0.5457663536071777 0.010192275047302246 0.0346245425088065 0.11632818728685379
0 0.2742868150983538 0.5448095457894462 0.010082806859697615 0.034771272114345005 0.1151985377073288
0 0.38818066460745676 0.5310184614998954 0.008438961846487862 0.03307976041521345 0.11486262828111649
0 0.1116707410131182 0.5376924787248883 0.00809577533176967 0.0328829288482666 0.1143745705485344
0 0.13956493990761892 0.5444261005946568 0.009132274559565954 0.03540260451180594 0.1119598001241684
0 0.1445661953517369 0.5439844472067696 0.009064997945513045 0.03518247604370117 0.1116875410079956
0 0.39712408610752653 0.5293233054024833 0.007908037730625697 0.03284675734383719 0.1074988842010498
0 0.25502146993364605 0.5458957808358329 0.010350142206464494 0.03479170799255371 0.10748256742954254
0 0.9434849875313895 0.5404050690787179 0.00720562253679548 0.03645266805376325 0.10746363550424576
0 0.26968554088047575 0.5452328409467425 0.010326760155814034 0.03439170973641532 0.1002684086561203
0 0.9354992594037738 0.5473146779196603 0.007802145821707589 0.024693080357142856 0.09987608343362808
0 0.9325034277779716 0.5416345255715507 0.007212366376604352 0.03640801565987723 0.0986393392086029
0 0.2445164748600551 0.5452143464769635 0.009670376777648926 0.03450325557163784 0.09863048791885376
0 0.08086211340767997 0.5288415976933071 0.005897377218518939 0.02572931562151228 0.09655319899320602
0 0.5449844087873187 0.5230181217193604 0.006810699190412249 0.03222199848720005 0.09592747688293457
0 0.12263887269156319 0.5302468027387347 0.006886235305241176 0.03463997159685407 0.09575881063938141
0 0.5627066748482841 0.5381580080304827 0.00893265860421317 0.04451056889125279 0.09567512571811676
0 0.9479372160775321 0.5399877003261021 0.007197107587541852 0.03665001051766532 0.09166868031024933
0 0.25947257450648714 0.5458282743181501 0.010356477328709193 0.0345282895224435 0.09153183549642563
0 0.2635949339185442 0.5439464024135044 0.010320765631539481 0.03566779409136091 0.08994417637586594
0 0.10768431425094604 0.5352354730878558 0.007716655731201172 0.031611783163888116 0.08874772489070892
0 0.5418643270220075 0.5227305548531669 0.006876298359462193 0.03176154409136091 0.08786613494157791
0 0.08489280939102173 0.5297724519457135 0.006305064473833356 0.027734007154192244 0.08698500692844391
0 0.2789363179888044 0.5508431025913784 0.009837610380990165 0.023217099053519114 0.08515084534883499
0 0.9287157739911761 0.542421988078526 0.007620538984026227 0.0360649653843471 0.08319813013076782
0 0.15036943980625697 0.5403860637119838 0.008823820522853307 0.039013760430472236 0.08044267445802689
0 0.3939633369445801 0.5268908909388951 0.0077326297760009766 0.0298044000353132 0.0791143923997879
0 0.39981307302202496 0.525754587990897 0.007359709058489118 0.028630052294049944 0.07880718261003494
0 0.28317727361406597 0.545003959110805 0.010036536625453405 0.03499947275434222 0.07726698368787766
0 0.4056319849831717 0.531479971749442 0.007833480834960938 0.03451486996241978 0.07702898979187012
0 0.8327523640223912 0.5445717402866909 0.007941450391496931 0.03321276392255511 0.0762891098856926
0 0.5667872428894043 0.5383286476135254 0.008797202791486467 0.044833626065935404 0.0761672854423523
0 0.960747310093471 0.5258427347455706 0.0059937068394252235 0.027759177344185964 0.07512203603982925
0 0.10310109172548566 0.5348442622593471 0.0076972075871058875 0.030771425792149136 0.074435293674469
0 0.11460923297064644 0.5295705454690116 0.006870644433157784 0.03374433517456055 0.07408975809812546
0 0.5368471826825824 0.5221657071794782 0.006791830062866211 0.030783687319074358 0.07408875972032547
0 0.07867137023380824 0.525472606931414 0.005467193467276437 0.023903506142752513 0.07403603941202164
0 0.35224485397338867 0.544043745313372 0.009929554803030831 0.03614006723676409 0.07325275987386703
0 0.9239959716796875 0.5431501524788993 0.00816549573625837 0.03553230421883719 0.07302048057317734
0 0.08779782908303398 0.5302739143371582 0.0067683373178754535 0.028674091611589705 0.07140060514211655
0 0.8259563446044922 0.5446606363568988 0.008076327187674386 0.03255271911621094 0.0702640563249588
0 0.5706548690795898 0.5385024888174874 0.00865582057407924 0.045123134340558736 0.06698121130466461
0 0.5348680359976632 0.5164586135319301 0.0057801178523472375 0.0239931515284947 0.06659596413373947
0 0.41375602994646343 0.5276428631373814 0.007305690220424107 0.03253146580287388 0.06326699256896973
0 0.8218074526105609 0.5446736471993583 0.00801433835710798 0.03271027973720005 0.06300266832113266
0 0.9181078502110073 0.5436372075762067 0.008485862186976842 0.03541360582624163 0.06246332824230194
0 0.539794785635812 0.5172628675188337 0.006175075258527484 0.02742791175842285 0.06241472065448761
0 0.07582816055842809 0.5250650474003383 0.005344229085104806 0.02312006269182478 0.06235935911536217
0 0.09782707691192627 0.5346368721553257 0.007706991263798305 0.030178615025111606 0.062250081449747086
0 0.28877084595816477 0.5451156411852155 0.010015674999782018 0.03501381192888532 0.06111432611942291
0 0.33202498299734934 0.5444916316441127 0.009694440024239677 0.03593087196350098 0.06038467586040497
0 0.8174969809395927 0.5446009635925293 0.007935319628034319 0.032894986016409736 0.05988265946507454
0 0.1542086430958339 0.5445104326520648 0.009181363242013114 0.03459838458469936 0.05896701291203499
0 0.5751671109880719 0.538588387625558 0.008551154817853655 0.04523927824837821 0.058804310858249664
0 0.830010005405971 0.5515007291521344 0.008238111223493303 0.020357574735369 0.058440983295440674
0 0.23860836029052734 0.5451697622026715 0.009590659822736467 0.03425635610307966 0.05824487283825874
0 0.4083435194832938 0.5211185727800641 0.006612334932599749 0.025591135025024414 0.058039817959070206
0 0.09114692892347064 0.5307482310703823 0.007116658346993583 0.028978041240147183 0.05778389796614647
0 0.07325610092708043 0.5281685420445034 0.0058457085064479285 0.02479440825326102 0.05755279213190079
0 0.5289531775883266 0.5197721549442836 0.006115640912737165 0.024608680180140903 0.057325948029756546
0 0.40188843863351004 0.5369565146309989 0.008863142558506556 0.039600985390799384 0.0563349723815918
0 0.09410926273890904 0.5343127591269357 0.007473698684147426 0.029862063271658763 0.05632391944527626
0 0.8140965870448521 0.5445771898542132 0.007892744881766183 0.03307761464800153 0.05605079606175423
0 0.9411656515938895 0.5330020359584263 0.006730556488037109 0.0350949764251709 0.055454663932323456
0 0.40409759112766813 0.5213609082358224 0.006668158939906529 0.0260404178074428 0.05439538136124611
0 0.5797819410051618 0.5391887596675328 0.008502483367919922 0.04430648258754185 0.0534185916185379
0 0.5846120289393834 0.5399793897356305 0.008361203329903739 0.04239957673209054 0.05328485742211342
0 0.11018691744123187 0.5271286964416504 0.006499230861663818 0.02742729868207659 0.05267874151468277
0 0.5952652522495815 0.542302063533238 0.008624144962855749 0.037875584193638394 0.052445415407419205
0 0.9140216282435826 0.5435968807765416 0.008511679513113839 0.035479068756103516 0.05222662165760994
0 0.8348774228777204 0.5511552265712193 0.008087907518659319 0.021044901439121792 0.05216219648718834
0 0.5895697048732212 0.5413235936846051 0.008443559919084822 0.039520127432686944 0.0521121546626091
0 0.5501660619463239 0.5187694004603794 0.006197963442121234 0.03300506728036063 0.051826998591423035
0 0.41180951254708426 0.5207242965698242 0.0065326690673828125 0.024951185498918806 0.05168608948588371
0 0.1411122509411403 0.5326153210231236 0.0074885402406964984 0.040703841618129184 0.051644790917634964
0 0.8379929406302316 0.5441831861223493 0.007956232343401228 0.03419641086033413 0.05150134861469269
0 0.6025418554033551 0.5430912290300641 0.00869342258998326 0.036935976573399136 0.05142088606953621
0 0.5432052612304688 0.5370454107012067 0.009318147386823381 0.04844696181161063 0.051010046154260635
