0 0.4459355558667864 0.5151703698294503 0.004644121442522321 0.01734999247959682 0.1499810367822647
0 0.9580989565168109 0.5265102386474609 0.005494867052350726 0.022241728646414622 0.12366042286157608
0 0.08644178935459682 0.5362865584237235 0.006820074149540493 0.029093776430402483 0.09078528732061386
0 0.5870819091796875 0.5380080427442279 0.008343219757080078 0.04310798645019531 0.09071708470582962
0 0.5842936379568917 0.54100615637643 0.00866549355643136 0.041869674410138814 0.09002621471881866
0 0.09523117542266846 0.5380368913922992 0.006820482867104667 0.02981604848589216 0.08600857853889465
0 0.36817983218601774 0.5375688416617257 0.007581097739083427 0.03594238417489188 0.08474419265985489
0 0.9504299163818359 0.5347342491149902 0.006654603140694755 0.030531985419137136 0.08223051577806473
0 0.5796764918736049 0.5408340862819127 0.008779185158865792 0.0415827887398856 0.07489944994449615
0 0.9589915956769671 0.5349211692810059 0.006557941436767578 0.030447721481323242 0.07301200181245804
0 0.36285829544067383 0.5359720502580915 0.0075444153376988 0.03314300945826939 0.07069019228219986
0 0.9648511069161552 0.5263803345816476 0.005412442343575614 0.02191526549203055 0.0685393363237381
0 0.44398886816842215 0.5196951457432338 0.005040952137538365 0.018963643482753208 0.06775714457035065
0 0.9566549573625837 0.5275992325374058 0.005370140075683594 0.02681595938546317 0.0664292648434639
0 0.39223030635288786 0.5351963043212891 0.007073743002755302 0.034403324127197266 0.06373732537031174
0 0.9390841892787388 0.5366241591317313 0.006431920187813895 0.03381235258919852 0.06083964183926582
0 0.5900020599365234 0.5415166105542865 0.009417397635323661 0.04045656749180385 0.06075604259967804
0 0.9597866194588798 0.5271359171186175 0.0054133278982979914 0.02605400766645159 0.06020551547408104
0 0.32034553800310406 0.5462259565080915 0.00816896983555385 0.0307246276310512 0.05889982730150223
0 0.5746064867292132 0.5409161022731236 0.008892536163330078 0.04177543095179966 0.058684639632701874
0 0.5690346445356097 0.5408380372183663 0.008944341114589147 0.04209249360220773 0.055488139390945435
0 0.32582024165562223 0.5461551802498954 0.008254255567278181 0.031231369291033064 0.055369410663843155
0 0.3171107428414481 0.5454742908477783 0.008786133357456751 0.03292029244559152 0.054636407643556595
0 0.0812370777130127 0.5322665827614921 0.0058901139668055946 0.028202806200299944 0.05144434794783592
0 0.9440405709402901 0.5359485489981515 0.006569930485316685 0.033862148012433736 0.050990767776966095
0 0.9527684620448521 0.5284249441964286 0.005477292197091239 0.027187108993530273 0.05079219490289688
