0 0.43553032193865093 0.5204453468322754 0.0046029772077287945 0.01839212008884975 0.19378288090229034
0 0.43853773389543804 0.5206537587302071 0.004602738789149693 0.017360687255859375 0.13728655874729156
0 0.9710649762834821 0.528292349406651 0.0063768114362444195 0.028971263340541294 0.08370319753885269
0 0.9532584462847028 0.5412821769714355 0.008043016706194197 0.040493862969534736 0.07838911563158035
0 0.9660794394356864 0.532134975705828 0.006873062678745815 0.03542607171194894 0.07746722549200058
0 0.9561567306518555 0.5411609240940639 0.007783957890101841 0.04039457866123745 0.0745399221777916
0 0.36883364404950825 0.5435937132154193 0.008433069501604353 0.03621523720877511 0.07444809377193451
0 0.9582435062953404 0.5376502445765904 0.00740466799054827 0.040465593338012695 0.07179701328277588
0 0.06429563675607954 0.5286576407296317 0.004877022334507534 0.021373067583356584 0.06537021696567535
0 0.9611643382481166 0.5372784818921771 0.007372174944196429 0.04076215199061802 0.06323294341564178
0 0.5504029137747628 0.5268621444702148 0.006002834865025112 0.026478801454816545 0.06126166507601738
0 0.3724461283002581 0.5436170441763741 0.008474656513759069 0.03615811892918178 0.06091379001736641
0 0.44012233189174105 0.5202082225254604 0.004597323281424386 0.018552541732788086 0.058095213025808334
0 0.06194583858762469 0.5356368337358747 0.006443713392530169 0.02857344491141183 0.056272294372320175
0 0.9487560135977608 0.5415422575814384 0.007827622549874442 0.04014549936567034 0.0548601970076561
0 0.9691088540213448 0.5293991225106376 0.006126880645751953 0.034327336720057895 0.0529802143573761
0 0.12216840471540179 0.5472467286246163 0.00841432809829712 0.029672111783708845 0.051961421966552734
0 0.36288152422223774 0.5449653012411935 0.008293594632829939 0.03290299006870815 0.05190448835492134
0 0.1555396488734654 0.5483014924185616 0.009879810469491141 0.027842964444841658 0.0516093485057354
0 0.5462968008858817 0.526479959487915 0.0059648241315569195 0.026741640908377513 0.05110350623726845
0 0.44185284205845426 0.520242554800851 0.004605565752301898 0.016877821513584683 0.051047731190919876
