0 0.9666234425136021 0.5380780356270927 0.00715289797101702 0.03542396000453404 0.2185002863407135
0 0.961780275617327 0.538029602595738 0.008186135973249162 0.036419221333095005 0.19586846232414246
0 0.9639038358415876 0.5307010241917202 0.007151808057512555 0.03343514033726284 0.1834372878074646
0 0.9687197549002511 0.5266802651541573 0.00625535420009068 0.028304985591343472 0.14886289834976196
0 0.9578629221235003 0.5408977099827358 0.008444104875837053 0.037070001874651225 0.1376262903213501
0 0.8800836290631976 0.543722220829555 0.009937150137765067 0.03610174996512277 0.1206103041768074
0 0.9728629248482841 0.5261388846806118 0.0064062391008649555 0.028701714106968472 0.11603406816720963
0 0.5644028867994036 0.5402838843209403 0.008908067430768694 0.04254014151436942 0.0941997542977333
0 0.06644275784492493 0.5313538823808942 0.0060558489390781945 0.031506129673549106 0.09305320680141449
0 0.5602277347019741 0.5399008478437152 0.008941105433872767 0.042539971215384345 0.09236352145671844
0 0.5722306796482631 0.5404626301356724 0.009016752243041992 0.042187656675066264 0.09168846160173416
0 0.8756743839808873 0.5439261027744838 0.00985166004725865 0.03524238722664969 0.09070944786071777
0 0.07009856190000262 0.5315734318324498 0.006037409816469465 0.03157407896859305 0.09052331000566483
0 0.8868427957807269 0.5440055302211216 0.009919439043317522 0.03652071952819824 0.08945959061384201
0 0.06348270603588649 0.5310139656066895 0.006014815398624965 0.031641789845057895 0.08722876757383347
0 0.07251478093011039 0.5354974610464913 0.0063970812729426795 0.03372679437909808 0.08517562597990036
0 0.5688034125736782 0.545581749507359 0.010030269622802734 0.03384964806692941 0.08474414795637131
0 0.5766898563929966 0.5408461775098529 0.009027821677071708 0.04133033752441406 0.08105114102363586
0 0.317812374659947 0.5451226915631976 0.010134186063494002 0.03457917485918317 0.08072783052921295
0 0.36357361929757254 0.542820862361363 0.009404897689819336 0.03652412550789969 0.08029110729694366
0 0.32225281851632254 0.544957024710519 0.010202646255493164 0.034944977079119 0.08007898181676865
0 0.31308484077453613 0.5451297419411796 0.010137626102992467 0.03433098111833845 0.07992371916770935
0 0.9529972076416016 0.5409594944545201 0.008471352713448661 0.037397214344569614 0.07938780635595322
0 0.5560479845319476 0.5367188453674316 0.009256124496459961 0.04471809523446219 0.07839294523000717
0 0.19411608151027135 0.5454835891723633 0.009902153696332659 0.03366790499005999 0.07777976244688034
0 0.05683921490396772 0.5264192308698382 0.005142058644975934 0.025665215083530972 0.07644717395305634
0 0.9558916091918945 0.5318963868277413 0.007669380732945034 0.034609011241367886 0.07641168683767319
0 0.8837794576372419 0.5506810120173863 0.010307584490094866 0.022899695805140903 0.07592205703258514
0 0.06037001098905291 0.5307807581765311 0.005985166345323835 0.03174359457833426 0.07554420828819275
0 0.32704380580357145 0.5448242255619594 0.01014566421508789 0.03517348425728934 0.07488057017326355
0 0.3080968175615583 0.5451035499572754 0.010151897157941545 0.03417863164629255 0.07147979736328125
0 0.20079605919974192 0.5454612800053188 0.009866561208452498 0.033153533935546875 0.0712403878569603
0 0.07632991245814733 0.5382298401423863 0.00688856840133667 0.03559228352137974 0.0702022835612297
0 0.08406796625682286 0.5321989059448242 0.006312046732221331 0.03235374178205218 0.06814201176166534
0 0.18982044288090297 0.5422347613743373 0.009876625878470284 0.039964539664132256 0.0665099248290062
0 0.5818737574986049 0.5414267267499652 0.009000165121895927 0.039891140801565986 0.06585130095481873
0 0.18563549859183176 0.5453752790178571 0.009825212614876884 0.033848115376063755 0.06564845144748688
0 0.20496647698538645 0.5438692229134696 0.009934885161263602 0.0350470883505685 0.0651962086558342
0 0.35507423537118094 0.5436554636274066 0.009526048387799944 0.03641510009765625 0.0638708844780922
0 0.08643356391361781 0.5413379328591483 0.007524456296648298 0.03564623423985073 0.063626229763031
0 0.09065416881016322 0.5413914408002581 0.007546842098236084 0.03573264394487653 0.06261683255434036
0 0.30339029857090544 0.5449670382908413 0.010145187377929688 0.03419419697352818 0.06257547438144684
0 0.8913079670497349 0.5441290310450962 0.00985867636544364 0.03665045329502651 0.06247410550713539
0 0.9754397528512138 0.521749632699149 0.005521842411586216 0.0247800350189209 0.060878004878759384
0 0.20911499432155065 0.5453973497663226 0.009847181183951241 0.03288636888776507 0.06042313203215599
0 0.33235457965305876 0.5445688111441476 0.009994370596749442 0.03550601005554199 0.05948707088828087
0 0.06037759780883789 0.5215176173618862 0.00461277791431972 0.021973575864519392 0.05913860350847244
0 0.09539016655513219 0.5414099012102399 0.007501031671251569 0.03595498629978725 0.059002313762903214
0 0.07923805713653564 0.5409878322056362 0.007349721023014614 0.03585563387189593 0.058906253427267075
0 0.1303942288671221 0.5437116622924805 0.008674263954162598 0.03600311279296875 0.05866001173853874
0 0.29852724075317383 0.5447877134595599 0.010076829365321569 0.03425673076084682 0.05782516673207283
0 0.37200205666678293 0.5419995444161552 0.008994613374982561 0.037079845155988424 0.05771574750542641
0 0.6625388009207589 0.5451299122401646 0.0102212769644601 0.03461418833051409 0.05769917368888855
0 0.18063088825770787 0.545353616986956 0.009789041110447474 0.03395806040082659 0.057621102780103683
0 0.16970995494297572 0.5451481001717704 0.009694933891296387 0.034083468573434014 0.05759896710515022
0 0.213970490864345 0.545346736907959 0.009840965270996094 0.03301147052219936 0.0560455247759819
0 0.6545043672834124 0.5450821604047503 0.010256971631731306 0.034769841602870395 0.05603942275047302
0 0.16295426232474192 0.5448944568634033 0.00948420592716762 0.03431510925292969 0.05540401116013527
0 0.9786898749215263 0.5214602266039167 0.0051920754568917414 0.023869923182896206 0.05519634857773781
0 0.10033821208136422 0.5416738986968994 0.007470778056553432 0.036402225494384766 0.05512385815382004
0 0.12589506592069352 0.5436382974897113 0.008628215108598982 0.03606009483337402 0.055105533450841904
0 0.1354360921042306 0.5437563487461635 0.008765620844704764 0.03589470045907157 0.0542018823325634
0 0.08165287971496582 0.5275523321969169 0.0055958543504987445 0.02811295645577567 0.054088689386844635
0 0.17582479545048305 0.5453506197248187 0.00977567264011928 0.03403387750898089 0.054018355906009674
0 0.3582273891993931 0.5371907779148647 0.009217466626848494 0.03927421569824219 0.05400238186120987
0 0.29345699719020296 0.5446325370243618 0.010009220668247767 0.034264836992536275 0.053366050124168396
0 0.5506994383675712 0.5380022185189384 0.009332350322178431 0.04705221312386649 0.052714426070451736
0 0.06441086956432887 0.5216260978153774 0.0046294501849583215 0.022000040326799666 0.05268781632184982
0 0.38830484662737164 0.5389915534428188 0.008427517754690987 0.03669820513044085 0.05251665413379669
0 0.36733596665518625 0.5476241111755371 0.009687014988490514 0.02773519924708775 0.0523034892976284
0 0.05375497681753976 0.521261351449149 0.004549209560666766 0.021767173494611467 0.051223717629909515
0 0.04866942337581089 0.5252346311296735 0.00527827228818621 0.025698150907244 0.05069451034069061
0 0.39333793095179964 0.53781144959586 0.007959604263305664 0.0363985470363072 0.05042797699570656
0 0.10527355330330986 0.5419964790344238 0.007488131523132324 0.03659248352050781 0.05036219581961632
0 0.28910878726414274 0.5430775710514614 0.009972367967878069 0.03553199768066406 0.05002262443304062
