0 0.9097508021763393 0.5427468844822475 0.00912611825125558 0.03619728769574847 0.2145845741033554
0 0.9058164869035993 0.5429912294660296 0.009335313524518694 0.03623083659580776 0.21429330110549927
0 0.8990270069667271 0.5431876182556152 0.0095498902457101 0.036688770566667826 0.17676980793476105
0 0.9143150193350655 0.542346681867327 0.008788790021623884 0.03672926766531808 0.17030492424964905
0 0.955190931047712 0.532226698739188 0.00609173093523298 0.032916511808122904 0.1663675755262375
0 0.8945258004324776 0.5433061463492257 0.009615693773542131 0.036928960255214145 0.15520575642585754
0 0.9606026240757534 0.52802688734872 0.005443096160888672 0.028872013092041016 0.14236877858638763
0 0.889141355242048 0.5438133307865688 0.009755066462925501 0.036350863320486884 0.13185346126556396
0 0.9572961671011788 0.527935436793736 0.005784170968191964 0.031756741659981866 0.12667688727378845
0 0.9522300447736468 0.5323311941964286 0.00618464606148856 0.03378868103027344 0.12317631393671036
0 0.9496638434273856 0.5360372407095773 0.006602014814104352 0.03499518121991839 0.11314273625612259
0 0.9180100304739816 0.5398362023489816 0.008603232247488839 0.03878181321280343 0.11142467707395554
0 0.8826713562011719 0.5444020884377616 0.009841101510184152 0.03510659081595285 0.10033483058214188
0 0.9435766765049526 0.5388471058436802 0.007863453456333705 0.03785177639552525 0.09229222685098648
0 0.5455443177904401 0.5261519295828683 0.006058897290910993 0.028221947806222097 0.09173046797513962
0 0.9214600154331752 0.541308982031686 0.008207389286586217 0.038318634033203125 0.09172207862138748
0 0.5485389573233468 0.5262994425637382 0.006044558116367885 0.02839926310947963 0.0909763053059578
0 0.8662014007568359 0.5452743938991002 0.009406907217843192 0.035067353929792135 0.0902993381023407
0 0.3661744253976004 0.5384695529937744 0.007649455751691546 0.033674308231898716 0.08784964680671692
0 0.5525027002607074 0.5305600166320801 0.006971120834350586 0.034342050552368164 0.08684574067592621
0 0.15061472143445695 0.5456504140581403 0.007613999502999442 0.03294944763183594 0.0861334353685379
0 0.12735092639923096 0.5451675823756627 0.007169817175183978 0.032691751207624166 0.08555483818054199
0 0.5806703567504883 0.536700963973999 0.0069822583879743305 0.037209783281598775 0.08554373681545258
0 0.862086296081543 0.5455101558140346 0.009389809199741908 0.03485512733459473 0.08504579216241837
0 0.8704154150826591 0.5451131548200335 0.009430204119001116 0.035211426871163506 0.08421704918146133
0 0.8779595920017788 0.5446969441005162 0.009659767150878906 0.035151583807809014 0.0825197696685791
0 0.5553492818559919 0.5344008377620152 0.0072503771100725445 0.03687231881277902 0.08131366968154907
0 0.14550318036760604 0.5454432623726981 0.007385986191885812 0.03278122629438128 0.08062098175287247
0 0.12291678360530309 0.5447956493922642 0.006954039846147809 0.03228766577584403 0.07975002378225327
0 0.9365887641906738 0.5410259791782924 0.008160863603864397 0.038563694272722514 0.07907694578170776
0 0.9253853389195034 0.540971176964896 0.008177144186837333 0.03849656241280692 0.07820023596286774
0 0.1323847770690918 0.5454485416412354 0.00728656564440046 0.03284713200160435 0.07473590970039368
0 0.9310638563973563 0.5409801346915108 0.00818988255092076 0.038545029503958564 0.07460573315620422
0 0.5773893765040806 0.5399965558733258 0.007800102233886719 0.0405996526990618 0.07408846914768219
0 0.5732154846191406 0.5399124622344971 0.007807935987200055 0.040599209921700616 0.07373009622097015
0 0.5326164790562221 0.5241458756583077 0.006017923355102539 0.025590590068272183 0.07299629598855972
0 0.36957195826939176 0.5426808084760394 0.007886137281145369 0.033841848373413086 0.07267619669437408
0 0.5866831370762416 0.5315271105085101 0.006368024008614677 0.0374877793448312 0.07073239237070084
0 0.9651718820844378 0.5228021485464913 0.004865237644740513 0.02571402277265276 0.07000352442264557
0 0.9673046384538923 0.5231713226863316 0.004986899239676339 0.026097638266427175 0.06887634843587875
0 0.1541327748979841 0.5422843183789935 0.007815616471426827 0.03955902372087751 0.06866514682769775
0 0.5381635257175991 0.5207908494131905 0.005269391196114677 0.02413896151951381 0.0684562548995018
0 0.14104220696857997 0.5454718044825962 0.007342525890895298 0.03283616474696568 0.0682748481631279
0 0.15749301229204452 0.5458923067365374 0.008092931338718959 0.03313520976475307 0.06789786368608475
0 0.3732295036315918 0.5425701481955392 0.007863078798566545 0.03408888408115932 0.06639018654823303
0 0.1367945330483573 0.5454574993678502 0.007308219160352435 0.03287308556692941 0.06628492474555969
0 0.5412217548915318 0.5209732055664062 0.00529789924621582 0.02453558785574777 0.06593730300664902
0 0.857154301234654 0.5456427165440151 0.009338855743408203 0.03454422950744629 0.0659182146191597
0 0.5609890392848423 0.5373685700552804 0.0074400220598493305 0.03963432993207659 0.06482379138469696
0 0.3633474622453962 0.5434785229819161 0.008280856268746513 0.03400870731898716 0.06430550664663315
0 0.5693577017102923 0.539811338697161 0.007800987788609096 0.04067887578691755 0.06429249048233032
0 0.543595688683646 0.5211749417441232 0.005286625453404018 0.024779660361153737 0.06365644931793213
0 0.5847563062395368 0.5408293179103306 0.007824012211390905 0.03995316369192941 0.06334470212459564
0 0.8748889650617327 0.5512151718139648 0.009673186710902624 0.022699151720319475 0.06279034167528152
0 0.7073872429983956 0.5450047765459333 0.009106772286551339 0.03476401737758091 0.06257335096597672
0 0.5385994911193848 0.531327656337193 0.007102182933262416 0.035145112446376255 0.06203697249293327
0 0.575211797441755 0.5296876771109444 0.006036349705287388 0.033973591668265204 0.06145453453063965
0 0.7113591602870396 0.5422728061676025 0.009259155818394251 0.03976835523332868 0.06068239361047745
0 0.7026745932442802 0.544990062713623 0.009158338819231306 0.034705536706107 0.060362573713064194
0 0.5900670460292271 0.5416343552725655 0.008008548191615514 0.03905374663216727 0.06022677570581436
0 0.9401467187064034 0.5461700303213937 0.00903947012765067 0.030659777777535573 0.06008021533489227
0 0.5307684625898089 0.5195930344717843 0.0052901336124965125 0.021740879331316267 0.0599469318985939
0 0.3766247544969831 0.542344297681536 0.007742404937744141 0.034317459378923686 0.059529464691877365
0 0.11847344466618129 0.5443112509591239 0.006644027573721749 0.031480414526803155 0.058566849678754807
0 0.16274780886513845 0.5460256508418492 0.008209637233189173 0.03332832881382534 0.0578821524977684
0 0.7757690974644252 0.5457566806248256 0.009167603084019251 0.03320847238813128 0.0575585663318634
0 0.3605448177882603 0.5358836991446358 0.007575852530343192 0.03466003281729562 0.057429518550634384
0 0.7715667997087751 0.5456784793308803 0.009154796600341797 0.03325683729989188 0.057304948568344116
0 0.7152159554617745 0.5451700687408447 0.009139810289655412 0.03440461839948382 0.05680307000875473
0 0.16724799360547746 0.5460881505693708 0.008234977722167969 0.033459322793143134 0.05675355717539787
0 0.17149172510419572 0.5461041586739677 0.008253625461033412 0.033574070249285014 0.0565568208694458
0 0.9712903159005302 0.5223583493913923 0.004693099430629185 0.023974997656685964 0.055658046156167984
0 0.5650548594338554 0.5397142682756696 0.007775647299630302 0.04085816655840192 0.05469151586294174
0 0.5505856105259487 0.521768297467913 0.0052403381892613 0.026967627661568776 0.053755536675453186
0 0.7835781914847237 0.5458887645176479 0.009212085178920202 0.033198458807809014 0.05286321043968201
0 0.9624755041939872 0.5232341630118233 0.00540086201259068 0.029733215059552873 0.05226105451583862
0 0.6505391257149833 0.5449578080858503 0.008913380759102958 0.03552252905709403 0.0512668751180172
0 0.8504972457885742 0.5457786491939 0.00928640365600586 0.0339996474129813 0.05058924853801727
0 0.38032749720982145 0.5421841485159737 0.007634503500802177 0.03434821537562779 0.05045776441693306
0 0.6553700310843331 0.5450146879468646 0.008922713143484933 0.0354572023664202 0.050199512392282486
0 0.7664360318865094 0.5456466334206718 0.009176458631243025 0.033233438219342916 0.05015299469232559
0 0.9517075674874442 0.5452221461704799 0.008296080998011999 0.03550355775015695 0.0500926747918129
