0 0.10381840808050972 0.5432085309709821 0.007513948849269322 0.03445546967642648 0.10102265328168869
0 0.09263148478099278 0.5427507332393101 0.007280690329415458 0.033869538988385885 0.09753596782684326
0 0.09582047803061348 0.5427453858511788 0.007323988846370152 0.03392645290919712 0.09619692713022232
0 0.09985320908682686 0.5427068982805524 0.0073384302003043035 0.03397740636553083 0.09609135240316391
0 0.08946124996457781 0.5427210330963135 0.007244229316711426 0.03378854479108538 0.09549283981323242
0 0.08622993741716657 0.5424661295754569 0.007124381405966622 0.03370012555803571 0.08711032569408417
0 0.10809590135301862 0.5451911176953997 0.008302765233176095 0.03394528797694615 0.08662395179271698
0 0.5237595353807721 0.514815194266183 0.004404817308698382 0.018623522349766324 0.08245517313480377
0 0.11156395503452846 0.54438430922372 0.008307806083134242 0.034594876425606866 0.07581371814012527
0 0.08306440285273961 0.5421278136117118 0.006919426577431815 0.03367127690996442 0.07444016635417938
0 0.5187228407178607 0.5190682411193848 0.005174500601632255 0.02054769652230399 0.06649500876665115
0 0.517035893031529 0.5147865840366909 0.004381554467337472 0.0184823785509382 0.061657972633838654
0 0.5261702537536621 0.5149792262486049 0.004485164369855609 0.019809722900390625 0.06009992957115173
0 0.4216508184160505 0.5250101089477539 0.005553279604230609 0.022182668958391463 0.057194601744413376
0 0.5289874076843262 0.519486495426723 0.005228962217058454 0.0223085880279541 0.056038957089185715
0 0.4189680644444057 0.525458676474435 0.0055233751024518695 0.02210855484008789 0.0540081225335598
0 0.5399840899876186 0.5198546137128558 0.005331959043230329 0.0226679870060512 0.05321449413895607
0 0.5426739283970424 0.5250603130885533 0.006124053682599749 0.02663367135184152 0.05295589193701744
0 0.535902602331979 0.5197313172476632 0.005318301064627511 0.022617033549717495 0.05290916934609413
0 0.07899854012898036 0.5415717533656529 0.006615212985447475 0.03306460380554199 0.052008818835020065
0 0.5324512209211077 0.5195490973336356 0.0052912235260009766 0.02249200003487723 0.051807016134262085
