0 0.42524218559265137 0.5246219635009766 0.006709984370640346 0.026867900575910295 0.4303562045097351
0 0.42035715920584543 0.5281416007450649 0.007349933896745954 0.034629958016531806 0.3685753345489502
0 0.42741612025669645 0.5240416867392403 0.006516660962785993 0.025713579995291575 0.22114595770835876
0 0.535843985421317 0.5188486916678292 0.005730867385864258 0.02149949754987444 0.16815027594566345
0 0.5398053441728864 0.5170882769993373 0.00556182861328125 0.025129999433244978 0.1560085564851761
0 0.537930965423584 0.5188413347516742 0.006078549793788365 0.02398528371538435 0.15440763533115387
0 0.41674954550606863 0.5299013682774135 0.007806846073695591 0.03767500604901995 0.13347521424293518
0 0.5440102985927037 0.5195421491350446 0.006260701588221959 0.025595154081072127 0.11376579105854034
0 0.5415825843811035 0.5185091154915946 0.006226369312831334 0.02724569184439523 0.11201686412096024
0 0.5344594206128802 0.5162073203495571 0.00539330073765346 0.023534911019461497 0.10969673097133636
0 0.4321508748190744 0.5237931524004255 0.006298133305140904 0.024554899760654995 0.1077096238732338
0 0.05921142441885812 0.534541130065918 0.005599937268665859 0.028634343828473772 0.10528384149074554
0 0.5878786359514508 0.5395397458757673 0.009814058031354631 0.04700432504926409 0.09586479514837265
0 0.5299009595598493 0.5144055570874896 0.005322626658848354 0.019718170166015625 0.09491346031427383
0 0.5810441970825195 0.5390442439488002 0.009927749633789062 0.04763456753322056 0.09261806309223175
0 0.06417318752833776 0.5347836698804583 0.005775260073798043 0.02902718952723912 0.0803927481174469
0 0.5956411361694336 0.5387304850987026 0.010226454053606306 0.047322171075003486 0.07914479076862335
0 0.43608222688947407 0.5237199919564384 0.006245340619768415 0.024163893290928433 0.07613233476877213
0 0.4141050066266741 0.5306032044546944 0.007868732724870955 0.03671949250357492 0.07506314665079117
0 0.9299251692635673 0.5401513235909599 0.009447642735072545 0.043308564594813755 0.0740794762969017
0 0.4103564875466483 0.5337531226021903 0.008050850459507533 0.037894214902605326 0.06240677833557129
0 0.9251995767865863 0.5402938297816685 0.009472029549734933 0.04365508896963937 0.06219230592250824
0 0.9333791732788086 0.5403312274387905 0.009415422167096819 0.04319603102547782 0.06216131150722504
0 0.5471548352922712 0.5208239555358887 0.006555250712803432 0.027769531522478377 0.062009576708078384
0 0.43072663034711567 0.5274839741843087 0.00729438236781529 0.033999851771763394 0.06078121066093445
0 0.44655122075762066 0.5186804362705776 0.005504608154296875 0.019640888486589705 0.058931902050971985
0 0.05539323602403913 0.5371510301317487 0.005869486502238682 0.028420720781598772 0.05770418792963028
0 0.4522162846156529 0.5185177326202393 0.005338566643851144 0.019744941166469028 0.057349175214767456
0 0.5719198499407087 0.5352420466286796 0.00938974108014788 0.04846749986921038 0.05731210485100746
0 0.9635331290108817 0.5278058733258929 0.0065779004778180805 0.031141144888741628 0.055182043462991714
0 0.08115853582109724 0.538811274937221 0.006256750651768276 0.029373237064906528 0.054059237241744995
0 0.5754103660583496 0.5389495917728969 0.009802579879760742 0.04715027127947126 0.053867537528276443
0 0.40673886026654926 0.5342012814113072 0.007932662963867188 0.038181918007986884 0.05138098821043968
0 0.0674267326082502 0.5356906482151577 0.00607685957636152 0.028154066630772183 0.05109810829162598
