0 0.5604884283883231 0.5270777089255196 0.006940228598458427 0.03112527302333287 0.5430896282196045
0 0.5567032950265067 0.5296553543635777 0.007559197289603097 0.03699377604893276 0.22046585381031036
0 0.5623869214739118 0.532017435346331 0.008296115057809013 0.04050329753330776 0.18358880281448364
0 0.380101067679269 0.535952261516026 0.0072226183755057195 0.03378663744245257 0.11927322298288345
0 0.3824577672140939 0.5377756527491978 0.0074629102434430805 0.03384392602103097 0.11301583796739578
0 0.3753435271126883 0.5342467171805245 0.007410492215837751 0.03369344983782087 0.08157063275575638
0 0.5537189074925014 0.527777876172747 0.007448502949305943 0.0355006286076137 0.08132538944482803
0 0.5650512150355748 0.5362677574157715 0.008195570537022181 0.04141347748892648 0.08077491819858551
0 0.3714546135493687 0.5342746802738735 0.007321085248674665 0.033544063568115234 0.07530997693538666
0 0.3885536193847656 0.5377227238246373 0.007321017129080636 0.03416323661804199 0.06364954262971878
0 0.3856302329472133 0.5350520270211356 0.0070694514683314735 0.033658538545881 0.06181304529309273
0 0.39966392517089844 0.5343636785234723 0.006863049098423549 0.03303466524396624 0.06122021749615669
0 0.5519851957048688 0.5216948645455497 0.006096805844988141 0.026690449033464705 0.0594094879925251
0 0.39130987439836773 0.5348191261291504 0.006990603038242885 0.03385465485709054 0.059356238692998886
0 0.3734820229666574 0.5304902281079974 0.0064738477979387555 0.0303128787449428 0.05577399209141731
0 0.3646899632045201 0.5348864964076451 0.007624455860682896 0.03245139122009277 0.05197051167488098
