0 0.9627173287527901 0.5397328989846366 0.008192130497523717 0.04377596718924386 0.24880468845367432
0 0.9584497043064663 0.5383250372750419 0.008686201913016183 0.04410042081560407 0.22792021930217743
0 0.671487671988351 0.5409885474613735 0.012024538857596261 0.043843746185302734 0.19975963234901428
0 0.6771343094961983 0.5408750942775181 0.011791365487234933 0.044225215911865234 0.18853974342346191
0 0.9705182484218052 0.547647374016898 0.007542269570486886 0.0311521121433803 0.15846644341945648
0 0.9546407972063337 0.5385053157806396 0.009095941271100725 0.04187400000435965 0.1581946760416031
0 0.1504641601017543 0.5434190886361259 0.008061391966683524 0.036351169858660014 0.1530393809080124
0 0.15477705001831055 0.5432647296360561 0.00810936519077846 0.03639251845223563 0.14813873171806335
0 0.14798770632062638 0.5367306300571987 0.007444807461329869 0.03941277095249721 0.12386805564165115
0 0.3335362161908831 0.5447844777788434 0.00981102670942034 0.035930088588169644 0.11476851254701614
0 0.6319806235177177 0.5423046180180141 0.011699744633265905 0.04686117172241211 0.10913924127817154
0 0.32649857657296316 0.5449478285653251 0.009782348360334123 0.03592406000409808 0.10681891441345215
0 0.14487736565726145 0.5437197004045758 0.007980695792606898 0.036864008222307475 0.10578253865242004
0 0.4015779495239258 0.542198726109096 0.008873462677001953 0.03564115933009556 0.10384070128202438
0 0.6392651285443988 0.5424461364746094 0.012197766985212053 0.045155729566301615 0.10266883671283722
0 0.40611096790858675 0.5388666561671666 0.008451393672398158 0.0343191283089774 0.10087823122739792
0 0.9664717401776995 0.5303149223327637 0.0075364794049944195 0.03992036410740444 0.10084245353937149
0 0.9506450380597796 0.5392377717154366 0.008320740291050501 0.04136354582650321 0.09523414820432663
0 0.6655482564653669 0.5422180039542062 0.012480463300432478 0.04487027440752302 0.08872143179178238
0 0.3380657604762486 0.5447684696742466 0.009809800556727819 0.035892793110438755 0.08791396766901016
0 0.3223460742405483 0.5455451011657715 0.00919801848275321 0.034926925386701314 0.08012646436691284
0 0.6865764345441546 0.541177477155413 0.011710780007498605 0.044329983847481866 0.07725410908460617
0 0.41016755785260883 0.5356934070587158 0.00806389536176409 0.03240197045462472 0.07564345747232437
0 0.16138035910470144 0.5439597538539341 0.007912107876368932 0.03710096223013742 0.07560378313064575
0 0.41336733954293386 0.5376435688563755 0.007961443492344447 0.03441357612609863 0.07522541284561157
0 0.6246425083705357 0.5422901426042829 0.01178182874407087 0.047384023666381836 0.07197187095880508
0 0.3298933506011963 0.5508584635598319 0.009432452065604073 0.02410125732421875 0.07166590541601181
0 0.6478273527962821 0.542381865637643 0.012433324541364397 0.0452606337411063 0.071637362241745
0 0.395477226802281 0.5430022648402623 0.009411845888410295 0.03791499137878418 0.07096268236637115
0 0.9458233969552177 0.5394470351082938 0.008269786834716797 0.04155564308166504 0.06890412420034409
0 0.8283946173531669 0.5439510004861015 0.009542192731584822 0.03630965096609933 0.06683145463466644
0 0.821413516998291 0.543914931161063 0.009583745683942522 0.036452259336199076 0.06556747853755951
0 0.08900153636932373 0.5429727690560477 0.007852307387760707 0.03484276362827846 0.06398028135299683
0 0.31836741311209543 0.5456459522247314 0.009133986064365931 0.03489255905151367 0.06173237785696983
0 0.9017130306788853 0.5434192248753139 0.008475031171526228 0.037019593375069756 0.05887078493833542
0 0.5727082661220005 0.5370220456804548 0.009923219680786133 0.04602633203778948 0.058569565415382385
0 0.5950257437569755 0.5400520052228656 0.010537488119942802 0.04694441386631557 0.05719240754842758
0 0.41587529863630024 0.5312948908124652 0.007733379091535296 0.031183413096836636 0.05702605098485947
0 0.5901952471051898 0.5395541872297015 0.01038367407662528 0.046588352748325894 0.056411828845739365
0 0.6535442897251674 0.5423511096409389 0.012496335165841239 0.0454801150730678 0.055926449596881866
0 0.5772995267595563 0.5386817114693778 0.010378905705043249 0.04722687176295689 0.05557817965745926
0 0.08215072325297765 0.5420471259525844 0.007604735238211495 0.033955982753208706 0.055307548493146896
0 0.5682544027056012 0.5364198003496442 0.009424618312290736 0.045202629906790595 0.05472012609243393
0 0.6003796713692802 0.5406498908996582 0.010839802878243583 0.047389677592686245 0.054277196526527405
0 0.13921016454696655 0.5437547138759068 0.007878831454685755 0.03673754419599261 0.054198432713747025
0 0.9083385467529297 0.5432274000985282 0.008458137512207031 0.037099293300083706 0.054105088114738464
0 0.61041259765625 0.540548392704555 0.011568341936383928 0.04694328989301409 0.05410449206829071
0 0.5438367979867118 0.521674360547747 0.006752933774675641 0.028689350400652205 0.05288716033101082
0 0.5471776894160679 0.5218899250030518 0.0067729949951171875 0.02932875497000558 0.05277445167303085
0 0.5832644871303013 0.5391412462506976 0.010426385062081473 0.04669945580618722 0.051946721971035004
0 0.0913529566356114 0.5492711067199707 0.008030125073024206 0.022633790969848633 0.051828596740961075
0 0.540818418775286 0.5214014734540667 0.006663288388933454 0.02813192776271275 0.05141434818506241
0 0.9407035282679966 0.5395495550973075 0.00823838370186942 0.04189446994236538 0.05105794221162796
0 0.09459001677376884 0.5430734157562256 0.00785895756312779 0.0349642208644322 0.05072689801454544
0 0.34603071212768555 0.5445162228175572 0.009666613170078822 0.036045619419642856 0.05016293749213219
