0 0.7543656485421317 0.5428982121603829 0.01065410886492048 0.0382227897644043 0.44047045707702637
0 0.7601096289498466 0.5423926625932965 0.010751996721540178 0.03932326180594308 0.3611994981765747
0 0.9621561595371791 0.5254221643720355 0.007028511592320034 0.0315831048148019 0.3465794622898102
0 0.5515126841408866 0.5332862990243095 0.009604998997279577 0.04435059002467564 0.32716140151023865
0 0.9588467734200614 0.5283145223345075 0.00775562013898577 0.035594633647373745 0.32136785984039307
0 0.7471154076712472 0.5435737882341657 0.010738236563546317 0.03799217087881906 0.2982936501502991
0 0.2415550606591361 0.5431270599365234 0.009353092738560267 0.038358756474086216 0.2872872054576874
0 0.5464462552751813 0.5300013678414481 0.009288958140781947 0.04376707758222308 0.2863432765007019
0 0.555549008505685 0.5349534239087786 0.009784766605922155 0.04571540015084403 0.27397021651268005
0 0.8615788051060268 0.5443788255964007 0.01116316659109933 0.03729806627546038 0.27207592129707336
0 0.23464345932006836 0.5431359154837472 0.009599617549351283 0.03814666611807687 0.24845536053180695
0 0.9653908865792411 0.5212777001517159 0.006130695343017578 0.03049468994140625 0.24087615311145782
0 0.05227447407586234 0.5255678721836635 0.004949292966297695 0.021892854145595005 0.23856328427791595
0 0.24554812908172607 0.5432921818324498 0.008941650390625 0.03726731027875628 0.23807625472545624
0 0.5418962751116071 0.5283844130379813 0.008512190410069056 0.0395902224949428 0.23589164018630981
0 0.36160012653895784 0.5413994789123535 0.009790658950805664 0.03705518586294992 0.22132258117198944
0 0.3571244648524693 0.541905335017613 0.00974726676940918 0.03604841232299805 0.21914982795715332
0 0.8680782318115234 0.5451040267944336 0.011518750871930803 0.03608131408691406 0.21636775135993958
0 0.7502186638968331 0.5508622441973005 0.010944775172642298 0.025562592915126255 0.21444323658943176
0 0.7576781681605748 0.5512888772147042 0.010399341583251953 0.025855609348842075 0.20321416854858398
0 0.9525833129882812 0.531905038016183 0.00799764905657087 0.0377347469329834 0.19962206482887268
0 0.0543669377054487 0.5261124542781285 0.004975804260798863 0.023241043090820312 0.19941039383411407
0 0.17520543507167272 0.5435872077941895 0.009849088532584054 0.038759469985961914 0.1982375830411911
0 0.7423289162772042 0.5437436103820801 0.010774953024727958 0.038146870476858954 0.19124875962734222
0 0.5602243287222726 0.5368847846984863 0.009928124291556222 0.04665861810956683 0.1816011369228363
0 0.36619676862444195 0.5412242753165108 0.009914840970720564 0.03774482863289969 0.17820440232753754
0 0.7652866499764579 0.5426225321633475 0.010617256164550781 0.03942939213344029 0.17796508967876434
0 0.9414513451712472 0.5379090309143066 0.00837080819266183 0.0406771046774728 0.17587344348430634
0 0.04867981161390032 0.5206469467708043 0.004570028611591884 0.02021918978009905 0.17289325594902039
0 0.04378350291933332 0.5248187610081264 0.004671045712062291 0.021622862134660994 0.1719614416360855
0 0.955552509852818 0.5262087753840855 0.007316453116280692 0.033116544995989115 0.17119857668876648
0 0.9630742073059082 0.5389147486005511 0.008202552795410156 0.04169038363865444 0.16809602081775665
0 0.9465830666678292 0.5350771631513324 0.008493900299072266 0.03948525020054409 0.16555339097976685
0 0.050988201584134786 0.5209879193987165 0.004494130611419678 0.020676578794206892 0.16509366035461426
0 0.04754626750946045 0.5284191540309361 0.005361846515110561 0.026044573102678572 0.16433638334274292
0 0.8648048128400531 0.5534581797463554 0.011645657675606864 0.023752144404820034 0.16083338856697083
0 0.5946441377912249 0.5408974375043597 0.010739258357456751 0.04116463661193848 0.16014641523361206
0 0.04677764007023403 0.5203260694231305 0.0042991553034101215 0.019827195576259067 0.1594904512166977
0 0.3525045258658273 0.5424930027553013 0.009432145527430944 0.035466364451817105 0.15943245589733124
0 0.5386843000139508 0.5243152890886579 0.007672650473458427 0.036553416933332174 0.1592325121164322
0 0.057453232152121406 0.5307384559086391 0.005648161683763776 0.027644974844796315 0.1532679796218872
0 0.5352766173226493 0.5239031996045794 0.007569653647286552 0.0361964362008231 0.15002600848674774
0 0.5901332582746234 0.5400595664978027 0.010523183005196708 0.04252512114388602 0.14915433526039124
0 0.10684037208557129 0.5412209033966064 0.00770345755985805 0.03664731979370117 0.1446630358695984
0 0.18006455898284912 0.5434464727129255 0.009722743715558733 0.03855957303728376 0.143842875957489
0 0.5288190841674805 0.5244554792131696 0.00668130602155413 0.03025749751499721 0.14297489821910858
0 0.17016569205692836 0.5436966078622001 0.009938785008021764 0.039012057440621514 0.14257706701755524
0 0.10280803271702357 0.5411690303257534 0.00767141580581665 0.03674919264657157 0.14066585898399353
0 0.25195339747837614 0.5435863903590611 0.009077259472438268 0.03559991291591099 0.13749250769615173
0 0.3711432048252651 0.5395349093845913 0.009358985083443778 0.03830793925694057 0.13733379542827606
0 0.09882739612034389 0.5411016600472587 0.007745393684932164 0.03684013230460031 0.13499517738819122
0 0.0613014953477042 0.5310294287545341 0.0056759076459067205 0.028100218091692244 0.13467063009738922
0 0.11080162865774972 0.5412698813847133 0.007727605955941337 0.036598341805594306 0.1323021501302719
0 0.9710042136056083 0.517530986240932 0.005655084337506976 0.030515432357788086 0.12844614684581757
0 0.9735140119280133 0.5172438621520996 0.005493300301688058 0.029511213302612305 0.12713608145713806
0 0.05076698320252555 0.5321252686636788 0.005705671651022775 0.027661153248378208 0.12679044902324677
0 0.5647735595703125 0.5375887325831822 0.009978703090122767 0.04686968667166574 0.12530510127544403
0 0.22757691996438162 0.5441076755523682 0.009355170386178153 0.039354801177978516 0.1251726895570755
0 0.06737662213189262 0.5350902080535889 0.0061368559088025776 0.029857022421700612 0.12310653924942017
0 0.0951776419367109 0.5410036359514508 0.007862891469682966 0.03659912518092564 0.12132729589939117
0 0.06465793081692287 0.5313354219709124 0.005728891917637416 0.028363193784441267 0.12019293010234833
0 0.3476954187665667 0.5427074432373047 0.009423971176147461 0.035371644156319756 0.11359613388776779
0 0.04035750882966178 0.5199713706970215 0.004061860697610038 0.01947958128792899 0.10687907040119171
0 0.07062413011278425 0.5353337696620396 0.006105201584952218 0.03021141460963658 0.10649357736110687
0 0.34352867943899973 0.5428267887660435 0.009486470903669084 0.03539674622671945 0.10327780246734619
0 0.37569829395839144 0.5413430758884975 0.009815386363438197 0.03803535870143345 0.10153314471244812
0 0.8561601638793945 0.5442282131740025 0.011152335575648717 0.03748491832188198 0.10028183460235596
0 0.599628039768764 0.54228333064488 0.010916778019496374 0.04051048415047782 0.09997466206550598
0 0.11442015852246966 0.5415476390293666 0.007948798792702811 0.036991119384765625 0.09913882613182068
0 0.5695403984614781 0.5377165249415806 0.010021959032331194 0.04729693276541574 0.09805700927972794
0 0.03900902611868722 0.5249285697937012 0.004643342324665615 0.02165123394557408 0.09636713564395905
0 0.5249450547354562 0.5198616981506348 0.005938972745622907 0.025296381541660855 0.09615101665258408
0 0.9347191538129535 0.5381205081939697 0.008158547537667411 0.042127064296177456 0.09491268545389175
0 0.5323760850088937 0.5356781142098563 0.008721317563738142 0.04550307137625558 0.09421645849943161
0 0.5853328704833984 0.5398033687046596 0.010525771549769811 0.044797113963535855 0.09347739070653915
0 0.7703761373247419 0.5427814211164202 0.010540417262486048 0.03940612929207938 0.09342725574970245
0 0.37966673714773996 0.5376538549150739 0.008701392582484655 0.038106986454554966 0.09318017959594727
0 0.3373899119240897 0.5433206898825509 0.009435653686523438 0.03503751754760742 0.09215721487998962
0 0.7371677671160016 0.5438309397016253 0.010762010301862444 0.03824332782200405 0.09128277748823166
0 0.7818731580461774 0.543468884059361 0.010859966278076172 0.03754830360412598 0.09102845937013626
0 0.5332823140280587 0.5159674031393868 0.005285399300711495 0.02343123299734933 0.09082780033349991
0 0.23159984179905482 0.5357701437813895 0.010390809604099818 0.04572548185076032 0.09002074599266052
0 0.7910372189113072 0.543637752532959 0.011005401611328125 0.03758965219770159 0.08917990326881409
0 0.7500894410269601 0.5334975719451904 0.010569299970354353 0.050912175859723775 0.08824816346168518
0 0.06294881020273481 0.5387539182390485 0.006662036691393171 0.03206610679626465 0.08599253743886948
0 0.5741376195635114 0.5379549094608852 0.01015169279915946 0.04736498423985073 0.08447122573852539
0 0.38705369404384066 0.5385166576930455 0.009008850370134627 0.03728348868233817 0.08435611426830292
0 0.39138494219098774 0.5400334766932896 0.009131193161010742 0.03743147850036621 0.08366537094116211
0 0.08849639551980155 0.5388640676225934 0.007277207715170724 0.03523758479527065 0.08251482248306274
0 0.3956009660448347 0.537574291229248 0.008532115391322545 0.03714360509599958 0.08190682530403137
0 0.3831228188105992 0.5408947808401925 0.009602342333112444 0.03771822793143136 0.08121562004089355
0 0.05682927370071411 0.5213425840650286 0.0045159416539328435 0.020791598728724887 0.08105238527059555
0 0.07479824338640485 0.5356651714869908 0.006143791334969657 0.031065736498151506 0.07902761548757553
0 0.5277447019304548 0.5156887599400112 0.005160672324044364 0.02242044040134975 0.07879672199487686
0 0.7751477105276925 0.5432731764657157 0.010685784476143973 0.03799469130379813 0.07789473235607147
0 0.8736512320382255 0.5443021910531181 0.011618682316371374 0.03705399377005441 0.07523801177740097
0 0.5786593300955636 0.5381764003208706 0.010299342019217355 0.047190700258527486 0.07307025790214539
0 0.9792003631591797 0.517479658126831 0.005723135811941964 0.030235358646937778 0.06971398741006851
0 0.9764050074986049 0.5151057243347168 0.005262170519147601 0.03005869047982352 0.06911713629961014
0 0.0835977281842913 0.5386221749441964 0.006794588906424386 0.03403418404715402 0.06846699118614197
