0 0.5539147172655378 0.5293303217206683 0.00738321031842913 0.03554817608424595 0.26567456126213074
0 0.18211725779942103 0.5468386241367885 0.00996795722416469 0.031724555151803155 0.2623130977153778
0 0.18650119645254953 0.5469862733568464 0.009980440139770508 0.031637328011648994 0.26218533515930176
0 0.5589643887111119 0.5373003823416573 0.008571624755859375 0.040788514273507256 0.2540365755558014
0 0.17781497750963485 0.5467783042362758 0.010050841740199499 0.031877994537353516 0.22841204702854156
0 0.1923387050628662 0.5451253141675677 0.010154196194240026 0.03311920166015625 0.20342190563678741
0 0.5511762074061802 0.5358565875462123 0.008618865694318498 0.044214793613978794 0.19710376858711243
0 0.5634980882917132 0.5376292637416294 0.008471454892839705 0.04080625942775181 0.18748606741428375
0 0.5507379599979946 0.5232363428388324 0.006427288055419922 0.030032805034092495 0.1606127917766571
0 0.170959506716047 0.5455632209777832 0.010036928313119071 0.033616644995553155 0.15909995138645172
0 0.5672581536429269 0.5378779002598354 0.008398056030273438 0.041104487010410855 0.15314647555351257
0 0.19692424365452357 0.5450518471854073 0.010241355214800154 0.03286150523594448 0.14946188032627106
0 0.9257027762276786 0.537895849772862 0.008172648293631417 0.03664452689034598 0.14801719784736633
0 0.9292685644967216 0.537834644317627 0.008230481828962053 0.03691179411751883 0.13917571306228638
0 0.9213427134922573 0.5412467207227435 0.008717536926269531 0.036641529628208706 0.13721828162670135
0 0.9167044503348214 0.5427190916878837 0.009682587214878626 0.03521278926304409 0.13574931025505066
0 0.34942797252110075 0.5440450395856585 0.010295629501342773 0.03445914813450405 0.12545646727085114
0 0.5466584818703788 0.5356593813214984 0.008628981454031808 0.04451499666486468 0.12436084449291229
0 0.9096027101789202 0.5434920787811279 0.010005950927734375 0.03498847143990653 0.12407911568880081
0 0.5470249993460519 0.5223563739231655 0.006149428231375558 0.02854646955217634 0.1237574964761734
0 0.9331981795174735 0.5377297401428223 0.008294378008161272 0.037056956972394674 0.12205249816179276
0 0.16422431809561594 0.5454813412257603 0.009508984429495675 0.0334751946585519 0.12170030921697617
0 0.3238299914768764 0.5450901985168457 0.010137455804007394 0.034221070153372626 0.12166313081979752
0 0.3442027909415109 0.541344438280378 0.010131052562168666 0.038467577525547574 0.11802976578474045
0 0.3398658888680594 0.5444586617606026 0.010329961776733398 0.03444702284676688 0.11169298738241196
0 0.5733628954206195 0.5399472372872489 0.008727686745779855 0.042060715811593194 0.11061077564954758
0 0.33162648337227957 0.5447760990687779 0.010312795639038086 0.03441248621259417 0.10508439689874649
0 0.3150466169629778 0.5453814779009137 0.010086195809500558 0.03339011328560965 0.10331260412931442
0 0.9046158790588379 0.5437323706490653 0.00995499747140067 0.03507600511823382 0.10231153666973114
0 0.3356051445007324 0.5417268616812569 0.01027716909136091 0.03871866634913853 0.10137239843606949
0 0.8730015073503766 0.5467393398284912 0.010252203260149275 0.03190544673374721 0.09803887456655502
0 0.14242678029196604 0.545490196772984 0.009072303771972656 0.03345322608947754 0.0978633314371109
0 0.5441827774047852 0.5220110416412354 0.006016765322004046 0.028277124677385603 0.09778974950313568
0 0.8680571147373745 0.5454283441816058 0.01015063694545201 0.03433959824698312 0.09605291485786438
0 0.9835053852626255 0.5208524635859898 0.004905223846435547 0.023302623203822544 0.09557633101940155
0 0.1586902141571045 0.5454792976379395 0.009256584303719657 0.03338040624346052 0.09533482044935226
0 0.3099470819745745 0.5454382215227399 0.010105064937046595 0.03321412631443569 0.08961538970470428
0 0.14772203990391322 0.545539379119873 0.009104268891470773 0.03340942519051688 0.08919671177864075
0 0.1682898998260498 0.5516861506870815 0.009730151721409388 0.023069824491228377 0.08905418962240219
0 0.2023146152496338 0.5451303890773228 0.01026829651423863 0.032891341618129184 0.08897844702005386
0 0.9761686325073242 0.5254685538155692 0.005542278289794922 0.02574896812438965 0.0870838463306427
0 0.13708511420658656 0.545440810067313 0.009030529430934362 0.03349225861685617 0.08680808544158936
0 0.8992260524204799 0.5438695635114398 0.009874411991664342 0.03516694477626255 0.08265535533428192
0 0.30499090467180523 0.5454767090933663 0.010093552725655692 0.03326140131269183 0.08254361152648926
0 0.355715206691197 0.5437000138419015 0.010061638695853097 0.034870999200003486 0.08243494480848312
0 0.9780736650739398 0.5207344804491315 0.005442074366978237 0.024905954088483537 0.08203258365392685
0 0.15266009739467076 0.5455165590558734 0.009151714188711984 0.033358982631138394 0.08168203383684158
0 0.5374930245535714 0.5247818061283657 0.0061795030321393695 0.028041975838797435 0.08089472353458405
0 0.8776350021362305 0.5456011295318604 0.010223593030657088 0.03386320386614118 0.07931888103485107
0 0.8618383407592773 0.5467344011579242 0.010147707802908761 0.03219178744724819 0.07773832231760025
0 0.5409606524876186 0.5217838287353516 0.005914075034005302 0.028169631958007812 0.07656080275774002
0 0.38190548760550364 0.5424939564296177 0.009505919047764369 0.035959414073399136 0.07639052718877792
0 0.06791703190122332 0.5357670783996582 0.005761529718126569 0.0289766788482666 0.07563968747854233
0 0.395672151020595 0.5386708123343331 0.008127961839948381 0.03376879010881696 0.07479216903448105
0 0.3919156619480678 0.5394947869437081 0.00871419906616211 0.0349968501499721 0.07471730560064316
0 0.12943209920610702 0.5449973515101841 0.008824689047677177 0.033352817807878764 0.07441744208335876
0 0.5783969334193638 0.5403891972133091 0.008830411093575614 0.041515043803623745 0.0743924230337143
0 0.29969658170427593 0.5455605643136161 0.010136706488473075 0.03309409958975656 0.07433528453111649
0 0.3989076614379883 0.5317958423069545 0.007360764912196568 0.030384199959891185 0.07432672381401062
0 0.9369286128452846 0.5309835842677525 0.007525512150355748 0.03512484686715262 0.07380572706460953
0 0.2843997137887137 0.545625993183681 0.010020664760044642 0.03292008808680943 0.07236233353614807
0 0.12207597494125366 0.5444607053484235 0.008405702454703195 0.03310561180114746 0.07190445065498352
0 0.32736713545663015 0.551130839756557 0.010462215968540736 0.023852075849260603 0.07132899761199951
0 0.09065590585981097 0.5426092829023089 0.007292483534131732 0.032808474131992886 0.07128432393074036
0 0.3864701475415911 0.5424684797014508 0.009433610098702567 0.03593836511884417 0.07099723815917969
0 0.06475704056876046 0.5354973248073033 0.005779526063374111 0.028708798544747487 0.07092490792274475
0 0.37730802808489117 0.542569637298584 0.009538752692086356 0.036013705389840264 0.07005921006202698
0 0.28942820004054476 0.5456115177699498 0.010088903563363212 0.03294198853628976 0.06997668743133545
0 0.8946159907749721 0.5453903334481376 0.010069778987339564 0.03410308701651437 0.06969775259494781
0 0.11410963535308838 0.5437323025294712 0.007854725633348738 0.03274175098964146 0.06947386264801025
0 0.07238443408693586 0.5388558251517159 0.006195251430783953 0.03051689692905971 0.06883171200752258
0 0.06206817286355155 0.5351845877511161 0.005804215158735003 0.028240578515189036 0.06851622462272644
0 0.31973419870649067 0.5516770907810756 0.010285513741629464 0.022686311176845005 0.06817478686571121
0 0.08623829909733363 0.5424111230032784 0.007242645536150251 0.03290625980922154 0.06744389981031418
0 0.29455157688685824 0.5455900941576276 0.010126011712210519 0.03300871167864118 0.06712806969881058
0 0.05790684904370989 0.5311033385140556 0.005499265023640224 0.027180705751691545 0.06678152829408646
0 0.07595876285008021 0.5392946515764508 0.00625995227268764 0.031670604433332174 0.06662779301404953
0 0.8829138619559151 0.5455067498343331 0.01016787120274135 0.03395836693899972 0.06643932312726974
0 0.10698716129575457 0.5433004924229213 0.007647701672145298 0.03240714754377093 0.06632161140441895
0 0.09543481043406896 0.542816162109375 0.007382750511169434 0.0325286728995187 0.06518398225307465
0 0.4206779343741281 0.52593765939985 0.005942174366542271 0.02421624319893973 0.06447651982307434
0 0.5953971317836216 0.5423989977155413 0.0093841552734375 0.03798331533159528 0.06411368399858475
0 0.8885552542550224 0.5450633593967983 0.010047163282121931 0.0343775749206543 0.06390587985515594
0 0.27939590385981966 0.5456204414367676 0.009840658732822962 0.032902342932564874 0.06328243762254715
0 0.4169773374285017 0.526073796408517 0.0060089996882847375 0.024453980582101003 0.06326798349618912
0 0.9372080394199916 0.5459803853716169 0.009527887616838728 0.028836216245378767 0.06233840435743332
0 0.11818454095295497 0.5452935695648193 0.008480702127729143 0.032881464276994975 0.06216145306825638
0 0.055342299597603936 0.5308371952601841 0.005464617695127215 0.027057409286499023 0.06215088069438934
0 0.9576478004455566 0.5335813931056431 0.0076100485665457586 0.034388065338134766 0.06199389323592186
0 0.08023544720241002 0.5419067655290876 0.006953350135258266 0.0326803411756243 0.06169775128364563
0 0.4233162062508719 0.5252744129725865 0.005822828837803432 0.023978267397199358 0.061216022819280624
0 0.10053150994437081 0.54294524874006 0.007484359400612968 0.03229928016662598 0.060590099543333054
0 0.9717398371015277 0.5253678049360003 0.006149428231375558 0.026974099023001536 0.06026750057935715
0 0.40549380438668386 0.5312490463256836 0.007054431097848075 0.030005250658307756 0.05999234691262245
0 0.5887575149536133 0.541783196585519 0.009133270808628626 0.038678884506225586 0.05917087197303772
0 0.5749778747558594 0.527555091040475 0.0074340275355747765 0.04005030223301479 0.05874089151620865
0 0.6036394664219448 0.5428108487810407 0.00939028603690011 0.03778777803693499 0.05843367427587509
0 0.20856666564941406 0.5452499049050468 0.010242428098406111 0.03303023747035435 0.05735277384519577
0 0.5833530426025391 0.5408856187547956 0.008839743477957589 0.040448597499302456 0.05700613558292389
0 0.37255981990269255 0.5426278795514788 0.00953538077218192 0.036080632890973775 0.056290123611688614
