0 0.5921733038766044 0.5373845100402832 0.009606565747942244 0.04753197942461286 0.13883312046527863
0 0.41197337423052105 0.5354637418474469 0.007522651127406529 0.03325881276811872 0.12630727887153625
0 0.595822947365897 0.5388963563101632 0.010482243129185267 0.047065564564296176 0.10842045396566391
0 0.5888195719037738 0.5396661758422852 0.009838649204799108 0.047083888735089986 0.10081173479557037
0 0.5839911869594029 0.5396069458552769 0.009717191968645369 0.047403880528041294 0.09705087542533875
0 0.4190286227634975 0.5354183060782296 0.007712841033935547 0.032751458031790595 0.09503717720508575
0 0.40653814588274273 0.5329398427690778 0.008060080664498466 0.034785066332135885 0.09152215719223022
0 0.4144613742828369 0.527834415435791 0.007319790976388114 0.030901738575526645 0.0761299878358841
0 0.9678592000688825 0.5272738252367292 0.005645751953125 0.028350625719342912 0.07469794899225235
0 0.42017739159720285 0.5255748885018485 0.006570134844098773 0.02661299705505371 0.07268236577510834
0 0.43516622270856586 0.5238233293805804 0.0059882232121058875 0.022016661507742747 0.06692510098218918
0 0.9649521963936942 0.5273989268711635 0.005471978868756976 0.02832068715776716 0.06611116230487823
0 0.4176790714263916 0.5282388414655413 0.007388523646763393 0.03211556162152972 0.06556407362222672
0 0.4027754919869559 0.5336710725511823 0.008037499019077845 0.03554473604474749 0.06500290334224701
0 0.5780072893415179 0.5396279607500348 0.00977393559047154 0.047214508056640625 0.06390339881181717
0 0.4302714892796108 0.5236453328813825 0.006115879331316266 0.022642816816057478 0.06183366850018501
0 0.5279929978506905 0.5149541922977993 0.005106210708618164 0.01782212938581194 0.05957941338419914
0 0.5730251584734235 0.5396091938018799 0.009751319885253906 0.047342845371791294 0.05311625823378563
0 0.4256533554622105 0.5239944117409843 0.006468432290213448 0.024489130292619978 0.051980163902044296
0 0.5304989814758301 0.5149807248796735 0.005237000329153878 0.020060505185808455 0.05149615928530693
