0 0.6684262411934989 0.5437345164162772 0.011075632912772042 0.044016974312918525 0.11613194644451141
0 0.1177262578691755 0.5456547055925641 0.008395212037222726 0.033180338995797296 0.11260991543531418
0 0.11338984966278076 0.5453573635646275 0.008167939526694161 0.03325864246913365 0.10847631096839905
0 0.7577591623578753 0.5407193047659737 0.010213034493582589 0.041472979954310825 0.1009325310587883
0 0.10941428797585624 0.5448739528656006 0.007898271083831787 0.033748626708984375 0.09575343132019043
0 0.08218488522938319 0.5432379245758057 0.007361190659659249 0.03450005395071847 0.0948416143655777
0 0.1223510674067906 0.5457615852355957 0.008504561015537806 0.03319627898080008 0.0944095179438591
0 0.08669071538107735 0.5437646933964321 0.0073999592236110145 0.03443479537963867 0.09393352270126343
0 0.6631552832467216 0.5438062122889927 0.011174338204520089 0.04486196381705148 0.09148600697517395
0 0.10561181817735944 0.5445616585867745 0.0077405742236546105 0.034073284694126675 0.08927284926176071
0 0.0916199002947126 0.5439788273402623 0.007408789225987026 0.03446016992841448 0.08900964260101318
0 0.10226998158863612 0.5442716734749931 0.007570130484444755 0.034282990864345005 0.08665787428617477
0 0.09700591223580497 0.5441828455243792 0.007505297660827637 0.03431098801749093 0.08447813987731934
0 0.07825895718165807 0.5418573107038226 0.006945337568010602 0.03447471346173968 0.08324729651212692
0 0.12626489571162633 0.5457022871289935 0.00852417094366891 0.033120972769601006 0.081418476998806
0 0.9688741139003209 0.5409711429050991 0.007414068494524274 0.03978926794869559 0.07855573296546936
0 0.13035609040941512 0.5457210881369454 0.008592375687190465 0.03291068758283343 0.07685985416173935
0 0.9640975679670062 0.5398881435394287 0.007955619267054967 0.040994576045445034 0.07610288262367249
0 0.958498477935791 0.5408731528690883 0.008092335292271205 0.03897973469325474 0.07426140457391739
0 0.6753911972045898 0.5421368053981236 0.010820048195975167 0.04473168509347098 0.07370059192180634
0 0.7517461776733398 0.5407899447849819 0.010517733437674386 0.04481642586844308 0.07012662291526794
0 0.07271889277866908 0.540844031742641 0.006945686680930001 0.0339839117867606 0.06976499408483505
0 0.9610436303274972 0.5348365647452218 0.0076460157121930805 0.03849959373474121 0.0673522800207138
0 0.7626825060163226 0.54102965763637 0.010033879961286272 0.041514805385044644 0.06697352975606918
0 0.9536593300955636 0.540985141481672 0.008053439004080636 0.039005279541015625 0.06542398780584335
0 0.1353210551398141 0.5457807949611119 0.008664608001708984 0.03280442101614816 0.06439267843961716
0 0.42213310514177593 0.5343781198774066 0.007338319505964007 0.03503380502973284 0.0627656877040863
0 0.0675331609589713 0.5382372992379325 0.006657170397894723 0.033061674662998745 0.061879802495241165
0 0.14966273307800293 0.5455329758780343 0.008855853761945452 0.032483271190098355 0.06081186234951019
0 0.1568850108555385 0.5453519480569022 0.008709413664681571 0.0323575564793178 0.060775429010391235
0 0.565021242414202 0.5351173877716064 0.008470296859741211 0.04197304589407785 0.05939299240708351
0 0.9665906769888741 0.5326242106301444 0.007193292890276227 0.03671755109514509 0.05926136299967766
0 0.9708664076668876 0.5326602118355888 0.006961413792201451 0.03660651615687779 0.05834125727415085
0 0.5706085477556501 0.5371666635785785 0.00889692987714495 0.04375379426138742 0.05813053622841835
0 0.06448563081877572 0.5377368245806012 0.0066400255475725445 0.03309174946376255 0.058081045746803284
0 0.948841026851109 0.541168246950422 0.007962090628487723 0.03915398461478097 0.0563284270465374
0 0.4255575452532087 0.53058089528765 0.007023232323782784 0.03290496553693499 0.05614205822348595
0 0.9439172744750977 0.5412923949105399 0.007880551474434989 0.03934836387634277 0.055192720144987106
0 0.41884940011160715 0.5370660509381976 0.007738419941493443 0.037597213472638814 0.05444291979074478
0 0.4353571619306292 0.5248028210231236 0.00603553227015904 0.024736813136509488 0.0541134774684906
0 0.5595576422555106 0.5308343342372349 0.007849795477730888 0.03933978080749512 0.05386056378483772
0 0.5542593002319336 0.5272199766976493 0.006822994777134487 0.032536166054861884 0.05332481488585472
0 0.9394268308367048 0.5417947087969098 0.007823058537074499 0.03915773119245257 0.05319133773446083
0 0.061788512127740045 0.5353987557547433 0.0061956218310764855 0.031233038221086775 0.05260937660932541
0 0.5819150379725865 0.5397427082061768 0.009101527077811105 0.04450021471296038 0.05229746177792549
0 0.5866259847368512 0.5380037171500069 0.008563314165387834 0.04502354349408831 0.051881857216358185
0 0.5758156776428223 0.5392549378531319 0.009186335972377233 0.0449247019631522 0.05173033848404884
0 0.4148590224129813 0.5372571263994489 0.0077719347817557195 0.03771461759294782 0.051141105592250824
0 0.05882240193230765 0.534900426864624 0.006201267242431641 0.031082221439906528 0.05005194619297981
