0 0.5719825880868095 0.5394684587206159 0.008692468915666853 0.0437474250793457 0.1913404017686844
0 0.9435522896902901 0.5361878531319755 0.00748164313180106 0.034716708319527764 0.1589977741241455
0 0.1099552937916347 0.5385902268545968 0.007073955876486642 0.03078280176435198 0.13136763870716095
0 0.9477510452270508 0.5364329814910889 0.007319654737200055 0.03577988488333566 0.1289321482181549
0 0.3827935627528599 0.5392475809369769 0.008286033357892717 0.03672569138663156 0.11098591983318329
0 0.5748615946088519 0.5403002330235073 0.008753878729684013 0.042814016342163086 0.10537128895521164
0 0.08128113406045097 0.5377608707972935 0.0062120045934404644 0.027468715395246233 0.10488888621330261
0 0.10671736512865339 0.5342587062290737 0.006999058382851737 0.029591049466814314 0.0998833104968071
0 0.1217060855456761 0.5433874130249023 0.008310573441641671 0.03189400264195034 0.0987987369298935
0 0.09061753749847412 0.5380889347621373 0.006727840219225202 0.02799943515232631 0.09467767924070358
0 0.9460289818899972 0.5297752107892718 0.006243705749511719 0.028348241533551897 0.08511101454496384
0 0.08724044050489153 0.5381531715393066 0.006121865340641567 0.027361290795462474 0.08457981795072556
0 0.5870094299316406 0.5400992802211216 0.009062767028808594 0.04408294813973563 0.08453100919723511
0 0.9331068311418805 0.5347598620823452 0.007280145372663226 0.03605294227600098 0.08225380629301071
0 0.40611532756260466 0.5264000211443219 0.006497621536254883 0.026464087622506276 0.08163093030452728
0 0.4015758378165109 0.5335285323006767 0.007728133882795062 0.034722362245832174 0.0809386596083641
0 0.9404621124267578 0.5308975151606968 0.0067566462925502235 0.03182418005807059 0.07797983288764954
0 0.10046758822032384 0.5340139525277274 0.0065920693533761164 0.029210192816598073 0.0764782726764679
0 0.08013420445578438 0.5281034537724086 0.005336991378239223 0.02223471232822963 0.07211057096719742
0 0.3782884052821568 0.533839225769043 0.007859400340488978 0.034551756722586494 0.07048754394054413
0 0.9367734364100865 0.5332344600132534 0.006929329463413784 0.035152946199689596 0.06652598828077316
0 0.423184871673584 0.5251832689557757 0.0061659472329275945 0.024771417890276228 0.06558801978826523
0 0.5783773830958775 0.5406112670898438 0.00916494641985212 0.0430150032043457 0.06429601460695267
0 0.4208033084869385 0.5254413740975517 0.00624016353062221 0.02549590383257185 0.06318334490060806
0 0.6019305501665387 0.5419683797018868 0.009608541216169084 0.042530672890799384 0.06275559961795807
0 0.09509314809526716 0.5338411671774728 0.006669461727142334 0.02871833528791155 0.0623505562543869
0 0.9604054859706334 0.5276060785566058 0.00631298337663923 0.026219776698521206 0.062239717692136765
0 0.3842698505946568 0.5302742549351284 0.006983927318028041 0.03142891611371722 0.061939578503370285
0 0.3856053352355957 0.5393791198730469 0.008374997547694616 0.03618226732526507 0.061751022934913635
0 0.08260464668273926 0.5308126381465367 0.006004256861550468 0.026913983481270925 0.061502885073423386
0 0.9290552820478167 0.5420847279684884 0.00808089120047433 0.03835228511265346 0.061023496091365814
0 0.32277209418160574 0.5459451334817069 0.008519070489065987 0.031163692474365234 0.05996735394001007
0 0.10353091784885951 0.5407846314566476 0.007440950189317975 0.030734641211373464 0.059304460883140564
0 0.562152521950858 0.5379445893423898 0.008585725511823381 0.03918562616620745 0.058206841349601746
0 0.5808737618582589 0.5354984828404018 0.00826617649623326 0.043412787573678155 0.05717483535408974
0 0.5838695253644671 0.5355542727879116 0.008259568895612444 0.04328376906258719 0.056508079171180725
0 0.41546807970319477 0.5215259279523577 0.005784375326974052 0.02370476722717285 0.05639645457267761
0 0.9567507335117885 0.5280246734619141 0.0062945229666573664 0.0284839357648577 0.05541081354022026
0 0.1134122439793178 0.5345910617283413 0.007401926176888602 0.030717985970633372 0.05536109209060669
0 0.43556138447352816 0.520488807133266 0.005261932100568499 0.020249026162283763 0.05458446219563484
0 0.3959531102861677 0.5341745785304478 0.007705620356968471 0.03545829227992466 0.05425749346613884
0 0.5916023254394531 0.5413123539515904 0.00924750736781529 0.04318097659519741 0.052040036767721176
0 0.43239048549107145 0.5249366760253906 0.0058746337890625 0.023603030613490512 0.05029023811221123
