0 0.09479257038661412 0.5360604694911412 0.005352233137403216 0.027809994561331614 0.12172447890043259
0 0.08161918606076922 0.5355357783181327 0.0054865905216762 0.026819842202322825 0.09666743874549866
0 0.951700074332101 0.5360876492091587 0.0070024217878069195 0.03447444098336356 0.08983553200960159
0 0.3679102829524449 0.5364940507071358 0.0071005140032087055 0.03430778639657157 0.0894370898604393
0 0.9551459721156529 0.5348483153751918 0.006804193769182477 0.03499603271484375 0.08415785431861877
0 0.9577311788286481 0.5341688224247524 0.006826809474400112 0.03391333988734654 0.08155211061239243
0 0.9291253089904785 0.5422492027282715 0.008031436375209264 0.039765119552612305 0.08057678490877151
0 0.9382029260907855 0.5424584661211286 0.008196422031947545 0.039846794945853095 0.08051277697086334
0 0.934619699205671 0.5422915731157575 0.008064133780343192 0.03962928908211844 0.07293884456157684
0 0.10382798739842006 0.5356826101030622 0.006825966494424003 0.033136231558663506 0.06843848526477814
0 0.37262494223458426 0.5364390781947544 0.006988457271030971 0.03413128852844238 0.06645504385232925
0 0.9410039356776646 0.5447427545275006 0.007585457393101284 0.03611884798322405 0.06509915739297867
0 0.96582978112357 0.5312463215419224 0.005946976797921317 0.0304809638432094 0.05596574768424034
0 0.9607185636247907 0.5340555735996791 0.006869520459856305 0.03433121953691755 0.0549686923623085
0 0.9469782965523856 0.5393628392900739 0.007484572274344308 0.03423758915492466 0.05178655683994293
0 0.9438270841326032 0.5423379625592913 0.007542133331298828 0.03608611651829311 0.05017751082777977
