0 0.9177743366786412 0.5400491441999163 0.008239133017403739 0.0420961720602853 0.17668618261814117
0 0.9221833774021694 0.5449580465044294 0.008140427725655692 0.03497430256434849 0.09150061011314392
0 0.3902942112513951 0.5361132621765137 0.007418802806309291 0.03470778465270996 0.08792170137166977
0 0.9268742288861956 0.540637765611921 0.007138388497488839 0.0383260931287493 0.08483292162418365
0 0.3951749801635742 0.5372524261474609 0.007421186992100307 0.034652914319719584 0.08028960973024368
0 0.9443349838256836 0.5375537872314453 0.006339686257498605 0.03451476778302874 0.0779215544462204
0 0.5878335407802037 0.5385856287819999 0.008246081215994698 0.0432697023664202 0.07572801411151886
0 0.10465798207691737 0.5464372294289725 0.007616826466151646 0.02896186283656529 0.06745079904794693
0 0.3980236734662737 0.5369176183428083 0.007280043193272182 0.03392822401864188 0.065571129322052
0 0.574336188180106 0.5401355879647392 0.008777993065970284 0.041647025517054966 0.06343221664428711
0 0.583934988294329 0.5402904578617641 0.008571079799107142 0.04215553828648159 0.06309109926223755
0 0.9546239035470145 0.5270940916878837 0.005145141056605748 0.024506228310721263 0.061830997467041016
0 0.3574986457824707 0.5443752152579171 0.008420024599347795 0.03412290981837681 0.06120741367340088
0 0.595660754612514 0.5409819739205497 0.009240831647600447 0.04187812123979841 0.060857150703668594
0 0.9477229799543109 0.5376670019967216 0.006395544324602399 0.034334114619663784 0.059447672218084335
0 0.4053621973310198 0.536712510245187 0.007174525942121234 0.03362182208469936 0.059235915541648865
0 0.352362905229841 0.5450733048575265 0.00873497554234096 0.03325424875531878 0.05798884481191635
0 0.5923760959080288 0.5414132390703473 0.0087127685546875 0.041263580322265625 0.05723780393600464
0 0.930098397391183 0.540626049041748 0.007228238242013114 0.03800886017935617 0.055918093770742416
0 0.5783715929303851 0.5402562958853585 0.00864410400390625 0.04192771230425153 0.05516762286424637
0 0.9591512680053711 0.5279153074537005 0.005576201847621373 0.026833398001534597 0.05386190116405487
0 0.9395828247070312 0.5371051515851702 0.006670815604073661 0.038200514657156806 0.052077535539865494
0 0.933722836630685 0.5391029630388532 0.0070356641496930805 0.038644960948399136 0.05044087767601013
0 0.5713400159563337 0.5392388275691441 0.008612496512276786 0.04056746619088309 0.05006495490670204
