0 0.10006982939583915 0.5363380908966064 0.0078013794762747625 0.03190551485334124 0.11042875796556473
0 0.42604405539376394 0.526714665549142 0.005721126283918109 0.023442983627319336 0.09963052719831467
0 0.42848191942487446 0.5261511121477399 0.00562112671988351 0.023149660655430386 0.08198101073503494
0 0.9318968909127372 0.5412466866629464 0.008697918483189173 0.040463924407958984 0.07954857498407364
0 0.9349719456263951 0.5414354460580009 0.008786746433803014 0.040764842714582174 0.0721999928355217
0 0.42753478458949495 0.521317618233817 0.005156040191650391 0.0196115289415632 0.06708505004644394
0 0.9383918217250279 0.5414225033351353 0.008697032928466797 0.040902205875941684 0.05715017393231392
0 0.9643573760986328 0.5270666394914899 0.0060318538120814735 0.027666262217930386 0.055886004120111465
0 0.08629610708781651 0.5364058698926654 0.006037235260009766 0.029690401894705638 0.05489065498113632
0 0.43128299713134766 0.5259961400713239 0.005505493709019252 0.02275582722255162 0.054641470313072205
0 0.10201743670872279 0.5435084615434919 0.007953396865299769 0.03495516095842634 0.05426419898867607
0 0.12360668182373047 0.5459645816258022 0.008443457739693778 0.03071730477469308 0.05378764122724533
0 0.4236421585083008 0.5311612061091832 0.006610121045793805 0.029685906001499722 0.05316983163356781
0 0.42966628074645996 0.5213478633335659 0.005214078085763114 0.019483259746006558 0.052907802164554596
