0 0.9596201351710728 0.533503804888044 0.006759234837123326 0.032337801797049384 0.17051829397678375
0 0.9564644949776786 0.5351776395525251 0.006704262324741909 0.03562225614275251 0.1449231654405594
0 0.7737899507795062 0.5396407672337123 0.008622918810163225 0.03905119214739118 0.12842929363250732
0 0.7708823340279716 0.5428968497685024 0.00925091334751674 0.03856720243181501 0.11567802727222443
0 0.776566709790911 0.5411528178623745 0.0089263916015625 0.039085830960954936 0.10403211414813995
0 0.08546916927610125 0.5362518174307687 0.006775821958269391 0.028892006192888533 0.10315890610218048
0 0.4083895002092634 0.5355526379176548 0.0074694156646728516 0.03469160624912807 0.09203893691301346
0 0.6430116380964007 0.5433011054992676 0.009760447910853795 0.038599184581211636 0.0822860524058342
0 0.08322553975241524 0.5392635890415737 0.006835060460226876 0.029350110462733676 0.08210815489292145
0 0.3972454752240862 0.5333546229771206 0.007264103208269391 0.0354611873626709 0.07874666899442673
0 0.4102553980691092 0.5246977806091309 0.00630113056727818 0.025918381554739817 0.07852525264024734
0 0.40720673969813753 0.5286006927490234 0.0071495941707066125 0.033269405364990234 0.07817430049180984
0 0.9645494733537946 0.5270172527858189 0.0055424826485770086 0.028098174503871372 0.07695087790489197
0 0.5784685271126884 0.5396145411900112 0.009531702314104353 0.04660970824105399 0.07653511315584183
0 0.5831226621355329 0.5398486341748919 0.009594712938581194 0.04671900612967355 0.07637449353933334
0 0.5699455738067627 0.5395385537828717 0.009480953216552734 0.046630859375 0.07586809247732162
0 0.6470550809587751 0.5439761366162982 0.009370735713413783 0.03709023339407785 0.07586703449487686
0 0.08921871866498675 0.5360896927969796 0.00638049840927124 0.028347934995378767 0.07428915798664093
0 0.5744774682181222 0.5394275529044015 0.009405953543526786 0.045844929558890204 0.07160595059394836
0 0.4035090718950544 0.528773409979684 0.007192850112915039 0.0342191287449428 0.06595292687416077
0 0.0938732283455985 0.5374349185398647 0.006918583597455706 0.030651399067470005 0.06446738541126251
0 0.5646365710667202 0.535940306527274 0.008533171245029994 0.04127982684544155 0.06266771256923676
0 0.9672184671674456 0.5262899739401681 0.0053839002336774555 0.027253355298723494 0.057363588362932205
0 0.4136814389910017 0.5243379729134696 0.006245885576520648 0.025960138865879605 0.053049784153699875
0 0.39913719041006906 0.5287737165178571 0.007241521562848773 0.03410519872392927 0.05286593735218048
0 0.5864635195050921 0.540541410446167 0.009798526763916016 0.04569312504359654 0.05250181630253792
0 0.9120518820626395 0.5439066886901855 0.007442474365234375 0.036039182118007114 0.05199805647134781
0 0.5620560646057129 0.5385830742972237 0.008728538240705217 0.0412931101662772 0.05192185565829277
0 0.9610101154872349 0.5254573481423515 0.00566864013671875 0.025193418775285994 0.05143587663769722
0 0.9539447511945452 0.5378405026027134 0.006947040557861328 0.03576408113752093 0.05065202713012695
