0 0.31947714941842215 0.5463957105364118 0.009717702865600586 0.0349245412009103 0.6129735112190247
0 0.3142557825360979 0.5451526301247733 0.009504250117710658 0.035339764186314175 0.5783131718635559
0 0.3230618749346052 0.5402258804866246 0.009157555443899972 0.04250219890049526 0.5184041261672974
0 0.3273115839276995 0.5457053865705218 0.009306328637259347 0.03560723577226911 0.4981437623500824
0 0.6348904200962612 0.5443665640694755 0.009493555341448103 0.036570651190621514 0.3848564922809601
0 0.3094615936279297 0.5452487128121513 0.009484188897269112 0.03526977130344936 0.35585546493530273
0 0.6405376706804548 0.5444521903991699 0.00938967296055385 0.03642180987766811 0.35223209857940674
0 0.33070489338466097 0.5423263141087123 0.00887397357395717 0.04029137747628348 0.3397118151187897
0 0.6296039308820452 0.5448307309831891 0.009504999433244978 0.038345234734671454 0.316559374332428
0 0.623988151550293 0.544895989554269 0.009712696075439453 0.03789319310869489 0.2911372482776642
0 0.6449201447623116 0.5445619310651507 0.009442738124302455 0.03630852699279785 0.2852838635444641
0 0.6546581813267299 0.5454374381474086 0.009420326777866908 0.03458969933646066 0.25364717841148376
0 0.6498072487967355 0.5446789945874896 0.009495803288051061 0.03624098641531808 0.2518763244152069
0 0.3054302079336984 0.5453919001988002 0.00944004740033831 0.03505730628967285 0.2464815378189087
0 0.6592538016183036 0.5451230321611676 0.009392670222691126 0.034536736352103095 0.241164430975914
0 0.3344640391213553 0.545260122844151 0.008709498814174108 0.03535400118146624 0.2249281257390976
0 0.6156660488673619 0.5448959214346749 0.009527206420898438 0.03827078001839774 0.2064257264137268
0 0.9563450132097516 0.5318828310285296 0.006506034306117466 0.03335731370108468 0.20323798060417175
0 0.6654806137084961 0.5451540265764508 0.009311199188232422 0.03405615261622837 0.1974978893995285
0 0.9354053224836077 0.5416942664555141 0.008143629346575056 0.03605222702026367 0.18828852474689484
0 0.9310498918805804 0.5417569024222237 0.008092062813895089 0.035850116184779575 0.18792441487312317
0 0.9413834299360003 0.5392973082406181 0.007873398917061942 0.035931485039847236 0.18534454703330994
0 0.6113354819161552 0.5443136351449149 0.009218829018729073 0.0386315073285784 0.18133123219013214
0 0.9244920185634068 0.5424870082310268 0.008186953408377511 0.03558107784816197 0.1807175725698471
0 0.944929872240339 0.5391855921064105 0.007881028311593192 0.0360807010105678 0.17535163462162018
0 0.9634320395333427 0.5273645945957729 0.005643504006522042 0.027421951293945312 0.17306379973888397
0 0.3001526083265032 0.5455807958330426 0.009252888815743583 0.03458452224731445 0.17212975025177002
0 0.6070842742919922 0.5436584608895438 0.008954933711460658 0.038991689682006836 0.16975128650665283
0 0.9604334150041852 0.52824980872018 0.005980559757777623 0.029819113867623464 0.1677776277065277
0 0.9277479989188058 0.5475547654288155 0.009069102151053292 0.02752321107046945 0.16481506824493408
0 0.9483518600463867 0.5363363538469587 0.007333687373570034 0.03509347779410226 0.1641259342432022
0 0.9523443494524274 0.5326450211661202 0.006728649139404297 0.03405724252973284 0.163286492228508
0 0.3259352275303432 0.5555395058223179 0.009872198104858398 0.021810531616210938 0.14783069491386414
0 0.9203560692923409 0.544583797454834 0.008927617754255022 0.034861394337245395 0.14700272679328918
0 0.9161246163504464 0.543834890638079 0.008990355900355749 0.0343752247946603 0.14631395041942596
0 0.6328909737723214 0.5531033107212612 0.010218688419886999 0.021738290786743164 0.13683336973190308
0 0.9102598599025181 0.5442897251674107 0.009251867021833147 0.03439157349722726 0.1356445997953415
0 0.6725473403930664 0.5452502795628139 0.009332316262381417 0.033731937408447266 0.12947151064872742
0 0.905787467956543 0.5444273948669434 0.009312561580113001 0.034431287220546176 0.12644489109516144
0 0.938533101763044 0.5341261454990932 0.007506370544433594 0.03503523554120745 0.12623798847198486
0 0.9548525129045758 0.5423923901149205 0.007281030927385602 0.03661911828177316 0.12491589039564133
0 0.5546838896615165 0.534818308694022 0.00768453734261649 0.03995112010410854 0.1227785274386406
0 0.5511635371616909 0.5344495092119489 0.0077130113329206195 0.04022148677280971 0.12250535190105438
0 0.9616139275687081 0.5392884867531913 0.006770951407296317 0.0348642213003976 0.12181121110916138
0 0.6683141844613212 0.5516115597316197 0.008783885410853795 0.021592003958565847 0.12095451354980469
0 0.9013351712908063 0.5446486473083496 0.009436334882463728 0.034304652895246236 0.11671306937932968
0 0.5471452304295131 0.5311276231493268 0.007386173520769391 0.03861379623413086 0.1139950305223465
0 0.5589208602905273 0.5372566495622907 0.008081742695399694 0.04191681316920689 0.11149171739816666
0 0.6195881026131767 0.5520898614610944 0.009782518659319197 0.025066988808768138 0.1101376861333847
0 0.543243374143328 0.5277165344783238 0.0064520154680524555 0.03277533394949777 0.10914647579193115
0 0.34026503562927246 0.5448778016226632 0.008445194789341517 0.03437270436968122 0.10848785191774368
0 0.8961693899972099 0.5448384284973145 0.009513105664934431 0.03437767710004534 0.10693197697401047
0 0.8692722320556641 0.5475556169237409 0.009657178606305803 0.03145933151245117 0.10537314414978027
0 0.31724623271397184 0.533970764705113 0.008270536150251116 0.049672842025756836 0.10456480085849762
0 0.8900628771100726 0.5462280341557094 0.00952761513846261 0.0326869147164481 0.10346954315900803
0 0.9669152668544224 0.5299862452915737 0.007463114602225167 0.037030117852347236 0.10318748652935028
0 0.2921644278935024 0.5456301825387138 0.009177752903529577 0.034225327627999444 0.1021607294678688
0 0.8754848752702985 0.5475151879446847 0.009688581739153181 0.031249182564871653 0.10053220391273499
0 0.883739880153111 0.547013555254255 0.009678772517613001 0.03182159151349749 0.09537114202976227
0 0.5997390747070312 0.5426678657531738 0.008715288979666573 0.039524657385689874 0.09434083849191666
0 0.8646586281912667 0.5530272211347308 0.00930438722882952 0.020650012152535573 0.09125296026468277
0 0.6769587653023856 0.5452146189553397 0.009324073791503906 0.033729144505092075 0.08953697979450226
0 0.5626941067831857 0.539578744343349 0.008367538452148438 0.04294633865356445 0.08938736468553543
0 0.8615838459559849 0.547652108328683 0.009529863085065569 0.03128102847508022 0.0849405974149704
0 0.34848976135253906 0.5445088999611991 0.008231980460030692 0.033699444362095425 0.07996281236410141
0 0.5389363084520612 0.5219622339521136 0.005658899034772601 0.027191230228969028 0.07816674560308456
0 0.8789025034223285 0.5525049482073102 0.00950213841029576 0.02131124905177525 0.07739415764808655
0 0.8866475650242397 0.5515721866062709 0.009507315499441964 0.0221250057220459 0.07578273117542267
0 0.9688799721854073 0.523277759552002 0.00528791972569057 0.026652778897966658 0.07541115581989288
0 0.08431630475180489 0.5428908552442279 0.006996759346553257 0.032610416412353516 0.07282016426324844
0 0.0671302889074598 0.5359796796526227 0.005875885486602783 0.028233630316598073 0.07234853506088257
0 0.08826787982668195 0.5430973597935268 0.007009983062744141 0.032589878354753764 0.07213958352804184
0 0.06385118194988795 0.5356928621019635 0.005949820790972028 0.027990204947335378 0.07058091461658478
0 0.5672314507620675 0.5405236652919224 0.008342266082763672 0.0417914731161935 0.07040105760097504
0 0.5487301690237862 0.5229314054761615 0.005703960146222796 0.02842371804373605 0.0695715844631195
0 0.5706514290400914 0.537926469530378 0.007854666028703963 0.0401125294821603 0.06826028972864151
0 0.06984045675822667 0.5363344464983258 0.005981764623097011 0.030470337186540877 0.06722075492143631
0 0.11434265545436315 0.5448384284973145 0.008422962256840296 0.03287598064967564 0.06670769304037094
0 0.5338378974369594 0.5289850916181292 0.007283551352364677 0.03632095881870815 0.06580780446529388
0 0.12137195042201451 0.545116765158517 0.008639599595751082 0.03290336472647531 0.06409834325313568
0 0.08021668025425502 0.5424798897334507 0.006960894380296979 0.032624517168317525 0.06328175961971283
0 0.10888088600976127 0.5444743973868233 0.008015002523149763 0.03277979578290667 0.062260210514068604
0 0.09249448776245117 0.5433408192225865 0.007095694541931152 0.032435859952654154 0.062143635004758835
0 0.28182244300842285 0.5456791605268206 0.009204796382359095 0.03387556757245745 0.061170291155576706
0 0.30821319988795687 0.5562400477273124 0.009400231497628348 0.02044950212751116 0.060994599014520645
0 0.6821083341326032 0.5451827049255371 0.009274278368268694 0.03376310212271554 0.06067558750510216
0 0.07370953048978533 0.5394255774361747 0.00634088260786874 0.030637434550694058 0.06034311279654503
0 0.05995724030903408 0.5315470014299665 0.005588016339710781 0.026174170630318776 0.05962652340531349
0 0.057169198989868164 0.5312103543962751 0.005608805588313511 0.02614624159676688 0.05908390134572983
0 0.5749897956848145 0.5410610607692173 0.008396693638392858 0.041265010833740234 0.058790817856788635
0 0.3378857203892299 0.5348668779645648 0.007741553442818778 0.041819913046700616 0.05732181668281555
0 0.5528417655399868 0.5245568411690849 0.005956581660679409 0.03202339581080845 0.05723346397280693
0 0.9752370289393834 0.5224543980189732 0.004902499062674386 0.02373405865260533 0.05693509057164192
0 0.12641177858625138 0.5451249395098005 0.008653904710497175 0.032926695687430244 0.05642635002732277
0 0.10416863645826067 0.5440117631639753 0.007491929190499442 0.032630716051374166 0.05640634894371033
0 0.5406574521745954 0.5378105299813407 0.00875755718776158 0.044590915952410014 0.056140296161174774
0 0.5798061234610421 0.5413071087428502 0.008444922310965402 0.0410346303667341 0.05609148368239403
0 0.054306626319885254 0.5301598821367536 0.005732587405613491 0.025411060878208706 0.05516708642244339
0 0.09727697713034493 0.5435073716299874 0.007155631269727435 0.03239328520638602 0.05515056848526001
0 0.8561999457223075 0.5476890291486468 0.009428841727120536 0.030986854008265903 0.055125437676906586
