0 0.7613428660801479 0.541551045009068 0.0090921265738351 0.03904577663966587 0.28723573684692383
0 0.7545109476361956 0.5416056769234794 0.009294237409319197 0.038891383579799106 0.23925252258777618
0 0.7654421670096261 0.5414480481828962 0.008931636810302734 0.04053092002868652 0.23110775649547577
0 0.9134208134242466 0.5408605848039899 0.008971554892403739 0.04016808101109096 0.20977362990379333
0 0.9171806062970843 0.5397414820534843 0.008120741162981306 0.04066072191510882 0.19638152420520782
0 0.7692556381225586 0.5447772230420794 0.009437084197998047 0.0319345338003976 0.18076378107070923
0 0.13297442027500697 0.5437012399945941 0.008821359702519007 0.03502494948250907 0.17718340456485748
0 0.3837732587541853 0.5380848475864956 0.009767702647617884 0.040044001170567105 0.1697722226381302
0 0.9072475433349609 0.5413156236921038 0.009176390511648995 0.040557418550763814 0.1668882519006729
0 0.5692437035696847 0.5372088296072823 0.009198290961129325 0.04483039038521903 0.16615568101406097
0 0.5752831867762974 0.538731438773019 0.009904486792428153 0.04356925828116281 0.16043886542320251
0 0.5329246520996094 0.5160571507045201 0.006473336900983538 0.027715376445225308 0.159611776471138
0 0.39006437574114117 0.5359257289341518 0.009591613497052873 0.03883613858904157 0.15506082773208618
0 0.5653119087219238 0.5358990260532924 0.009233576910836356 0.04301251683916364 0.15497735142707825
0 0.12604672568184988 0.5436004911150251 0.008692213467189245 0.034622635160173686 0.14803868532180786
0 0.535987309047154 0.5204451765332904 0.007138081959315709 0.030269827161516463 0.14682529866695404
0 0.8312354769025531 0.5430745737893241 0.010659149714878626 0.037618773324148994 0.14655785262584686
0 0.12972608634403773 0.5399049350193569 0.00860372611454555 0.037089994975498745 0.14304931461811066
0 0.5406011172703334 0.5209437097821917 0.007413046700613839 0.031401600156511576 0.136505588889122
0 0.9106157847813198 0.5336652142660958 0.008396625518798828 0.0421142578125 0.1351844072341919
0 0.5308513981955392 0.5120089394705636 0.006029810224260602 0.02695563861301967 0.12949441373348236
0 0.718041011265346 0.542931352342878 0.009585108075823103 0.037166901997157505 0.129293292760849
0 0.8358120918273926 0.5431744711739677 0.009792191641671317 0.0388819830758231 0.12921075522899628
0 0.7730343682425362 0.5415074484688895 0.009175709315708705 0.041407619203839986 0.12850965559482574
0 0.39372873306274414 0.5305272511073521 0.009005648749215263 0.03568346159798758 0.12583564221858978
0 0.3783046177455357 0.5386495590209961 0.009757552828107561 0.04042482376098633 0.12413422018289566
0 0.746537344796317 0.5414600031716483 0.009373460497174944 0.03906052453177316 0.1219712421298027
0 0.9208645139421735 0.5388580049787249 0.007624830518450055 0.041543824332101006 0.12012941390275955
0 0.7579525538853237 0.5339761461530413 0.008942399706159319 0.04355621337890625 0.11569833755493164
0 0.1384591289928981 0.5440432003566197 0.008824501718793596 0.035026345934186666 0.11078374832868576
0 0.12206975051334926 0.5435411589486259 0.00870612689426967 0.03452835764203753 0.1081991195678711
0 0.08247798681259155 0.5384876387459892 0.006802524839128766 0.032017299107142856 0.10654591023921967
0 0.39854512895856586 0.5260135105678013 0.008277041571480888 0.030398947851998464 0.10578443855047226
0 0.07724152292524065 0.5354851313999721 0.006393202713557652 0.030909436089651927 0.10506148636341095
0 0.7130398750305176 0.5432885374341693 0.00956862313406808 0.03664261954171317 0.10499642044305801
0 0.7504310607910156 0.5368807315826416 0.009456021445138114 0.04135840279715402 0.10413959622383118
0 0.5592731748308454 0.5318358966282436 0.009193726948329381 0.04275451387677874 0.1037374958395958
0 0.5444379874638149 0.5219008581978934 0.007271971021379743 0.033674614770071845 0.10360879451036453
0 0.7229254586356026 0.5425420488630023 0.009587492261614119 0.03774963106427874 0.10048501938581467
0 0.40305801800319124 0.5250119481767926 0.008067403520856584 0.030027082988194058 0.09760136157274246
0 0.06977633919034686 0.5376959528241839 0.006554539714540754 0.029446431568690708 0.08865289390087128
0 0.5483083043779645 0.5253204618181501 0.008165223257882255 0.035136325018746514 0.08811530470848083
0 0.08522851126534599 0.5411315645490374 0.0074555959020342144 0.03290397780282157 0.08702588081359863
0 0.8403385026114327 0.5427543776375907 0.008889470781598772 0.04058350835527692 0.08646328747272491
0 0.5724646023341587 0.5296846457890102 0.008672612054007394 0.03859663009643555 0.08517401665449142
0 0.5827049527849469 0.5403148106166294 0.010004043579101562 0.04157853126525879 0.08479700237512589
0 0.9021757670811245 0.5345958641597203 0.008906568799700056 0.04378577641078404 0.0831013023853302
0 0.40638552393232075 0.532832179750715 0.009201662881033761 0.039718491690499444 0.08278825134038925
0 0.08960073334830147 0.5414853777204242 0.00770733186176845 0.033804007938929966 0.08256591856479645
0 0.06813853979110718 0.5309709821428571 0.006021316562380109 0.027532270976475308 0.08106694370508194
0 0.3874037946973528 0.5282417024884906 0.008381707327706473 0.03461112294878278 0.08091630041599274
0 0.11790776252746582 0.5432735511234829 0.008661823613303048 0.03446831021990095 0.08080801367759705
0 0.0939349787575858 0.5416438238961356 0.00775757006236485 0.033959661211286275 0.08022778481245041
0 0.09875260080610003 0.5418304715837751 0.007887763636452811 0.03401078496660505 0.07984417676925659
0 0.0651434702532632 0.5306664875575474 0.0060174380029950824 0.026882614408220564 0.07889711111783981
0 0.07148901053837367 0.5312542234148298 0.006021950926099505 0.027896438326154436 0.07847297191619873
0 0.07441368273326329 0.5316036088126046 0.006095677614212036 0.02930474281311035 0.07810775190591812
0 0.40047063146318707 0.5363096169063023 0.009888989584786552 0.043177195957728794 0.0759560838341713
0 0.10379536662782941 0.5419945035661969 0.007962993213108607 0.033990485327584405 0.0752488374710083
0 0.1429743766784668 0.544379711151123 0.008808646883283342 0.034883941922869 0.07425664365291595
0 0.7410529681614467 0.5415515899658203 0.00952911376953125 0.03873222214835031 0.07398878782987595
0 0.8228299277169364 0.542834963117327 0.010162694113595145 0.03963051523481097 0.07392226904630661
0 0.061944280351911275 0.5305251734597343 0.006010540894099644 0.026248931884765625 0.07167726010084152
0 0.5793341227940151 0.5319507462637765 0.009174210684640067 0.040435620716639926 0.0710972398519516
0 0.8991623606000628 0.5415443011692592 0.009276390075683594 0.04102097238813128 0.07078652083873749
0 0.5207138742719378 0.5148059981209892 0.005642311913626534 0.022678068705967495 0.07071385532617569
0 0.9605585506984166 0.5391709123338971 0.007995060511997767 0.03997686931065151 0.07009276002645493
0 0.37243121010916574 0.5400608607700893 0.00957315308707101 0.03970207486833845 0.06872212141752243
0 0.10807699816567558 0.5422940594809396 0.008116304874420166 0.03403472900390625 0.06850123405456543
0 0.5539231640951974 0.5276438168116978 0.008900301797049386 0.04083367756434849 0.06750985234975815
0 0.7087722505841937 0.5435501166752407 0.009442261287144251 0.03659125736781529 0.06683029979467392
0 0.11176293236868722 0.5425848960876465 0.00820110525403704 0.034272568566458564 0.06622561812400818
0 0.6629228591918945 0.5443629196711949 0.009684630802699499 0.035939420972551615 0.06422579288482666
0 0.3520116124834333 0.5428270612444196 0.009569713047572545 0.0372685364314488 0.06300944089889526
0 0.34688608986990793 0.5428621428353446 0.00949822153363909 0.037403958184378486 0.06187523528933525
0 0.037160051720482964 0.5206732068743024 0.004562380058424813 0.01944831439426967 0.06182507798075676
0 0.4057948248726981 0.5206561088562012 0.007368394306727818 0.02854180335998535 0.06116170436143875
0 0.587385722569057 0.5417579582759312 0.010378496987479073 0.03967033113752093 0.060745153576135635
0 0.8452043533325195 0.5427046503339495 0.008835724421909876 0.04108466420854841 0.05995523929595947
0 0.7295243399483817 0.5421385765075684 0.009617056165422713 0.03833167893545968 0.05963071063160896
0 0.5261424609592983 0.5075744901384626 0.005337919507707868 0.023135832377842495 0.059241339564323425
0 0.5278317247118268 0.5221915245056152 0.007145064217703683 0.03109846796308245 0.05801995098590851
0 0.36019182205200195 0.542590890611921 0.009562594549996513 0.037273100444248745 0.056677352637052536
0 0.36866004126412527 0.5463710512433734 0.009748697280883789 0.02742569787161691 0.05653531849384308
0 0.779566901070731 0.5416280882699149 0.009419100625174386 0.041027069091796875 0.05643165856599808
0 0.4263642856052944 0.515528644834246 0.006499869482857841 0.02726820537022182 0.056218065321445465
0 0.6675012452261788 0.5444561753954206 0.009517805916922433 0.035945892333984375 0.05465707182884216
0 0.1504927362714495 0.5445832524980817 0.008797100612095423 0.03484123093741281 0.054472532123327255
0 0.41761313165937153 0.5199142183576312 0.007080078125 0.027766193662370955 0.05386822298169136
0 0.3421957492828369 0.5430970191955566 0.009395463126046317 0.03726989882332938 0.053741730749607086
0 0.9255237579345703 0.5386881147112165 0.007554735456194196 0.041911772319248745 0.05367889255285263
0 0.4298224449157715 0.5153146471296038 0.006334406988961356 0.025492872510637556 0.053559016436338425
0 0.40989889417375835 0.5203508308955601 0.007266827992030552 0.02839735576084682 0.053447552025318146
0 0.8505344390869141 0.542644739151001 0.008903094700404577 0.04141174043927874 0.053026579320430756
0 0.36469227927071707 0.5420255661010742 0.009446110044206892 0.03774009432111468 0.05298960953950882
0 0.7356228828430176 0.5418634414672852 0.00965472630092076 0.03856890542166574 0.05277257785201073
0 0.43252086639404297 0.5151066098894391 0.0060013362339564735 0.023116282054356167 0.05231534317135811
0 0.4223629747118269 0.5156069483075824 0.006519930703299386 0.027706078120640347 0.0518355555832386
0 0.04487661804471697 0.5248536382402692 0.005003929138183594 0.022564308983939036 0.05180596187710762
0 0.058657211916787286 0.5257299286978585 0.0052365873541150776 0.022716522216796875 0.05149231106042862
