0 0.7412522860935756 0.5409342220851353 0.01104736328125 0.04301793234688895 0.451650470495224
0 0.748582022530692 0.5411124229431152 0.010500771658761161 0.043955019542149136 0.3621155023574829
0 0.7337512288774762 0.540980475289481 0.010543959481375558 0.04523355620247977 0.25954651832580566
0 0.7537986891610282 0.5418256010328021 0.010160718645368303 0.043211051395961216 0.237519308924675
0 0.3720314162118094 0.5349179676600865 0.008123908724103655 0.03295281955174038 0.23655091226100922
0 0.3676527568272182 0.5377932276044574 0.008580446243286133 0.03459021023341587 0.23264499008655548
0 0.7261675425938198 0.5420401777539935 0.010032517569405692 0.04367576326642718 0.2301146388053894
0 0.3769845962524414 0.5308986731937954 0.007712432316371373 0.03143678392682757 0.22799032926559448
0 0.7205332347324916 0.542318412235805 0.010177476065499442 0.04335556711469378 0.2164045125246048
0 0.3823917933872768 0.5263784272330148 0.006900685174124581 0.027392898287091936 0.21433529257774353
0 0.3635244369506836 0.5402539457593646 0.008840629032679967 0.03558267865862165 0.2060222327709198
0 0.3794011047908238 0.5265426635742188 0.0069860730852399555 0.027569362095424106 0.20206564664840698
0 0.8167557716369629 0.5417782919747489 0.010115350995744978 0.04185148647853306 0.19559064507484436
0 0.8217139925275531 0.5418343544006348 0.010000160762241908 0.04165107863289969 0.19555968046188354
0 0.7698250498090472 0.5416863645826068 0.010347093854631697 0.04530205045427595 0.18691685795783997
0 0.35991787910461426 0.5415501594543457 0.008497919355119978 0.03619224684579032 0.17296645045280457
0 0.7615056719098773 0.541975736618042 0.01006725856236049 0.043958732060023716 0.16709861159324646
0 0.3831731251307896 0.5373986107962472 0.007641621998378209 0.0342292104448591 0.16618910431861877
0 0.37979194096156527 0.5387880461556571 0.008159262793404716 0.035845858710152764 0.1642926186323166
0 0.39065330369131906 0.531724044254848 0.006885596684047154 0.02983856201171875 0.1532696783542633
0 0.14610304151262557 0.5448957170758929 0.009068557194301061 0.033298185893467495 0.14359040558338165
0 0.35547542572021484 0.5416858536856515 0.008514813014439173 0.036122219903128486 0.13729049265384674
0 0.8264953068324498 0.5418944358825684 0.01000363486153739 0.041401420320783346 0.13401296734809875
0 0.7446282250540597 0.5307520457676479 0.009308678763253348 0.0671015807560512 0.13061122596263885
0 0.15168368816375732 0.5450211252485003 0.009174721581595284 0.03323752539498465 0.12753766775131226
0 0.7381743703569684 0.5308412824358258 0.009333065577915736 0.05899453163146973 0.12557749450206757
0 0.13858045850481307 0.5449241910661969 0.009059395108904158 0.033495119639805386 0.11419684439897537
0 0.812077522277832 0.5361933708190918 0.010558332715715681 0.04865431785583496 0.10715412348508835
0 0.38620574133736746 0.5217628138405936 0.006165470395769391 0.0243793215070452 0.10405967384576797
0 0.35052687781197683 0.5418626240321568 0.008470773696899414 0.03602453640529087 0.10355515778064728
0 0.15572006361825125 0.5451558998652867 0.009300947189331055 0.033007213047572544 0.10107111930847168
0 0.9369939395359584 0.5389741488865444 0.007939338684082031 0.039840834481375556 0.0978013202548027
0 0.9431041990007673 0.5387694495064872 0.007973602839878626 0.03959907804216657 0.09718266874551773
0 0.34486920492989676 0.5420283930642265 0.008468321391514369 0.035924979618617466 0.09628657251596451
0 0.13420540945870535 0.5448878833225795 0.009010672569274902 0.03362870216369629 0.09386582672595978
0 0.8328172138759068 0.5426323073250907 0.009758744921003069 0.03952019555228097 0.0934729278087616
0 0.3408590044294085 0.5425365992954799 0.008541413715907506 0.035704578672136576 0.09332514554262161
0 0.9500752857753209 0.5424072401864188 0.007849897657121931 0.03146249907357352 0.0924835056066513
0 0.7298460687909808 0.5336016246250698 0.00971085684640067 0.05497567994253976 0.09177448600530624
0 0.33726041657584055 0.5430592128208706 0.008586883544921875 0.03532981872558594 0.0893632173538208
0 0.333146333694458 0.5441125461033413 0.008837291172572545 0.03450935227530343 0.08877989649772644
0 0.060301469905035834 0.5307274545942035 0.006163290568760463 0.029384306498936245 0.08867857605218887
0 0.9553674289158413 0.5391241141727993 0.0076590946742466515 0.039508002144949775 0.0878024697303772
0 0.38922251973833355 0.5216527666364398 0.006124564579554966 0.02419478552682059 0.08739293366670609
0 0.057651945522853305 0.5303643430982318 0.00610768369265965 0.029155050005231584 0.08687497675418854
0 0.8372578620910645 0.5427334649222237 0.009596688406808036 0.0394439697265625 0.0861281082034111
0 0.14895687784467423 0.5385093348366874 0.008602125304085868 0.040024212428501675 0.08536233752965927
0 0.3270425796508789 0.544879538672311 0.00913095474243164 0.03390427998134068 0.0852937400341034
0 0.645453929901123 0.5435852323259626 0.01061112540108817 0.04108514104570661 0.08386220037937164
0 0.6505451883588519 0.5450013705662319 0.010580744062151228 0.039227145058768134 0.0833626240491867
0 0.12783057349068777 0.5445374080113002 0.008849467550005232 0.033711399350847514 0.0830434262752533
0 0.0656197156224932 0.5346658229827881 0.006539906774248395 0.030919347490583147 0.08118993043899536
0 0.06323030165263585 0.5309811319623675 0.006164142063685826 0.029536145074026927 0.08032988011837006
0 0.14218488761356898 0.5381925446646554 0.008528922285352434 0.039766754422869 0.07880939543247223
0 0.3746743883405413 0.524909223828997 0.0066460541316441125 0.03289628028869629 0.07837099581956863
0 0.8422177178519112 0.5425261088779995 0.009585516793387277 0.03970558302743094 0.07726258039474487
0 0.7135550635201591 0.5425704206739154 0.010274955204554967 0.043136801038469584 0.07700581103563309
0 0.6555476869855609 0.5455035822732108 0.010938576289585658 0.03899894441877093 0.0760805755853653
0 0.9334227016993931 0.5389686311994281 0.00787217276436942 0.04019393239702497 0.07602328062057495
0 0.846670423235212 0.5422295842851911 0.009581906454903739 0.04000486646379743 0.07346021384000778
0 0.19693606240408762 0.5455529689788818 0.009260569299970354 0.032889093671526225 0.07263059914112091
0 0.1420825379235404 0.5513764790126255 0.00930882351739066 0.022626706532069614 0.07188307493925095
0 0.9582618985857282 0.5432148320334298 0.007518768310546875 0.03092820303780692 0.07170262187719345
0 0.05532220431736538 0.5258559499468122 0.005286914961678641 0.024600369589669362 0.07135023921728134
0 0.9602905000959124 0.5314902578081403 0.007501806531633649 0.0385704721723284 0.07068280875682831
0 0.7777760369437081 0.5415189606802804 0.010299546377999442 0.045028584344046454 0.07034893333911896
0 0.12160064492906843 0.544003963470459 0.008480318955012731 0.03384886469159808 0.06921518594026566
0 0.19017905848366873 0.545468841280256 0.009446144104003906 0.03310401099068778 0.06839446723461151
0 0.9475759778703962 0.5342822756086077 0.007509163447788784 0.03710409573146275 0.06699012219905853
0 0.3928826536451067 0.5386919975280762 0.007992812565394811 0.035408462796892436 0.06664121896028519
0 0.3477703503199986 0.5487139906202044 0.009089401790073939 0.02488722120012556 0.06663843989372253
0 0.399228640965053 0.5275606427873883 0.0066716670989990234 0.02809013639177595 0.06547018885612488
0 0.0519858683858599 0.525611332484654 0.0052407171045030865 0.024409328188214983 0.06501055508852005
0 0.80782379422869 0.5415379319872174 0.010226249694824219 0.0425567626953125 0.06484447419643402
0 0.6622919355119977 0.5456397192818778 0.011017458779471261 0.03913841928754534 0.0643531009554863
0 0.7583585466657367 0.5334888185773577 0.009900774274553572 0.056200572422572544 0.06386629492044449
0 0.16148805618286133 0.5452165603637695 0.009328774043491908 0.03305595261710031 0.06271645426750183
0 0.3476923533848354 0.5356095518384661 0.008104698998587472 0.03703246797834124 0.062276553362607956
0 0.3194691113063267 0.5453111103602818 0.009256771632603236 0.033534492765154154 0.06139115244150162
0 0.20213947977338517 0.5456028665815081 0.0090756927217756 0.0330113342830113 0.06091132387518883
0 0.07079795428684779 0.5379561356135777 0.007005742618015834 0.03262260981968471 0.060543857514858246
0 0.8522372245788574 0.5419796875544957 0.009562083653041295 0.040112086704799106 0.060122422873973846
0 0.06799429655075073 0.5393390314919608 0.006829138313020978 0.0327026503426688 0.05977277085185051
0 0.3569136347089495 0.5305337224687848 0.0073970045362200055 0.036128078188214986 0.05899794399738312
0 0.6409633500235421 0.5429167066301618 0.010621207101004464 0.04222587176731655 0.0582289956510067
0 0.39383019719805035 0.5206625120980399 0.005804743085588727 0.022922209330967495 0.05813175067305565
0 0.18604467596326554 0.5454383577619281 0.009410960333687919 0.03315666743687221 0.057024504989385605
0 0.048757233789988925 0.525423390524728 0.005248853138514927 0.023979118892124722 0.05675391107797623
0 0.369405916758946 0.5253153187888009 0.00667572021484375 0.033544676644461494 0.055351078510284424
0 0.2063427652631487 0.5472374984196254 0.009113567216055734 0.031246185302734375 0.0525968000292778
0 0.529627936226981 0.4927510534014021 0.0043675218309674945 0.024477311543055942 0.05228860303759575
