0 0.5609207834516253 0.5328664098467145 0.007020643779209682 0.03660416603088379 0.16738659143447876
0 0.5649754319872174 0.5399269376482282 0.008214269365583147 0.0405120849609375 0.13983915746212006
0 0.5772934641156878 0.5402020386287144 0.008252552577427455 0.039892264774867466 0.13862735033035278
0 0.5689415250505719 0.5399791172572544 0.00824873788016183 0.04021361895969936 0.13505418598651886
0 0.5729515211922782 0.5400918551853725 0.008298635482788086 0.03997918537684849 0.1338907778263092
0 0.5582317624773298 0.5283656120300293 0.006355387823922294 0.032207999910627096 0.12775321304798126
0 0.5833214351109096 0.540947709764753 0.00812734876360212 0.039408717836652486 0.12521879374980927
0 0.07519129344395228 0.5364094121115548 0.005803968225206647 0.02883413859776088 0.12501300871372223
0 0.4005871500287737 0.5388336862836566 0.007101808275495257 0.03368292536054339 0.12428482621908188
0 0.08012469325746809 0.540184770311628 0.006257057189941406 0.030017478125435964 0.1186356320977211
0 0.39598911149161203 0.5422498158046177 0.007587228502546038 0.03372032301766532 0.11727455258369446
0 0.07218760251998901 0.5385640008108956 0.006201373679297311 0.02899735314505441 0.11469846963882446
0 0.4037694590432303 0.5383501393454415 0.007146426609584263 0.03402784892490932 0.11018430441617966
0 0.08377184186662946 0.5367201396397182 0.005780126367296491 0.029655558722359792 0.1064726933836937
0 0.5876586096627372 0.5418101719447544 0.008283546992710658 0.0383824280330113 0.10614049434661865
0 0.10101273230143956 0.543902976172311 0.006765842437744141 0.03127350125994001 0.09681360423564911
0 0.10479879379272461 0.5442683015550885 0.006905708994184222 0.031726837158203125 0.09665120393037796
0 0.09747646536145892 0.5436875479561942 0.006639446531023298 0.030932392392839705 0.096137136220932
0 0.08894056933266777 0.5436719826289585 0.006540954113006592 0.030886377607073103 0.09570625424385071
0 0.09280355487551008 0.5436749458312988 0.006597484861101423 0.030923536845615933 0.09522813558578491
0 0.08537159647260394 0.5436744008745465 0.006581996168409075 0.030736991337367466 0.09327886998653412
0 0.0695572282586779 0.5316985334668841 0.005597327436719622 0.026703289576939175 0.09189126640558243
0 0.5543352535792759 0.5341618401663644 0.007301534925188337 0.037337848118373325 0.09146199375391006
0 0.10998618602752686 0.5447780064174107 0.007459597928183419 0.03199853215898786 0.08877374231815338
0 0.5925612449645996 0.5424034254891532 0.00850118909563337 0.03811948640005929 0.08779177069664001
0 0.406634977885655 0.5354511397225517 0.006648404257638114 0.03160040719168527 0.08711705356836319
0 0.18564976964678084 0.5470091956002372 0.009881819997514998 0.03366204670497349 0.08296871185302734
0 0.06644951871463231 0.5313947541373116 0.005588267530713763 0.02645911489214216 0.08281049132347107
0 0.5655214445931571 0.5236308915274483 0.006196601050240653 0.02944357054574149 0.08263988792896271
0 0.8602727481297084 0.5460975510733468 0.00937025887625558 0.03342155047825405 0.08167742937803268
0 0.8958894184657505 0.5442898273468018 0.00980990273611886 0.03537321090698242 0.08147582411766052
0 0.1816600731440953 0.5451785496303013 0.009604062352861677 0.03620941298348563 0.07748227566480637
0 0.598905086517334 0.5428931372506278 0.008536747523716517 0.038020474570138116 0.07537110149860382
0 0.8542428697858538 0.5462706770215716 0.009362901960100447 0.03335121699741909 0.0746442973613739
0 0.9659387043544224 0.5270296164921352 0.0059724535260881695 0.02956465312412807 0.07361064106225967
0 0.9631028175354004 0.5276226316179548 0.006613186427525112 0.030879872185843333 0.07256671786308289
0 0.19008035319192068 0.5468966620309013 0.009924003056117467 0.033516917909894674 0.07211826741695404
0 0.06395357847213745 0.5309352874755859 0.005574452025549752 0.026325362069266185 0.0715784952044487
0 0.41043523379734587 0.5351159232003349 0.006665570395333427 0.031649930136544366 0.07142060995101929
0 0.900674547467913 0.540921858378819 0.009544031960623605 0.038304737636021206 0.07101387530565262
0 0.39090776443481445 0.5410591534205845 0.007568461554391044 0.03382505689348493 0.07078146189451218
0 0.5546584129333496 0.5221454756600517 0.0055760315486363 0.025927577699933733 0.06959307193756104
0 0.603440693446568 0.5427968161446708 0.008458818708147322 0.038209847041538784 0.06706732511520386
0 0.1776768480028425 0.5469986711229596 0.009766425405229841 0.03353963579450335 0.0669197365641594
0 0.9063610349382673 0.5438342094421387 0.009761674063546317 0.035452468054635186 0.06500034034252167
0 0.5716259820120675 0.5266849654061454 0.006804534367152623 0.03734925815037319 0.06425479799509048
0 0.8675120217459542 0.5460053171430316 0.009490353720528739 0.03333742277962821 0.06394359469413757
0 0.888571058000837 0.5443171773638044 0.009660380227225167 0.03537774085998535 0.06385108083486557
0 0.5502435139247349 0.5339599677494594 0.0072427136557442805 0.037370613643101284 0.06315374374389648
0 0.06143672977175031 0.5306344713483538 0.005602853638785226 0.026099545615059987 0.061321716755628586
0 0.11441919633320399 0.5394877706255231 0.007010306630815778 0.03453888211931501 0.06032349541783333
0 0.15031216825757707 0.5460209165300641 0.008448702948434013 0.03260200364249093 0.05943309888243675
0 0.5517405101231166 0.5212962286812919 0.005129848207746234 0.024382931845528737 0.05826745182275772
0 0.1561253411429269 0.5462474141802106 0.008662666593279158 0.032786505562918525 0.058265674859285355
0 0.8635823386056083 0.5517313820975167 0.009197439466203963 0.022177559988839284 0.057893555611371994
0 0.09092613628932408 0.5326148441859654 0.0056790368897574285 0.028422525950840542 0.0578460767865181
0 0.8495644160679409 0.5464155333382743 0.009165150778634208 0.03330039978027344 0.057112351059913635
0 0.957902159009661 0.5315289497375488 0.007414272853306362 0.03523135185241699 0.057044703513383865
0 0.6087869916643415 0.5427139145987374 0.00842142105102539 0.03829993520464216 0.05659235268831253
0 0.5463112422398159 0.5256103106907436 0.005827937807355609 0.02811598777770996 0.056523848325014114
0 0.1734124251774379 0.5469606263296944 0.009690063340323312 0.03347597803388323 0.05618026480078697
0 0.8721719469342913 0.5459206444876534 0.009539808545793806 0.0333587782723563 0.05593017861247063
0 0.38793230056762695 0.5435122081211635 0.00785238402230399 0.03452140944344657 0.055709972977638245
0 0.23187800816127233 0.5461272171565464 0.009231652532305037 0.0333341189793178 0.05567048490047455
0 0.8834808894566127 0.544464247567313 0.009535517011369978 0.03542978422982352 0.05558362975716591
0 0.11825254985264369 0.5453084536961147 0.007960447243281774 0.03216096333095005 0.05543559789657593
0 0.0945504903793335 0.5329460416521344 0.005752112184252057 0.029177699770246233 0.054581742733716965
0 0.19496001516069686 0.5466596739632743 0.009878993034362793 0.033452442714146206 0.05412168800830841
0 0.16846043722970144 0.5468388284955706 0.009482877595084054 0.0331965514591762 0.05328649654984474
0 0.877626895904541 0.544802188873291 0.009584971836635045 0.034949677331107 0.05315209925174713
0 0.16233725207192556 0.5466035434177944 0.009172780173165458 0.032969508852277486 0.05298793315887451
0 0.3452222006661551 0.5464519773210798 0.008503879819597517 0.033163751874651225 0.05049274489283562
