0 0.47841388838631765 0.5143465314592633 0.004937103816441127 0.02034592628479004 0.26958566904067993
0 0.4762975147792271 0.5107433114733014 0.004200492586408343 0.0196012088230678 0.21199506521224976
0 0.4731884683881487 0.5117583956037249 0.0044416700090680805 0.0222383907863072 0.18787376582622528
0 0.891991206577846 0.5456956795283726 0.009463514600481306 0.03518165860857282 0.18784865736961365
0 0.8877402714320591 0.5457578727177211 0.009560244424002511 0.03504432950701032 0.1744060516357422
0 0.47467330523899626 0.518488883972168 0.0056623731340680805 0.021378176552908763 0.1668100506067276
0 0.48130147797720774 0.5142835889543805 0.004746096474783761 0.01942740167890276 0.1648995280265808
0 0.8961474554879325 0.5455628122602191 0.009321144648960658 0.03517685617719378 0.1541118323802948
0 0.47233554295131136 0.518674373626709 0.005549090249197823 0.020104374204363142 0.1394919455051422
0 0.8820202691214425 0.5454882553645543 0.009484563555036272 0.03526953288487026 0.1338779628276825
0 0.9743751798357282 0.5434401375906808 0.006850583212716239 0.036467518125261576 0.13373728096485138
0 0.9793891906738281 0.530449526650565 0.0058710915701729914 0.031670025416782925 0.13187435269355774
0 0.9770479202270508 0.5475646427699498 0.007155758993966239 0.03160187176295689 0.12890399992465973
0 0.47069110189165386 0.5143617902483258 0.004924774169921875 0.022225822721208845 0.1196841299533844
0 0.9004534312656948 0.5454493931361607 0.009220736367361886 0.035123654774257114 0.11480339616537094
0 0.8764519691467285 0.5453495298113141 0.009246689932686942 0.03568625450134277 0.11361902207136154
0 0.4216924394880022 0.5257133075169155 0.005422421864100865 0.021594864981515065 0.1134563758969307
0 0.9755088942391532 0.5301239149911063 0.005983625139508929 0.03102905409676688 0.10808051377534866
0 0.9073327609470913 0.5451231343405587 0.008934974670410156 0.035044193267822266 0.10736081749200821
0 0.1009664705821446 0.543844291142055 0.007394024303981236 0.03212479182652065 0.10711325705051422
0 0.42475877489362446 0.5254456656319755 0.005466563361031669 0.021497726440429688 0.10683898627758026
0 0.9663750784737724 0.5418477399008614 0.007904938289097376 0.03883300508771624 0.10423572361469269
0 0.9702863693237305 0.5422845567975726 0.007671833038330078 0.03797684397016253 0.10375502705574036
0 0.09736001491546631 0.5437423161097935 0.007316223212650844 0.032020126070295064 0.10077698528766632
0 0.8724343436104911 0.5453409467424665 0.009294986724853516 0.035646063940865655 0.10034104436635971
0 0.9803191593715123 0.5506412982940674 0.007162502833775112 0.029488222939627513 0.09948746860027313
0 0.10484986645834786 0.5438957554953439 0.007416205746786935 0.03221832002912249 0.09822072088718414
0 0.9727954864501953 0.5297744614737374 0.0059877123151506695 0.031019517353602817 0.09449226409196854
0 0.9626387868608747 0.5418627943311419 0.007784298488071987 0.038955484117780416 0.09394863247871399
0 0.41827467509678434 0.5257934842790876 0.005438464028494698 0.021665402821132114 0.09278935939073563
0 0.8681306838989258 0.5453865868704659 0.009507792336600167 0.03545577185494559 0.09134410321712494
0 0.4682082789284842 0.5147502081734794 0.004565511431012835 0.01926156452723912 0.08984194695949554
0 0.9695034027099609 0.5295853614807129 0.005991390773228237 0.03134833063398089 0.08783131092786789
0 0.8630599975585938 0.5454719407217843 0.00961930411202567 0.03542092868259975 0.08760076761245728
0 0.9148186274937221 0.5445827075413295 0.008506025586809431 0.03556861196245466 0.08541156351566315
0 0.15725159645080566 0.5453577041625977 0.008819324629647391 0.03332887377057757 0.08350631594657898
0 0.9034726279122489 0.5507295472281319 0.009357656751360213 0.02369100706917899 0.08277381211519241
0 0.9108569962637765 0.5500941957746234 0.00907748086111886 0.024789367403302873 0.08277183026075363
0 0.10918336255209786 0.538311072758266 0.006916122777121407 0.03233756337847028 0.08138848096132278
0 0.8588042940412249 0.5455552509852818 0.009631225040980749 0.03544279507228306 0.08133707195520401
0 0.09354877471923828 0.5436386380876813 0.007220421518598284 0.03203347751072475 0.08055223524570465
0 0.1199742215020316 0.5445449692862374 0.00798623902457101 0.03452386174883161 0.07952263951301575
0 0.15244485650743758 0.5452842031206403 0.008632591792515345 0.0334204946245466 0.07905782759189606
0 0.11156136648995536 0.5441184043884277 0.007618027073996407 0.03330772263663156 0.07839294523000717
0 0.9839776584080288 0.5255000250680106 0.005275317600795201 0.028180462973458425 0.07821960747241974
0 0.12544286251068115 0.5446852956499372 0.008062609604426793 0.03459327561514718 0.07750623673200607
0 0.16230668340410506 0.5454166957310268 0.008901408740452357 0.03331160545349121 0.07621067762374878
0 0.11556684970855713 0.5443811757223946 0.007808915206364223 0.034052644457135885 0.07512672245502472
0 0.13081252574920654 0.5446710586547852 0.008059850760868617 0.034568377903529575 0.07421515882015228
0 0.2659445490155901 0.5457343714577811 0.009914858000619071 0.03321756635393415 0.0742020308971405
0 0.928760119846889 0.5434651374816895 0.007978098733084542 0.03664319855826242 0.07395850867033005
0 0.9572725977216449 0.5401184558868408 0.007595062255859375 0.03675699234008789 0.07324738800525665
0 0.9188555989946637 0.5429036617279053 0.008364813668387277 0.03614234924316406 0.07262397557497025
0 0.8537792478288923 0.5461429527827671 0.009372711181640625 0.03425795691353934 0.07085806131362915
0 0.14792142595563615 0.5450941153935024 0.008366329329354423 0.03383997508457729 0.06966452300548553
0 0.2704634666442871 0.5457690102713448 0.009891578129359655 0.03324386051722935 0.06936226040124893
0 0.2908406938825335 0.5458504813058036 0.009605714253016881 0.034367527280535014 0.06931839138269424
0 0.13582519122532435 0.544689519064767 0.008074394294193812 0.034512724195207865 0.06930352747440338
0 0.9336787632533482 0.5430702141353062 0.007981232234409876 0.03679909024919782 0.06875934451818466
0 0.4269796098981585 0.5206125123160226 0.004854883466448102 0.019142321177891324 0.06872958689928055
0 0.2593134471348354 0.5472843306405204 0.009873543466840471 0.03144615037100656 0.06833764165639877
0 0.16668128967285156 0.5453729629516602 0.008906296321323939 0.033357484000069756 0.06829719245433807
0 0.9603860037667411 0.5302759579249791 0.006411893027169364 0.0340796879359654 0.06691592186689377
0 0.2956334522792271 0.5457488809313092 0.009599311011178153 0.03453254699707031 0.0663801059126854
0 0.2750025476728167 0.5458249364580426 0.009916867528642927 0.033154964447021484 0.06621331721544266
0 0.5583798204149518 0.526479857308524 0.006440367017473493 0.03148729460580008 0.06620797514915466
0 0.08856429372514997 0.5406990391867501 0.006651035376957485 0.031199046543666294 0.06610942631959915
0 0.28504443168640137 0.5458920342581612 0.009567414011274065 0.03405911581856864 0.06583385169506073
0 0.1404610616820199 0.5447634288242885 0.008098483085632324 0.03437972068786621 0.06562438607215881
0 0.14413494723183767 0.5449485097612653 0.008229996476854597 0.03414991923740932 0.06515776365995407
0 0.6026883125305176 0.5407405580793109 0.00846794673374721 0.04287689072745187 0.06452209502458572
0 0.9223149163382394 0.5438692229134696 0.00800677708217076 0.03639892169407436 0.06398751586675644
0 0.4782946450369699 0.5219621317727225 0.006516116006033761 0.025957516261509488 0.06341231614351273
0 0.849609238760812 0.5455631528581891 0.009378841945103236 0.035226140703473775 0.06288810819387436
0 0.6102818080357143 0.5412041800362724 0.00849362782069615 0.04270843097141811 0.06233872473239899
0 0.12848631824765885 0.5377920695713588 0.0074879271643502375 0.038477114268711636 0.06231294944882393
0 0.2809373140335083 0.5470735686165946 0.009733438491821289 0.03207489422389439 0.06178838759660721
0 0.30040318625313894 0.5456669671194894 0.009525605610438756 0.034759112766810825 0.06162530183792114
0 0.5990616934640067 0.5403290135519845 0.008401257651192802 0.042958736419677734 0.06133382394909859
0 0.1718717643192836 0.5453525951930455 0.00892688546861921 0.033371176038469584 0.05959233269095421
0 0.3165386063711984 0.5453977584838867 0.009205784116472517 0.035140786852155416 0.05900798365473747
0 0.48301771708897184 0.5182595252990723 0.0056340694427490234 0.02265892710004534 0.05873383209109306
0 0.6181748253958566 0.5413205964224679 0.00848184313092913 0.04275877135140555 0.05851754546165466
0 0.5628889628819057 0.5303803171430316 0.007136072431291852 0.03796417372567313 0.05831633508205414
0 0.3220163754054478 0.5450906753540039 0.009072167532784598 0.03515427453177316 0.05781233683228493
0 0.3056468963623047 0.5456470080784389 0.009454148156302316 0.034987177167619975 0.05768851935863495
0 0.09507601601736886 0.533341816493443 0.006205141544342041 0.029299157006399974 0.05756719782948494
0 0.31105075563703266 0.5455378123692104 0.00933837890625 0.03509443146841867 0.057329900562763214
0 0.6245395796639579 0.5421407563345773 0.008473532540457589 0.04131409100123814 0.05697214603424072
0 0.08552512100764684 0.5404891627175468 0.006534593445914132 0.03081996100289481 0.056804291903972626
0 0.566814695085798 0.5340054716382708 0.007534435817173549 0.04017155511038644 0.05592993646860123
0 0.5948666163853237 0.5397979872567313 0.00835418701171875 0.043525525501796176 0.055354420095682144
0 0.6287153107779366 0.5428996767316546 0.008731297084263392 0.03937309128897531 0.05518001690506935
0 0.9389190673828125 0.5429771968296596 0.00796863010951451 0.036812271390642436 0.0540546253323555
0 0.4163911002022879 0.5206995691571917 0.004780973706926618 0.019238437925066267 0.053879301995038986
0 0.8433403287615094 0.5455567836761475 0.009326185498918806 0.035053866250174384 0.05305350199341774
0 0.5750053950718471 0.5365973881312779 0.008027689797537667 0.042827299662998745 0.051538608968257904
0 0.3622103418622698 0.5437096868242536 0.008213417870657784 0.03397338730948312 0.05111519992351532
0 0.09038502829415458 0.5330711773463658 0.006093272141047886 0.028944424220493863 0.051078520715236664
0 0.5709951945713588 0.5363118989127023 0.007981879370553153 0.042747327259608676 0.051054175943136215
