0 0.9315517970493862 0.5424135753086635 0.008533954620361328 0.03917452267238072 0.18016909062862396
0 0.9349433353969029 0.5423307759421212 0.008657387324741908 0.039486544472830634 0.17247769236564636
0 0.9286134583609444 0.5444227286747524 0.008675711495535714 0.03513404301234654 0.14195147156715393
0 0.938917704990932 0.5422977038792202 0.008674894060407366 0.03955558368137905 0.14005348086357117
0 0.3947909559522356 0.5326762199401855 0.00777510234287807 0.03941069330487933 0.1236773431301117
0 0.3976278305053711 0.5358843122209821 0.007702486855643136 0.038386685507638116 0.12159077078104019
0 0.9652236529758998 0.5274658884320941 0.005669866289411273 0.026986019951956614 0.11835488677024841
0 0.9231655938284737 0.5390926088605609 0.00876208714076451 0.03518308912004743 0.10185597836971283
0 0.9586624417986188 0.5340115342821393 0.007762159620012555 0.035431112561907084 0.09842593967914581
0 0.08342154536928449 0.5372704097202846 0.006112081663949149 0.03138375282287598 0.09688309580087662
0 0.916032041822161 0.5468524183545794 0.008550916399274553 0.030754498073032925 0.09141341596841812
0 0.9635226385934013 0.5309812000819615 0.006630897521972656 0.03266733033316476 0.08657822012901306
0 0.07908699342182704 0.5368408475603376 0.006015232631138393 0.031068904059273855 0.07966936379671097
0 0.9422644887651715 0.5449400288718087 0.008285386221749442 0.03439698900495257 0.07949219644069672
0 0.9212943485804966 0.5471790858677456 0.008545671190534319 0.030383450644356862 0.077654629945755
0 0.9557240349905831 0.532942567552839 0.0074269430977957586 0.034768138613019674 0.07713495939970016
0 0.9701512881687709 0.5282829829624721 0.0060689108712332586 0.02844139507838658 0.07211478799581528
0 0.9530624662126813 0.5402698516845703 0.008125918252127511 0.036937100546700616 0.07151968032121658
0 0.9121155738830566 0.5466514314923968 0.00873701913016183 0.030657802309308733 0.06494946032762527
0 0.9678386960710798 0.5306891373225621 0.006488186972481864 0.034471443721226284 0.06357968598604202
0 0.4004293169294085 0.5278523990086147 0.006594453539167132 0.03108811378479004 0.06229540333151817
0 0.9586782455444336 0.5271876539502826 0.005578654153006417 0.026920386723109653 0.06159781292080879
0 0.38839943068368094 0.5405453954424176 0.008551733834402902 0.040310825620378764 0.05900267884135246
0 0.9452296665736607 0.5419110570635114 0.008339268820626395 0.03610740389142718 0.05537094920873642
0 0.9495196342468262 0.542010954448155 0.008374622889927455 0.03655753816877093 0.053155317902565
0 0.37738943099975586 0.5425707953316825 0.008927924292428153 0.04054794992719378 0.05123509466648102
