0 0.398641722542899 0.5356355735233852 0.008660895483834403 0.035781996590750556 0.1929473727941513
0 0.394582952771868 0.5404883112226214 0.009134360722133092 0.03811958857945034 0.1877627819776535
0 0.5504296847752163 0.5231749670846122 0.007476806640625 0.03420829772949219 0.13934911787509918
0 0.5469879422869001 0.522437300000872 0.0073779310498918805 0.032399075371878486 0.13545210659503937
0 0.4023354394095285 0.540071964263916 0.008976527622767858 0.041060958589826314 0.13529899716377258
0 0.38909980228969027 0.5411387171064105 0.009404591151646205 0.040101630347115655 0.11484138667583466
0 0.7003070286342076 0.5441910198756627 0.011774880545479911 0.03999641963413784 0.11449149996042252
0 0.08594125509262085 0.5426200457981655 0.007313711302621024 0.03484344482421875 0.10603729635477066
0 0.08121101345334734 0.5421141556331089 0.007237093789236886 0.03458540780203683 0.10537350177764893
0 0.9355916976928711 0.5394982610430036 0.008303846631731306 0.04134253093174526 0.10453526675701141
0 0.9396976743425641 0.539271354675293 0.008362701960972376 0.04165567670549665 0.10285059362649918
0 0.7059025083269391 0.5438451085771833 0.011658464159284319 0.03954873766217913 0.10054117441177368
0 0.9316767283848354 0.5397031647818429 0.008261884961809431 0.04118398257664272 0.09862150251865387
0 0.5563019343784877 0.5297132900782994 0.009061574935913086 0.04263414655412946 0.0967174544930458
0 0.4045961243765695 0.5312745230538505 0.008236237934657506 0.03373803411211286 0.09568694233894348
0 0.6946875708443778 0.5438049180167062 0.011452334267752511 0.0412778513772147 0.09290161728858948
0 0.9275258609226772 0.5404978479657855 0.008283887590680803 0.04088766234261649 0.09241855144500732
0 0.6005180903843471 0.5400312287466866 0.010998385293143136 0.04679410798209054 0.09170346707105637
0 0.09012292964117867 0.5427039010184151 0.00735541752406529 0.034813131604875834 0.09097610414028168
0 0.5418603079659599 0.5220134258270264 0.007146903446742466 0.03154945373535156 0.09094468504190445
0 0.9217017037527901 0.5417418479919434 0.008694853101457869 0.0395660400390625 0.0891941636800766
0 0.5926585878644671 0.539980275290353 0.010979175567626953 0.04596550124032157 0.08867869526147842
0 0.9447210856846401 0.5391639300755092 0.008453505379813058 0.041789463588169644 0.08449526131153107
0 0.40824798175266813 0.5308196544647217 0.008024828774588448 0.033338614872523716 0.08381707966327667
0 0.41231186049325125 0.5305175100054059 0.00791161400931222 0.03297768320356097 0.08168743550777435
0 0.9175268581935337 0.5420829909188407 0.00875295911516462 0.03948143550327846 0.08027786016464233
0 0.1518909249986921 0.5440460613795689 0.008993268013000488 0.03432771137782505 0.07904618233442307
0 0.3837158339364188 0.5411923953465053 0.009396518979753767 0.040101630347115655 0.07596854865550995
0 0.5522534506661552 0.5364024298531669 0.009665148598807198 0.048150641577584405 0.07579176127910614
0 0.5369787897382464 0.5202634675162179 0.006348439625331334 0.025268043790544783 0.07460185140371323
0 0.713514872959682 0.542860746383667 0.010734421866280692 0.0395355224609375 0.0730610266327858
0 0.4067424365452358 0.5444343430655343 0.009241036006382533 0.033028977257864814 0.07284081727266312
0 0.4211721420288086 0.5299293654305595 0.007189546312604632 0.030063629150390625 0.07239925861358643
0 0.587977681841169 0.5384422029767718 0.010872909000941686 0.0479461806161063 0.07062489539384842
0 0.07578131130763463 0.5377958842686245 0.006845840385981968 0.032913378306797574 0.06910688430070877
0 0.6062638419015067 0.5401671273367745 0.011009965624128069 0.04722458975655692 0.06740164756774902
0 0.9504259654453823 0.5382728917258126 0.008654798780168806 0.0440220832824707 0.06444905698299408
0 0.09509892123086112 0.5426884378705706 0.0073645966393607 0.034815379551478794 0.06374054402112961
0 0.5391259874616351 0.5165694100516183 0.006225449698311942 0.026745046888078963 0.06242186576128006
0 0.15746487889971053 0.5442722865513393 0.009120821952819824 0.03363442420959473 0.061000458896160126
0 0.3795065198625837 0.5416450841086251 0.009338140487670898 0.0400059563773019 0.06091435253620148
0 0.4181438514164516 0.5265143258231026 0.007291861942836216 0.029532160077776228 0.060555074363946915
0 0.942505019051688 0.5307994910648891 0.007256031036376953 0.03888750076293945 0.060497213155031204
0 0.4251607826777867 0.5296248027256557 0.00704268046787807 0.02989717892238072 0.0604199580848217
0 0.5602392469133649 0.5332375935145787 0.009629828589303153 0.04544547625950405 0.060389164835214615
0 0.9540130751473563 0.536093030657087 0.008337838309151786 0.04341323035103934 0.059767380356788635
0 0.5832132611955915 0.5377026966639927 0.01097876685006278 0.04834825651986258 0.059175148606300354
0 0.9126531055995396 0.5420231819152832 0.008701801300048828 0.03969611440386091 0.058654237538576126
0 0.14909613132476807 0.5376744270324707 0.008296489715576172 0.037353958402361186 0.05790817737579346
0 0.9577549525669643 0.5379680224827358 0.008421012333461217 0.04476479121616909 0.05635201185941696
0 0.1452835968562535 0.5439475945064 0.008854031562805176 0.03451408658708845 0.056017760187387466
0 0.5468854904174805 0.536438022341047 0.009606497628348214 0.048070975712367466 0.05571940541267395
0 0.532074110848563 0.5200116293770927 0.0060263701847621375 0.02345146451677595 0.05213627219200134
0 0.06723999551364354 0.5344830921718052 0.006526146616254534 0.030722788402012417 0.05159248784184456
0 0.3752908706665039 0.5423003605433873 0.009252752576555525 0.039555447442190986 0.05154259502887726
0 0.6875615801130023 0.5434888431004116 0.011218275342668806 0.042770249502999444 0.05056924745440483
0 0.07276248931884766 0.5352072715759277 0.006565302610397339 0.03105827740260533 0.050439849495887756
0 0.5436707224164691 0.5131017139979771 0.006010668618338448 0.02729684965951102 0.05001157894730568
