0 0.4331796509878976 0.5380041258675712 0.008426223482404436 0.04368512971060617 0.27384889125823975
0 0.4293872969491141 0.5377541950770787 0.008573974881853377 0.04279569217136928 0.25239530205726624
0 0.4268700395311628 0.5404840878077916 0.008479935782296317 0.042191573551722934 0.18426035344600677
0 0.42104196548461914 0.5405564308166504 0.008484806333269392 0.042442492076328824 0.1671128273010254
0 0.41210879598345074 0.5406427383422852 0.009272984095982142 0.04134259905133929 0.12931062281131744
0 0.10182378973279681 0.5444863523755755 0.008938576493944441 0.03290482929774693 0.11241236329078674
0 0.40644703592572895 0.5442046097346714 0.009337220873151506 0.03551408222743443 0.10630818456411362
0 0.42380428314208984 0.5403446129390171 0.007721492222377232 0.03652763366699219 0.1062777191400528
0 0.44112954820905415 0.5297536509377616 0.006985630307878766 0.03400271279471261 0.0877344086766243
0 0.40045833587646484 0.544764484677996 0.009000233241489955 0.03343752452305385 0.08250413835048676
0 0.41827355112348286 0.5397875308990479 0.008026123046875 0.038597243172781806 0.07925102859735489
0 0.10646381548472814 0.5450219767434257 0.009220004081726074 0.03185837609427316 0.07499184459447861
0 0.43828119550432476 0.5254699843270438 0.006056274686540876 0.02674766949244908 0.07182977348566055
0 0.4158104487827846 0.5376584870474679 0.008271864482334681 0.037635224206107 0.06515513360500336
0 0.4028878893171038 0.5399976457868304 0.00908667700631278 0.03741935321262905 0.06402570009231567
0 0.3978299413408552 0.5424633707318988 0.00917046410696847 0.03660835538591657 0.05722030997276306
