0 0.9617334774562291 0.5396538121359689 0.008056913103376116 0.03968000411987305 0.299731969833374
0 0.9582113538469587 0.5383463246481759 0.007655484335763114 0.037214960370744975 0.2926088869571686
0 0.9656569617135184 0.5413945402417865 0.0074247632707868305 0.03856706619262695 0.271683931350708
0 0.970149040222168 0.5425819669451032 0.008652073996407645 0.0335733209337507 0.2588253617286682
0 0.32647500719342915 0.5452878475189209 0.009146860667637416 0.03348282405308315 0.23546305298805237
0 0.32213919503348215 0.5469777924673898 0.00952904564993722 0.03213354519435337 0.21873174607753754
0 0.9546803065708706 0.5411489350455148 0.007853984832763672 0.037007297788347514 0.19296589493751526
0 0.3326648644038609 0.5450421742030552 0.009165423257010323 0.033479860850742886 0.17175307869911194
0 0.1022794416972569 0.542609691619873 0.007023223808833531 0.03276099477495466 0.16568805277347565
0 0.10653269290924072 0.542726993560791 0.00701603719166347 0.03254921095711844 0.15559639036655426
0 0.09864459718976702 0.5425034250531878 0.007087230682373047 0.032886198588779995 0.1525229811668396
0 0.964359964643206 0.5289126804896763 0.006123338426862445 0.03296174321855817 0.1473865956068039
0 0.31634521484375 0.5455983706883022 0.009141683578491211 0.03333541325160435 0.1407753825187683
0 0.3295933519090925 0.5388683591570173 0.009276866912841797 0.04084038734436035 0.1388901323080063
0 0.11472535984856742 0.5488625935145787 0.008069021361214774 0.02287050655909947 0.13331949710845947
0 0.11241918802261353 0.5432501179831368 0.007231882640293666 0.032893521445138116 0.1279924511909485
0 0.33676300730024067 0.5450052533830915 0.009139401572091239 0.03350240843636649 0.12754318118095398
0 0.09529716627938407 0.5424730437142509 0.00714294399533953 0.032971348081316264 0.12431629747152328
0 0.1175551244190761 0.5441159520830426 0.00744445834841047 0.03322029113769531 0.12018628418445587
0 0.9495278085981097 0.5415205955505371 0.007869720458984375 0.03685089520045689 0.11612090468406677
0 0.9674628121512276 0.5290071964263916 0.006521701812744141 0.03273888996669224 0.11260967701673508
0 0.12230179991040911 0.5444295746939523 0.007635823317936489 0.03305990355355399 0.10903418809175491
0 0.5735780852181571 0.5355918748038155 0.008866276059831892 0.04379752704075405 0.10897016525268555
0 0.31925742966788156 0.5391441072736468 0.009194169725690569 0.04134964942932129 0.10747379064559937
0 0.9007387161254883 0.5448494638715472 0.008475508008684431 0.034424270902361186 0.10465305298566818
0 0.3416142463684082 0.5447989872523716 0.008992297308785575 0.033547980444771905 0.10397940874099731
0 0.8963514055524554 0.5449537549700055 0.008585793631417411 0.03433619226728167 0.10379146784543991
0 0.9439693178449359 0.5417825153895787 0.00786447525024414 0.03695402826581683 0.10110616683959961
0 0.14976028033665248 0.5450491905212402 0.007818528584071569 0.032321419034685404 0.10007553547620773
0 0.8909779957362584 0.545163631439209 0.008756228855678014 0.034273386001586914 0.09947837144136429
0 0.14467379025050572 0.544738633292062 0.007809656006949288 0.03244621413094657 0.09845926612615585
0 0.5774346760341099 0.5342278480529785 0.008509090968540736 0.04203711237226214 0.09783747792243958
0 0.9078625270298549 0.5447845799582345 0.008343764713832311 0.03466401781354632 0.09613064676523209
0 0.5673616273062569 0.5332695075443813 0.0085404600415911 0.04163428715297154 0.09340161085128784
0 0.11009161812918526 0.5381613118307931 0.006869333130972726 0.033135686601911275 0.09168276190757751
0 0.8860762459891183 0.5464256831577846 0.009022917066301619 0.03287931850978306 0.09161970019340515
0 0.3478935105460031 0.5445108413696289 0.008756944111415319 0.03366483960832868 0.0909503921866417
0 0.09219935962132045 0.5398436955043248 0.006667503288814 0.031275578907557895 0.08810710161924362
0 0.9386028562273298 0.5423014845166888 0.007897308894566126 0.036874089922223775 0.08729369193315506
0 0.0895987834249224 0.5419786998203823 0.006635819162641253 0.0315206732068743 0.08601485192775726
0 0.12759382384163992 0.5444746698651995 0.007682357515607562 0.03302727426801409 0.08570791780948639
0 0.8816680227007184 0.5466155324663434 0.009063448224748884 0.032518012183053155 0.08475859463214874
0 0.7264675412859235 0.54717070715768 0.009968689509800501 0.03208535058157785 0.08452929556369781
0 0.1395310504095895 0.544553416115897 0.0077694739614214215 0.032737527574811666 0.08403559029102325
0 0.9710798263549805 0.5290980679648263 0.006370340074811663 0.03285721370152065 0.08354030549526215
0 0.5588403429303851 0.5265559468950544 0.007399593080793109 0.03398728370666504 0.08177847415208817
0 0.15493062564304896 0.5455917630876813 0.007748212133135114 0.03237543787275042 0.08015011250972748
0 0.5492874213627407 0.5208564485822406 0.0061370304652622765 0.0277339049748012 0.07765935361385345
0 0.5436129570007324 0.5202080862862724 0.005922555923461914 0.025645290102277483 0.07746949791908264
0 0.5638982227870396 0.5297200339181083 0.008329221180507116 0.040054185049874444 0.07633304595947266
0 0.5523058686937604 0.5210760661533901 0.006225040980747768 0.028188535145350864 0.07627134770154953
0 0.3110040937151228 0.5456155027662005 0.009123563766479492 0.0332704952784947 0.07560648769140244
0 0.5460859026227679 0.5207265104566302 0.006086042949131557 0.027361324855259488 0.07545468956232071
0 0.5542875017438617 0.5313904285430908 0.00823174204145159 0.042376926967075894 0.07523011416196823
0 0.5396241801125663 0.5198408194950649 0.005833080836704799 0.024105072021484375 0.07517030835151672
0 0.13340723514556885 0.5445435728345599 0.007746279239654541 0.032927445002964566 0.07374589145183563
0 0.721125602722168 0.5468110357012067 0.010056563786097936 0.03243286269051688 0.07359779626131058
0 0.8769664764404297 0.5468333789280483 0.009080750601632255 0.03216443743024554 0.07330065220594406
0 0.3142803737095424 0.5530473845345634 0.009107555661882673 0.020655802318028042 0.07214807718992233
0 0.7297579220363072 0.5522628511701312 0.009651047842843192 0.02197984286717006 0.07064410299062729
0 0.9155465534755162 0.5444333212716239 0.008275917598179408 0.03469651085989816 0.06977001577615738
0 0.5556955678122384 0.5213971138000488 0.006418909345354352 0.029315505708966936 0.06945376843214035
0 0.9041493960789272 0.538825273513794 0.008319854736328125 0.04080138887677874 0.06930171698331833
0 0.9461838858468192 0.5345479079655239 0.006994588034493583 0.036708218710763116 0.06904275715351105
0 0.5694436005183628 0.5227245603288923 0.006507669176374163 0.03219376291547503 0.06652673333883286
0 0.9326493399483817 0.5428573063441685 0.00786379405430385 0.03650716372898647 0.06633718311786652
0 0.6391750063214984 0.5443952424185616 0.01015683582850865 0.036759751183646064 0.06476374715566635
0 0.3442156996045794 0.5374517440795898 0.008727550506591797 0.038068294525146484 0.06349580734968185
0 0.35119744709559847 0.5394904954092843 0.008484329496111189 0.03557474272591727 0.06245126202702522
0 0.733830315726144 0.5471383503505162 0.009934220995221819 0.032040493828909736 0.06183331832289696
0 0.08425497157233101 0.5389721052987235 0.006189823150634766 0.030263968876429966 0.06091320887207985
0 0.6443527085440499 0.5446211610521589 0.01012556893484933 0.03662558964320591 0.06086989492177963
0 0.1418784941945757 0.5515569618770054 0.008183394159589494 0.02048492431640625 0.05945767089724541
0 0.8720872061593192 0.5470186642238072 0.009041718074253626 0.03198269435337612 0.05881653353571892
0 0.911363056727818 0.5387232984815326 0.00812121800013951 0.0406794548034668 0.05875062942504883
0 0.1606005941118513 0.5459614140646798 0.007793273244585309 0.03249304635184152 0.058461036533117294
0 0.2965300423758371 0.5459702014923096 0.009012188230242048 0.03295503343854632 0.05845833197236061
0 0.7620841435023716 0.5473643711635044 0.009487152099609375 0.03139519691467285 0.05832601338624954
0 0.30543698583330425 0.5456502437591553 0.009132930210658483 0.03318214416503906 0.05825986713171005
0 0.30073424748011995 0.5458083152770996 0.009105682373046875 0.03312509400503976 0.058110158890485764
0 0.3556687491280692 0.5440473215920585 0.008622884750366211 0.03367001669747489 0.05749813839793205
0 0.12499220882143293 0.5394938332693917 0.00706326961517334 0.03508070537022182 0.05661846697330475
0 0.5825445992606026 0.5377093383244106 0.009062153952462333 0.04571342468261719 0.05643938109278679
0 0.08583087580544609 0.5478757108960833 0.0074446286473955426 0.025725296565464566 0.05638686567544937
0 0.9523547036307198 0.5297337259565081 0.006202084677559989 0.03424004146030971 0.05491979047656059
0 0.769491468157087 0.547438212803432 0.009467056819370814 0.03140395028250558 0.05454020947217941
0 0.63108001436506 0.54318710735866 0.009749548775809152 0.03881263732910156 0.05433391407132149
0 0.8465648378644671 0.5478220667157855 0.008977958134242467 0.031003032411847795 0.05420958995819092
0 0.6649915150233677 0.5449692862374442 0.009953158242361886 0.0361720153263637 0.054171398282051086
0 0.6491800035749163 0.5445865222385952 0.010050977979387556 0.03669084821428571 0.0535937137901783
0 0.10417865003858294 0.5330717223031181 0.006364856447492327 0.029455491474696567 0.05322297289967537
0 0.2896287441253662 0.5480666160583496 0.008814454078674316 0.030291318893432617 0.05321816727519035
0 0.6592073440551758 0.5447403703417096 0.009932586124965124 0.036611080169677734 0.0528082512319088
0 0.5494206632886615 0.5338800975254604 0.00859063012259347 0.04499983787536621 0.051877591758966446
0 0.8410931995936802 0.5479120186397007 0.008986336844308036 0.03080804007393973 0.05165242403745651
0 0.1715970720563616 0.5463489804949079 0.007959212575639998 0.03271262986319406 0.05164054036140442
0 0.42913423265729633 0.5202537945338658 0.004951851708548409 0.018607616424560547 0.05096771940588951
0 0.5873094286237445 0.538243157523019 0.00905609130859375 0.04566584314618792 0.050899431109428406
0 0.42583305495125906 0.5203443254743304 0.004963806697300502 0.018723453794206892 0.050539594143629074
0 0.7574633189610073 0.5472689015524728 0.009536130087716239 0.031471116202218194 0.05046430975198746
