0 0.09618926048278809 0.5456927163260323 0.007226892880031041 0.03247206551688058 0.0862899050116539
0 0.43341476576668875 0.5203240598951068 0.004781450544084821 0.01767785208565848 0.08270231634378433
0 0.1537233761378697 0.5483300004686628 0.008227433477129256 0.028911726815359935 0.08115298300981522
0 0.09862206663404192 0.5457164219447544 0.0071585093225751606 0.03277536800929478 0.0745854601264
0 0.15006121567317418 0.5477733612060547 0.008047206061226981 0.029601437704903737 0.06723976880311966
0 0.6215605054582868 0.5389466966901507 0.00836188452584403 0.03779373850141253 0.0669359564781189
0 0.6238737787519183 0.54299225125994 0.008865628923688616 0.03692790440150669 0.06654641032218933
0 0.06382760831287929 0.5357843126569476 0.006011141198022025 0.03088423183986119 0.06604334712028503
0 0.4316605159214565 0.5206029074532645 0.004931960787091937 0.01903336388724191 0.06131980940699577
0 0.5727875573294503 0.5342634064810616 0.007299729755946568 0.03417168344770159 0.05976841226220131
0 0.5700010912758964 0.5270111220223563 0.006078515733991351 0.0261016913822719 0.056603241711854935
0 0.06127214006015232 0.5351402418954032 0.0061258673667907715 0.031136478696550642 0.056411366909742355
0 0.13896478073937552 0.5476482255118233 0.00803938933781215 0.029613937650408064 0.053608328104019165
0 0.3976107324872698 0.53524306842259 0.0071719373975481305 0.03390441622052874 0.05257430672645569
0 0.10262841837746757 0.5467347076960972 0.007940709590911865 0.031113283974783763 0.050468768924474716
0 0.5664831910814557 0.5362348215920585 0.00749274662562779 0.03347860063825335 0.050429243594408035
