0 0.9043855667114258 0.5442195960453579 0.009508064814976283 0.0379176139831543 0.6170084476470947
0 0.9088760103498187 0.5444174494062152 0.009561198098318917 0.03721625464303153 0.6151580810546875
0 0.8984687668936593 0.5438548496791294 0.008862631661551339 0.038032361439296176 0.5603734850883484
0 0.9127065113612584 0.5487605503627232 0.00928708485194615 0.0279411928994315 0.5286558270454407
0 0.915618760245187 0.5422697748456683 0.009194374084472656 0.041736602783203125 0.3033618628978729
0 0.8936873844691685 0.5437932695661273 0.008841991424560547 0.037577424730573385 0.26924899220466614
0 0.5743510382516044 0.5384622301374163 0.01110219955444336 0.047761542456490655 0.2161371409893036
0 0.6541384969438825 0.5381159101213727 0.012034143720354353 0.04660858426775251 0.21190407872200012
0 0.9194823673793248 0.5417515890938895 0.009095941271100725 0.04225669588361468 0.17473678290843964
0 0.5799057143075126 0.538377012525286 0.011282920837402344 0.04901177542550223 0.15952999889850616
0 0.5678817204066685 0.5367576735360282 0.010811669485909598 0.04807564190455845 0.15400207042694092
0 0.34853625297546387 0.544860873903547 0.01024559565952846 0.035241944449288506 0.1491151601076126
0 0.6476396833147321 0.5380227906363351 0.011944430215018136 0.04682959829057966 0.14476090669631958
0 0.3441472053527832 0.5447282450539725 0.010244744164603097 0.0354787962777274 0.14086472988128662
0 0.35448159490312847 0.5446706158774239 0.01015404292515346 0.03596428462437221 0.1381170153617859
0 0.6603796822684151 0.5391032355172294 0.011531352996826172 0.04549803052629743 0.13680516183376312
0 0.8859951155526298 0.5438476290021624 0.009006636483328683 0.0370751108442034 0.13669155538082123
0 0.9694856234959194 0.5359157153538295 0.00854137965611049 0.04243332999093192 0.13413946330547333
0 0.35865906306675505 0.543954713003976 0.009804691587175642 0.037241969789777486 0.13055017590522766
0 0.08512622969491142 0.54312835420881 0.008072495460510254 0.035862513950892856 0.12992621958255768
0 0.22661350454602922 0.5479583059038434 0.009327547890799386 0.03146324838910784 0.12851156294345856
0 0.22252157756260463 0.547989981515067 0.009340473583766393 0.031475986753191264 0.12667161226272583
0 0.08131490434919085 0.5425289017813546 0.008059859275817871 0.03611956323896136 0.12573246657848358
0 0.965130124773298 0.5384713581630162 0.009143216269356864 0.044217824935913086 0.1224212497472763
0 0.5711800370897565 0.5294039930616107 0.009577138083321708 0.04694277899605887 0.11448346823453903
0 0.888641493661063 0.5499303000313895 0.0088022095816476 0.024119785853794644 0.11101502180099487
0 0.5641416140965053 0.5321025507790702 0.009506089346749442 0.044937338147844584 0.10773523896932602
0 0.92526946749006 0.5414648056030273 0.009023393903459822 0.0425835336957659 0.09525280445814133
0 0.09054131167275566 0.543128422328404 0.008060089179447718 0.035989931651524136 0.09501329809427261
0 0.07768774032592773 0.5415961061205182 0.007530740329197475 0.03520890644618443 0.09498845785856247
0 0.9743521554129464 0.5305085522787911 0.007842132023402624 0.039506844111851284 0.08816680312156677
0 0.9609477179391044 0.5365732056753976 0.009378705705915178 0.04366414887564523 0.08788903057575226
0 0.36702122007097515 0.5437373433794294 0.009756156376429967 0.0374140739440918 0.08770277351140976
0 0.8805484090532575 0.5439411231449672 0.009098461696079798 0.03688764572143555 0.08761605620384216
0 0.9338910239083427 0.5501281193324498 0.13221802030290877 0.02422799382890974 0.08614357560873032
0 0.21721485682896205 0.5478999955313546 0.009316257068089076 0.0319131783076695 0.08061802387237549
0 0.33617656571524485 0.5446606022971017 0.0102691650390625 0.03583901269095285 0.07918095588684082
0 0.2330178873879569 0.5464720726013184 0.009481004306248255 0.033655336924961636 0.07866750657558441
0 0.5568281582423619 0.52890488079616 0.008402279445103236 0.03894976207188198 0.0781979113817215
0 0.9320911679949079 0.541041510445731 0.00897216796875 0.04314310210091727 0.077126145362854
0 0.30866547993251253 0.5448313440595355 0.009640046528407506 0.035146474838256836 0.07684007287025452
0 0.31594947406223844 0.5448483058384487 0.00974900381905692 0.03509552138192313 0.07390084117650986
0 0.3045928818838937 0.5458135604858398 0.009539399828229631 0.0338597297668457 0.07321031391620636
0 0.6677706582205636 0.5407242093767438 0.010757105691092355 0.04289787156241281 0.07264624536037445
0 0.955648490360805 0.5388317789350238 0.009506089346749442 0.04408890860421317 0.07170585542917252
0 0.5298349516732352 0.5203299522399902 0.006094353539603097 0.023755243846348355 0.07121846079826355
0 0.23057426725115096 0.5527139050619942 0.008810043334960938 0.021088259560721263 0.07116763293743134
0 0.9804818970816476 0.5263589450291225 0.0070089612688337055 0.03697408948625837 0.07018336653709412
0 0.8894187382289341 0.5356964043208531 0.00850330080304827 0.04598045349121094 0.06997504085302353
0 0.3208013262067522 0.5447968074253627 0.009825059345790319 0.03512886592320034 0.06965166330337524
0 0.5889285632542202 0.538433449608939 0.011654853820800781 0.0500882693699428 0.06903444975614548
0 0.5533227920532227 0.5299634252275739 0.008620057787214006 0.04239875929696219 0.06886905431747437
0 0.22959990160805838 0.5403402192252023 0.009254114968436105 0.04229617118835449 0.06751050800085068
0 0.45714855194091797 0.5159820147923061 0.005041190556117466 0.018274681908743724 0.06675711274147034
0 0.9390036719185966 0.5407775129590716 0.00908034188406808 0.04329681396484375 0.06594269722700119
0 0.32499115807669504 0.5419680391039167 0.009817804609026228 0.039443833487374444 0.06553317606449127
0 0.911182335444859 0.5321061951773507 0.00819247109549386 0.04712939262390137 0.06385406851768494
0 0.095717796257564 0.5434449400220599 0.008039627756391252 0.035718985966273716 0.06314431875944138
0 0.07448008230754308 0.538555383682251 0.007160829646246774 0.033859116690499444 0.06300399452447891
0 0.944566181727818 0.5401373931339809 0.009274142129080636 0.04337120056152344 0.061505213379859924
0 0.3940343516213553 0.5419539724077497 0.00896385737827846 0.03723083223615374 0.06094895303249359
0 0.44908441816057476 0.5204508985791888 0.005628892353602818 0.01969010489327567 0.06073397397994995
0 0.8047842979431152 0.538552965436663 0.39043140411376953 0.035950933183942525 0.06048450246453285
0 0.299717835017613 0.5451563767024449 0.009541545595441545 0.03505965641566685 0.05861830711364746
0 0.9496956552777972 0.539623464856829 0.009489740644182478 0.04351442200796945 0.05860801786184311
0 0.3986873286111014 0.541311502456665 0.008761542184012277 0.03704145976475307 0.05852614715695381
0 0.5358343124389648 0.516563892364502 0.0060198988233293805 0.02539529119219099 0.058467403054237366
0 0.4199911526271275 0.5312823227473668 0.007767881665910993 0.032243660518101284 0.05695124343037605
0 0.547377177647182 0.5233871255602155 0.0073795318603515625 0.03399719510759626 0.05691670626401901
0 0.5508067267281669 0.5236419950212751 0.007442099707467216 0.03456153188432966 0.05623110756278038
0 0.37289650099618094 0.5437307357788086 0.009784902845110213 0.03741448266165597 0.055728740990161896
0 0.06805466754095894 0.5379058292933873 0.007176450320652553 0.03391500881740025 0.055618010461330414
0 0.5442572321210589 0.5231446879250663 0.007237468447004046 0.03348854609898159 0.05502587556838989
0 0.44573027747017996 0.5201910563877651 0.0059457506452287945 0.020573786326817105 0.054816849529743195
0 0.07124448674065727 0.5382629122052874 0.007172431264604841 0.03385703904288156 0.05447942018508911
0 0.41723758833748953 0.5374359403337751 0.007897513253348214 0.03500505856105259 0.054275140166282654
0 0.38923352105276926 0.5427467482430595 0.009413923536028181 0.03712378229413714 0.05404426157474518
0 0.3290356227329799 0.5447677884783063 0.010182040078299386 0.03572784151349749 0.053561143577098846
0 0.4125990867614746 0.5352743012564523 0.008116006851196289 0.0342073781149728 0.05346674844622612
0 0.42326807975769043 0.5309854234967913 0.007638999394008091 0.03158364977155413 0.05311674252152443
0 0.5406919206891742 0.5229253087724958 0.007108824593680245 0.03293303080967495 0.052843596786260605
0 0.40528508595057894 0.5382641383579799 0.008484806333269392 0.03620209012712751 0.052513618022203445
0 0.43987880434308735 0.5253349031720843 0.0064013685498918805 0.022779771259852817 0.052105024456977844
0 0.06369726998465401 0.5352293082645961 0.006892259631838117 0.03200422014508929 0.05187646299600601
0 0.4537495885576521 0.5158099446977887 0.0053250108446393695 0.01973114694867815 0.05181141942739487
0 0.060347403798784525 0.5348640169416156 0.0068709467138562885 0.0316342966897147 0.05117620900273323
