0 0.5753964015415737 0.5368986129760742 0.009537662778581892 0.04912825993129185 0.14591160416603088
0 0.4002175671713693 0.5350490297589984 0.007838521684919084 0.03600730214800153 0.1290394812822342
0 0.40445644514901297 0.5366861820220947 0.008016722542898995 0.03610420227050781 0.12662000954151154
0 0.5863862718854632 0.5352308409554618 0.009320804050990514 0.049843822206769674 0.12232355773448944
0 0.40706218991960796 0.5340863636561802 0.007839952196393694 0.03519681521824428 0.11251160502433777
0 0.43176163945879253 0.5238650526319232 0.0062803540910993305 0.023897852216448103 0.10199005156755447
0 0.5823926244463239 0.5387819153921944 0.009890420096261161 0.047900302069527764 0.09331479668617249
0 0.5784732954842704 0.5387607301984515 0.009829112461635045 0.047934498105730326 0.09290554374456406
0 0.5716666494097028 0.5383447919573102 0.009491273335048131 0.04659874098641532 0.08853781968355179
0 0.43471591813223703 0.5344810145241874 0.007513727460588727 0.03338166645595005 0.08320923894643784
0 0.5981467110770089 0.5388946533203125 0.01051677976335798 0.047566822596958706 0.07938320934772491
0 0.5890941619873047 0.5389926774161202 0.009807109832763672 0.047891855239868164 0.07892225682735443
0 0.39557279859270367 0.5395481586456299 0.008493185043334961 0.037144252232142856 0.0745403990149498
0 0.43099730355398996 0.53173828125 0.0073326996394566125 0.0333777836390904 0.06431419402360916
0 0.6030567714146206 0.5397835459027972 0.010255200522286552 0.04370856285095215 0.061597127467393875
0 0.40243918555123465 0.5311758177621024 0.007627555302211216 0.0353203501020159 0.05930529162287712
0 0.550135578427996 0.516878604888916 0.005541597093854632 0.022863694599696567 0.05926438048481941
0 0.42935664313180105 0.5240350791386196 0.0063299451555524555 0.024589470454624722 0.05835304036736488
0 0.39277349199567524 0.5392897469656808 0.008320706231253487 0.03587572915213449 0.05632288381457329
0 0.9664513724190849 0.5270935807909284 0.005947726113455636 0.029115608760288784 0.05578972399234772
0 0.42776908193315777 0.5351079872676304 0.007579735347202846 0.03344099862234933 0.05535810813307762
0 0.41510861260550364 0.535578863961356 0.007745436259678432 0.03437583787100656 0.055018167942762375
0 0.5925244603838239 0.5394754069192069 0.00996249062674386 0.04769134521484375 0.05371532961726189
0 0.4346709932599749 0.5217700685773577 0.006008590970720563 0.02540687152317592 0.05340459570288658
0 0.5481511524745396 0.5205057007925851 0.006435019629342216 0.02620032855442592 0.05309746414422989
0 0.4387054443359375 0.5193428312029157 0.005535534449986049 0.019572530473981584 0.05295625701546669
0 0.4444776603153774 0.5193159580230713 0.005511556352887835 0.018828119550432478 0.052311971783638
