0 0.9560173579624721 0.5385563032967704 0.007333551134381976 0.039907830102103095 0.6224225759506226
0 0.9589052881513324 0.5344359534127372 0.007002558026994977 0.036904369081769674 0.6048826575279236
0 0.9530266353062221 0.5315397126334054 0.006976604461669922 0.03517460823059082 0.5792089104652405
0 0.9505681991577148 0.5384162494114467 0.007491861070905413 0.03990793228149414 0.577691912651062
0 0.9532273156302316 0.5448794364929199 0.00827993665422712 0.030014821461268833 0.5360110998153687
0 0.9472738674708775 0.5397250992911202 0.007596697126116071 0.03941008022853306 0.466569185256958
0 0.9605767386300224 0.5441077096121651 0.008668013981410436 0.03041764668055943 0.40091371536254883
0 0.9426668030875069 0.5424969877515521 0.007620538984026227 0.03687565667288644 0.33747148513793945
0 0.9630420548575265 0.5278722218104771 0.006678036281040737 0.0325314998626709 0.2450956404209137
0 0.9457689693995884 0.5491824490683419 0.00785963875906808 0.024967874799455916 0.23281033337116241
0 0.9372482299804688 0.5435611861092704 0.007962090628487723 0.03543707302638462 0.20846106112003326
0 0.14567887783050537 0.5437802246638707 0.009015074798039027 0.03573799133300781 0.12389007210731506
0 0.9553604807172503 0.5232134546552386 0.005654879978724888 0.03534293174743652 0.11782200634479523
0 0.1417339529309954 0.5437620026724679 0.008999322141919817 0.03582406044006348 0.11366607993841171
0 0.1512336049761091 0.5441624437059674 0.009169834000723702 0.035488946097237725 0.11289907246828079
0 0.9660560744149345 0.5249701227460589 0.005952153887067523 0.030850751059395925 0.09778732061386108
0 0.13450647251946585 0.5436297825404576 0.008807216371808733 0.036323717662266324 0.08893052488565445
0 0.9284764017377581 0.5443431309291294 0.0083465576171875 0.034841912133353095 0.08804605156183243
0 0.9310457365853446 0.5370469093322754 0.008748326982770647 0.04051736422947475 0.08616317063570023
0 0.15834474563598633 0.5445822988237653 0.009607621601649694 0.0347717148917062 0.08573354035615921
0 0.12918596608298166 0.5433549540383475 0.0086412855557033 0.03637926919119699 0.0774359330534935
0 0.5441876138959613 0.534193856375558 0.00809546879359654 0.04090734890529087 0.07703247666358948
0 0.3721074376787458 0.5335352080208915 0.008139712469918388 0.03668107305254255 0.07530579715967178
0 0.15400804792131698 0.5503291402544294 0.009527529988970076 0.024455717631748745 0.07183931022882462
0 0.16368464061192103 0.5448104313441685 0.009667669023786272 0.034751721790858676 0.06959030032157898
0 0.5544482639857701 0.5393024853297642 0.008390256336757116 0.043652738843645365 0.06844795495271683
0 0.9236683164324079 0.544456958770752 0.008463450840541295 0.034754582813807895 0.0668918713927269
0 0.5499756336212158 0.53879257610866 0.008722986493791853 0.04467010498046875 0.06681137531995773
0 0.35124100957598003 0.5424555369785854 0.009560176304408483 0.03715355055672782 0.06393905729055405
0 0.5393619537353516 0.5307457106454032 0.007836988994053431 0.039384467261178155 0.06321563571691513
0 0.380087035042899 0.5381086894444057 0.008604424340384347 0.03972206796918597 0.06304669380187988
0 0.3690653528485979 0.5402904919215611 0.009051220757620675 0.04010261808122907 0.06206177920103073
0 0.34640465463910786 0.5434765815734863 0.00982039315359933 0.037431887217930386 0.06093721464276314
0 0.16902780532836914 0.5449173109872001 0.009701694761003767 0.0348139830998012 0.060763195157051086
0 0.20629518372671946 0.5453558649335589 0.009914585522242956 0.03367209434509277 0.06066228449344635
0 0.2014437743595668 0.5453145844595773 0.009937984602791923 0.033748626708984375 0.060653891414403915
0 0.19647969518389022 0.5452979973384312 0.009930355208260673 0.03400353022984096 0.06031980365514755
0 0.12313827446528844 0.5430182388850621 0.00835958548954555 0.03622307096208845 0.060225505381822586
0 0.1918701103755406 0.5452639034816197 0.009910362107413155 0.034432479313441684 0.05990418791770935
0 0.1384725911276681 0.5370274952479771 0.008337727614811488 0.03884434700012207 0.05923914536833763
0 0.3419607026236398 0.5426945686340332 0.00947267668587821 0.03719816889081683 0.058494243770837784
0 0.2108126708439418 0.5453277996608189 0.009868809155055456 0.03379903520856585 0.05844830721616745
0 0.3762457030160086 0.5402326924460275 0.009022133690970284 0.04072904586791992 0.057997725903987885
0 0.3649367945534842 0.5410306113106864 0.009145327976771764 0.038740839276994975 0.057883501052856445
0 0.5580213410513741 0.5395045961652484 0.008329698017665319 0.043433155332292826 0.05749764293432236
0 0.18724518162863596 0.5452752794538226 0.009853328977312361 0.034724644252232144 0.05719852074980736
0 0.07403150626591273 0.5358883312770298 0.006062941891806466 0.03236988612583706 0.05646134912967682
0 0.5331112316676548 0.5271308762686593 0.006981032235281808 0.033449411392211914 0.05645756050944328
0 0.3830935273851667 0.5328260489872524 0.007731846400669643 0.03648383276803153 0.05636446923017502
0 0.38711319650922504 0.5394507816859654 0.008801255907331194 0.04216429165431431 0.05617091432213783
0 0.28763668877737864 0.5451333863394601 0.009839773178100586 0.034499134336199076 0.056023355573415756
0 0.3590526580810547 0.5420145988464355 0.009341444287981306 0.037356206348964145 0.05562857165932655
0 0.17506752695356095 0.5450865541185651 0.00976203169141497 0.0348637444632394 0.05525382235646248
0 0.07856781142098564 0.539048331124442 0.006566533020564488 0.03460655893598284 0.05428808927536011
0 0.18129989079066686 0.5452091693878174 0.009808966091700963 0.03489610127040318 0.053338248282670975
0 0.39147554125104633 0.533670289175851 0.00757772581917899 0.03632555689130511 0.05309958755970001
0 0.21508850370134627 0.5452618598937988 0.009840198925563268 0.033907106944492886 0.052325379103422165
0 0.2948638711656843 0.5451148578098842 0.009867123195103236 0.03471595900399344 0.052163124084472656
0 0.2839130163192749 0.5415173258100238 0.00983180318559919 0.038159779139927456 0.05138073489069939
0 0.0699947646686009 0.5315449237823486 0.005653751747948783 0.030069964272635325 0.05014638230204582
