0 0.39866883414132254 0.5405032294137138 0.008959191186087472 0.03789176259722028 0.6122414469718933
0 0.39427076067243305 0.5389904975891113 0.008419649941580636 0.03556282179696219 0.5633571147918701
0 0.4042458874838693 0.5371787888663155 0.00848456791469029 0.036790473120553155 0.5464684963226318
0 0.3905918938773019 0.5390329360961914 0.008246285574776786 0.03606046949114118 0.3668578863143921
0 0.40123469488961355 0.528879029410226 0.006958382470267159 0.03135575566973005 0.325206458568573
0 0.3962680271693638 0.530299322945731 0.007550205503191266 0.03568216732570103 0.30687451362609863
0 0.38656139373779297 0.5411765234810966 0.008832624980381556 0.038535084043230326 0.2362762689590454
0 0.40842764718191965 0.5279028756277901 0.006751026426042829 0.02999312537057059 0.1790245920419693
0 0.9573083605085101 0.5408713476998466 0.007563931601388114 0.03519385201590402 0.16784480214118958
0 0.37986479486737934 0.5421975680759975 0.008755343300955636 0.03810262680053711 0.16408264636993408
0 0.9527461188180106 0.5414380346025739 0.007516179765973773 0.03457328251429966 0.15350450575351715
0 0.7264841624668666 0.545483044215611 0.009722437177385603 0.034869228090558736 0.14148661494255066
0 0.7305559430803571 0.5459539549691337 0.009483473641531808 0.034170218876429966 0.14063984155654907
0 0.9618654251098633 0.5409248897007534 0.007523468562534877 0.03643073354448591 0.13593396544456482
0 0.37516021728515625 0.543130602155413 0.009009088788713728 0.03652167320251465 0.1305808126926422
0 0.9480780192783901 0.5418252263750348 0.007532937186104911 0.034403835024152486 0.1265113651752472
0 0.4154275826045445 0.5351159232003349 0.00772932597569057 0.03500138010297503 0.12356264889240265
0 0.959662641797747 0.5321369852338519 0.006726401192801339 0.03228194372994559 0.12009265273809433
0 0.9693429129464286 0.5440752506256104 0.008106708526611328 0.029333182743617466 0.11855316907167435
0 0.7354343278067452 0.5458807945251465 0.009478432791573661 0.03401984487261091 0.11816738545894623
0 0.9655499458312988 0.5419884409223285 0.006893021719796317 0.035318919590541294 0.11445915699005127
0 0.0857528703553336 0.542043958391462 0.007347549710954938 0.03351034436907087 0.10656606405973434
0 0.3713329860142299 0.5417991025107247 0.009180852345057897 0.034831387656075616 0.10419552028179169
0 0.08250595842088972 0.5411772727966309 0.00702106101172311 0.03320997101919992 0.10280347615480423
0 0.9427064486912319 0.542100020817348 0.007566860743931362 0.03442420278276716 0.1002834215760231
0 0.08910846710205078 0.5425785609654018 0.0075495583670479914 0.033869028091430664 0.09827360510826111
0 0.951049940926688 0.5325230189732143 0.00656202861240932 0.03226218904767718 0.097868911921978
0 0.7215469905308315 0.5425627912793841 0.009773390633719308 0.04219545636858259 0.09563711285591125
0 0.46404552459716797 0.5151524884360177 0.004693099430629185 0.017765113285609653 0.09234236925840378
0 0.9113258634294782 0.5451288904462542 0.008282457079206194 0.03292427744184222 0.09224773943424225
0 0.7231548173086983 0.5519766126360212 0.00915377480643136 0.02236287934439523 0.09205910563468933
0 0.741173335484096 0.545783349445888 0.009372847420828683 0.03383268628801618 0.08741339296102524
0 0.915344102042062 0.545109476361956 0.008335113525390625 0.0329408986227853 0.08722294867038727
0 0.6369168417794364 0.5438406126839774 0.009578091757638114 0.037159511021205356 0.08659200370311737
0 0.3676387923104422 0.5438929966517857 0.009410006659371513 0.03509034429277692 0.08543577790260315
0 0.467111451285226 0.5153429167611259 0.004824399948120117 0.018352270126342773 0.08513326197862625
0 0.9389236995152065 0.5426051957266671 0.0075898851667131695 0.03432106971740723 0.08122919499874115
0 0.25920213971819195 0.5453595433916364 0.008488007954188756 0.032069546835763116 0.07918344438076019
0 0.9073549679347447 0.5451259613037109 0.008194378444126673 0.03309862954275949 0.07900966703891754
0 0.6409289496285575 0.5393148830958775 0.009268624441964286 0.04430130549839565 0.07668346911668777
0 0.09343627520969935 0.5425763130187988 0.007516188280923026 0.0341146673474993 0.07566243410110474
0 0.40445007596697125 0.5236027240753174 0.006284100668770927 0.027577127729143416 0.0749838724732399
0 0.2551688126155308 0.5453490189143589 0.008475661277770996 0.03194802148001535 0.07493181526660919
0 0.6300646918160575 0.5425460679190499 0.009372643062046595 0.03933126585824149 0.07479698956012726
0 0.5817645617893764 0.5369163921901158 0.008636883326939173 0.04176194327218192 0.07424967736005783
0 0.5778085163661412 0.5350498471941266 0.008150100708007812 0.04011048589433942 0.07267308980226517
0 0.9571759360177177 0.5268835340227399 0.005682059696742466 0.0277292047228132 0.07224255055189133
0 0.07916208675929479 0.5383271149226597 0.006653589861733573 0.03190742220197405 0.07182128727436066
0 0.6449551582336426 0.5443016801561628 0.009647233145577567 0.03699418476649693 0.07086504250764847
0 0.934413228716169 0.5430194309779576 0.007536206926618304 0.03430376734052386 0.07003957033157349
0 0.9539837156023298 0.5286843436104911 0.005881037030901227 0.031574555805751255 0.06942674517631531
0 0.9221185275486538 0.5446429252624512 0.00812884739467076 0.03327202796936035 0.06904291361570358
0 0.5473584447588239 0.5208873067583356 0.005718605858939034 0.025666202817644392 0.069021075963974
0 0.550199031829834 0.5210647583007812 0.005739450454711914 0.025968687874930247 0.06892774254083633
0 0.716728755405971 0.5453507219042096 0.009641102382114955 0.03453009469168527 0.06709764897823334
0 0.6238494600568499 0.541663578578404 0.009152412414550781 0.0415952205657959 0.06700741499662399
0 0.9288152285984584 0.5439003535679409 0.007786205836704799 0.03375928742544992 0.06612399965524673
0 0.7480572291782924 0.5455925464630127 0.009233542851039342 0.033472537994384766 0.06585002690553665
0 0.6195511817932129 0.5416203907557896 0.009097235543387277 0.04202219418116978 0.06511390954256058
0 0.4613776206970215 0.5151096752711705 0.004681008202689034 0.017948627471923828 0.06423430889844894
0 0.5565503324781146 0.5263511112758091 0.006531783512660435 0.031115497861589705 0.063753642141819
0 0.6155120304652623 0.5414598328726632 0.009033611842564173 0.04226326942443848 0.06318163871765137
0 0.5439671448298863 0.5207820279257638 0.005694661821637835 0.025386742183140347 0.06272128224372864
0 0.5714398792811802 0.5340788023812431 0.008307525089808874 0.03961045401436942 0.062140244990587234
0 0.5875650133405413 0.5390036446707589 0.008926732199532645 0.043600763593401225 0.06192995607852936
0 0.9027620724269322 0.545102425983974 0.008211544581821986 0.03316926956176758 0.06189587712287903
0 0.2513758795601981 0.5453927857535226 0.008528011185782296 0.03199362754821777 0.06148672103881836
0 0.6498486655099052 0.5444156101771763 0.009626320430210658 0.036954709461757114 0.06143160164356232
0 0.0762143645967756 0.540687118257795 0.006928248064858573 0.032795565468924384 0.06126690283417702
0 0.5842388016836983 0.5298339979989188 0.0069550105503627235 0.036417177745274136 0.06067448481917381
0 0.5535498346601214 0.5211819240025112 0.0057293687547956195 0.02627321652003697 0.06002950668334961
0 0.11818322113582067 0.5446562085832868 0.007948875427246094 0.03385506357465472 0.05983325466513634
0 0.6546998705182757 0.5445420401436942 0.009594712938581194 0.03693458012172154 0.059771083295345306
0 0.12292863641466413 0.5448758942740304 0.00802701711654663 0.03376991408211844 0.05835338309407234
0 0.1141662427357265 0.5442346164158413 0.007851106779915946 0.03398987225123814 0.05757156386971474
0 0.6111375263759068 0.5412965502057757 0.009013448442731584 0.04247900417872837 0.05667019262909889
0 0.2647952692849295 0.5452912875584194 0.008583307266235352 0.03282730919974191 0.05620240420103073
0 0.5519096510750907 0.5321535042354039 0.0077893733978271484 0.03947257995605469 0.05597792565822601
0 0.5405677046094622 0.5205839702061245 0.005696432931082589 0.024787051337105886 0.05565974488854408
0 0.09842030491147723 0.5426468849182129 0.007523996489388602 0.03420799119131906 0.05530208349227905
0 0.1264709915433611 0.5449354307992118 0.008036094052450997 0.03380646024431501 0.05467050150036812
0 0.9641942977905273 0.5272182055882045 0.006078924451555524 0.02750260489327567 0.05443806201219559
0 0.8980948584420341 0.545206001826695 0.008385658264160156 0.032942737851824076 0.053941257297992706
0 0.5920051165989467 0.5393243517194476 0.008828299386160714 0.043603522436959405 0.05385451391339302
0 0.4188098566872733 0.5387451989310128 0.008519717625209264 0.0381652968270438 0.053742095828056335
0 0.8573243277413505 0.5476856912885394 0.008872509002685547 0.03085524695260184 0.053418178111314774
0 0.10120219843728202 0.5487339837210519 0.008133385862622942 0.02322288921901158 0.0533381886780262
0 0.5663088389805385 0.5306773866925921 0.007865599223545619 0.03813903672354562 0.05327797681093216
0 0.6608835629054478 0.544757434300014 0.009600094386509486 0.03643311773027692 0.052471719682216644
0 0.8515263966151646 0.5459344046456474 0.008892808641706194 0.032497712544032505 0.05223078653216362
0 0.7543989590236119 0.545483044215611 0.009167126246861048 0.033407585961478095 0.05105769634246826
0 0.5624267714364188 0.5297013010297503 0.007652214595249721 0.037628616605486186 0.05060242488980293
0 0.8617443357195173 0.54767564364842 0.008918625967843192 0.030887535640171597 0.050424594432115555
