0 0.33978755133492605 0.5410043171473912 0.009961707251412528 0.03847336769104004 0.3658273220062256
0 0.9442768096923828 0.5354741300855365 0.007108824593680245 0.03895439420427595 0.34218496084213257
0 0.9494741984776088 0.5379059995923724 0.008051463535853795 0.04146174022129604 0.33047744631767273
0 0.3368996892656599 0.5476904596601214 0.009789807455880302 0.027082068579537526 0.3089883327484131
0 0.9557653835841587 0.5378305571419852 0.007580348423549107 0.03928405897957938 0.28757768869400024
0 0.344146660396031 0.539987461907523 0.009979384286063058 0.03826842989240374 0.2850509583950043
0 0.332660300391061 0.541229111807687 0.009883063180106027 0.03933021000453404 0.2799340784549713
0 0.9385332380022321 0.5379480634416852 0.007382665361676898 0.03965340341840472 0.2619275152683258
0 0.947493416922433 0.5296319893428257 0.006705760955810547 0.035512174878801615 0.23975345492362976
0 0.9291399547031948 0.5406938961574009 0.007983412061418806 0.03758049011230469 0.18644708395004272
0 0.9324911662510463 0.5389460154942104 0.007694108145577567 0.038294894354684014 0.186399906873703
0 0.9546924318586077 0.5255729811532157 0.006107943398611886 0.029924086162022183 0.1855771392583847
0 0.9230091231209892 0.5429237229483468 0.008529390607561384 0.03653114182608468 0.1723083257675171
0 0.9354137693132673 0.5349397318703788 0.00794431141444615 0.0352909905569894 0.17032384872436523
0 0.9508340018136161 0.5262754304068429 0.006272247859409877 0.031714677810668945 0.16551977396011353
0 0.5471037796565464 0.5283824375697544 0.007380758013044085 0.03525662422180176 0.1443100869655609
0 0.3291849068232945 0.5360363551548549 0.009079592568533761 0.03855133056640625 0.13684530556201935
0 0.9175899369376046 0.5436223575047084 0.008814539228166853 0.03627807753426688 0.13133400678634644
0 0.5499030521937779 0.5334808485848563 0.00841212272644043 0.041952507836478095 0.13045690953731537
0 0.35150647163391113 0.5402614048549107 0.009996414184570312 0.04246694701058524 0.12215597927570343
0 0.32543941906520296 0.542818410055978 0.009688513619559152 0.03659261975969587 0.12016527354717255
0 0.9415343148367745 0.5276011739458356 0.007102353232247489 0.03222884450639997 0.11839380860328674
0 0.0706114683832441 0.5255875587463379 0.00609878557068961 0.025646311896187917 0.11634735018014908
0 0.07299730607441493 0.5294049807957241 0.006961430822099958 0.03162697383335659 0.1157415583729744
0 0.5542667933872768 0.5342358861650739 0.008600405284336634 0.0421137809753418 0.11497848480939865
0 0.3478781836373465 0.5338485581534249 0.009566034589494978 0.0415468556540353 0.11245262622833252
0 0.5438970157078334 0.5234356607709613 0.006732021059308734 0.03216147422790527 0.11164866387844086
0 0.5591025352478027 0.5361926215035575 0.008838483265468053 0.043520518711635044 0.10529850423336029
0 0.913034302847726 0.5436533519199916 0.008885792323521205 0.03629899024963379 0.1016303226351738
0 0.5404646737234933 0.5230532373700824 0.006712027958461216 0.0316124643598284 0.10131733864545822
0 0.06741206986563546 0.5287743977137974 0.006719942603792463 0.03084097589765276 0.09510611742734909
0 0.9614646775381905 0.53940520967756 0.007921627589634486 0.04032172475542341 0.09301270544528961
0 0.5638555118015834 0.5380477564675468 0.008803776332310267 0.045086724417550225 0.09094531089067459
0 0.13448822498321533 0.5407612664358956 0.008603053433554513 0.03867118699210031 0.08749164640903473
0 0.13037889344351633 0.5407889911106655 0.008598174367632185 0.038661411830357144 0.08591097593307495
0 0.07680092539106097 0.5301336560930524 0.00674739054271153 0.031040566308157786 0.08330994844436646
0 0.9084027835300991 0.5436909539358956 0.009116853986467634 0.035875865391322544 0.08244999498128891
0 0.3989466939653669 0.5298920699528286 0.007829598018101283 0.03302764892578125 0.08084279298782349
0 0.39418251173836844 0.5306685311453683 0.008137498583112444 0.03285186631338937 0.08066507428884506
0 0.5517251832144601 0.5239455359322684 0.006569010870797294 0.033456734248570034 0.07695358991622925
0 0.5445010321480888 0.5371699333190918 0.009129728589739119 0.04702837126595633 0.07639221101999283
0 0.5702239104679653 0.5381924084254673 0.008584635598318917 0.04638944353376116 0.0761636421084404
0 0.07955328055790492 0.5338259083884103 0.0069909436362130305 0.03397369384765625 0.07283497601747513
0 0.5354435784476144 0.5221141065870013 0.00653770991734096 0.029776436941964284 0.07060576975345612
0 0.1259394713810512 0.5407998902457101 0.008583809648241316 0.038533108575003486 0.06679739058017731
0 0.13853585720062256 0.5407763889857701 0.008629722254616874 0.03861124174935477 0.06650044769048691
0 0.5386239460536412 0.5343687193734306 0.008585214614868164 0.04446251051766532 0.06544433534145355
0 0.2598849024091448 0.545534440449306 0.00917524950844901 0.03282819475446429 0.06319663673639297
0 0.9663704463413784 0.5210842405046735 0.005370208195277623 0.0245361328125 0.062121711671352386
0 0.6362671170915876 0.5445043700081962 0.009715897696358817 0.03546738624572754 0.05974174290895462
0 0.07146868535450526 0.5394704682486398 0.007913483040673392 0.038723298481532505 0.05904814973473549
0 0.9025012425013951 0.543783324105399 0.009223324911934989 0.03576009614127023 0.05898987874388695
0 0.5745093481881278 0.5382638658796038 0.008517265319824219 0.046903167452131 0.058604273945093155
0 0.6317144802638462 0.544311659676688 0.009770802089146205 0.03571295738220215 0.05541478097438812
0 0.2546907493046352 0.5468184266771589 0.009129949978419713 0.031265463147844584 0.05521249771118164
0 0.07597739355904716 0.5213928903852191 0.005337706633976528 0.022428274154663086 0.0550021156668663
0 0.6409634862627301 0.5444522244589669 0.009674480983189173 0.03558662959507534 0.05296764895319939
0 0.6127510070800781 0.5420839445931571 0.009398528507777624 0.03900483676365444 0.052369046956300735
0 0.40398713520595003 0.5257447106497628 0.007003171103341239 0.027606657573154995 0.05188216269016266
0 0.9629581996372768 0.5217863491603306 0.00572892597743443 0.02736043930053711 0.05151910334825516
0 0.7362251281738281 0.5446407794952393 0.009557996477399553 0.03430686678205218 0.05097011849284172
0 0.5486351421901158 0.5186627592359271 0.005879061562674386 0.029882567269461497 0.05060293525457382
