0 0.08198046684265137 0.5371877125331334 0.006436935492924282 0.03135459763663156 0.10499830543994904
0 0.3950052261352539 0.5352334295000348 0.007360049656459263 0.032694612230573385 0.09987705200910568
0 0.3914296967642648 0.5378330094473702 0.007706131253923688 0.03326215062822614 0.098130002617836
0 0.4020107814243862 0.5369796412331718 0.007395642144339425 0.032336371285574775 0.09531661123037338
0 0.9252299581255231 0.5402259826660156 0.008207048688616072 0.04301336833408901 0.08734316378831863
0 0.9509947640555245 0.535318306514195 0.006240640367780413 0.03265013013567243 0.08537406474351883
0 0.9479891232081822 0.5349353381565639 0.006219182695661273 0.032862697328839986 0.08010365813970566
0 0.5847522190638951 0.5405350412641253 0.008636610848563058 0.044175182070050924 0.07353853434324265
0 0.4124394825526646 0.5254133769444057 0.005870921271187919 0.023596320833478655 0.07169760763645172
0 0.9211610385349819 0.5401804106576102 0.008126395089285714 0.042797701699393134 0.06771279871463776
0 0.08397034236363002 0.5395274843488421 0.0067656465939113074 0.03124955722263881 0.06283961981534958
0 0.9614233289446149 0.5263897010258266 0.005099773406982422 0.0236379759652274 0.06224936246871948
0 0.0649512665612357 0.5353804997035435 0.006518180881227765 0.029282535825456892 0.05545296519994736
0 0.5917279379708427 0.5407155241285052 0.00939389637538365 0.04328925268990653 0.05538352578878403
0 0.9413350650242397 0.5369154044560024 0.006638799394880023 0.03718205860682896 0.054097287356853485
0 0.5792060579572406 0.5406015941074916 0.00873156956263951 0.04411939212254116 0.053268443793058395
0 0.4090044157845633 0.5301423072814941 0.006939308983939034 0.03108062062944685 0.05198585242033005
0 0.07813124997275216 0.5362376826150077 0.006179051739828927 0.02994401114327567 0.051925431936979294
0 0.9301181520734515 0.5372288567679269 0.006655897412981305 0.03772619792393276 0.051459647715091705
0 0.9660546439034599 0.5214992591312954 0.004724706922258649 0.020813601357596263 0.05023563280701637
