0 0.093301636832101 0.5464320182800293 0.007909340517861503 0.02629126821245466 0.14971394836902618
0 0.9579447337559291 0.5399513244628906 0.008713041033063616 0.04006562914167132 0.14198166131973267
0 0.9536074229649135 0.5405614035470145 0.008117539542061942 0.037945100239345005 0.1404847353696823
0 0.9621693747384208 0.5401050022670201 0.008154119764055525 0.0410069397517613 0.12060735374689102
0 0.9724464416503906 0.5496014186314174 0.0073893410818917414 0.02884772845676967 0.11398116499185562
0 0.09617211137499128 0.5420761789594378 0.007769508021218436 0.03575049127851214 0.11377287656068802
0 0.965775626046317 0.5389471735273089 0.0076748984200613836 0.039658580507550924 0.11205130070447922
0 0.9492359842572894 0.5407866069248745 0.008041109357561384 0.03806907790047782 0.11163366585969925
0 0.09982814959117345 0.5420445033482143 0.007776447704860142 0.0357536928994315 0.10759780555963516
0 0.9678358350481305 0.5489206995282855 0.007050037384033203 0.02703911917550223 0.10488110035657883
0 0.09013358184269496 0.5420182432447161 0.007628117288861956 0.03579228264944894 0.09831294417381287
0 0.10330413920538765 0.5422287327902657 0.007788998740059989 0.0357640130179269 0.09525344520807266
0 0.944171633039202 0.5409908635275704 0.007993902478899275 0.03812476566859654 0.09312067925930023
0 0.21151462623051234 0.5451809338160923 0.008902175085885184 0.03351954051426479 0.09071990847587585
0 0.5572538716452462 0.5334542138235909 0.009102412632533483 0.04280492237636021 0.08780070394277573
0 0.9397644996643066 0.5419059480939593 0.007743699210030692 0.037874085562569756 0.08470907807350159
0 0.5622613770621163 0.5354692595345634 0.009599447250366211 0.045049122401646206 0.08258966356515884
0 0.5291387694222587 0.519880839756557 0.005951370511736188 0.02315497398376465 0.0822918713092804
0 0.08628157206944057 0.5411335400172642 0.007203042507171631 0.034195150647844584 0.08215432614088058
0 0.5316127368382045 0.5157482624053955 0.0054776668548583984 0.021929264068603516 0.08153055608272552
0 0.21772607735225133 0.5451696940830776 0.008842740740094866 0.03341903005327497 0.07793296128511429
0 0.5792888913835798 0.5380524226597377 0.009960378919328963 0.04731331552777972 0.07616301625967026
0 0.5730812890189034 0.5376404353550502 0.010127919060843331 0.046925204140799384 0.07609445601701736
0 0.5503572736467633 0.5279910223824638 0.007990189961024694 0.0359647274017334 0.07529374212026596
0 0.931147643498012 0.5434105736868722 0.008240972246442522 0.035496575491768975 0.0748811811208725
0 0.5673049518040248 0.5361663273402623 0.009898015430995397 0.04595133236476353 0.07453497499227524
0 0.5370884622846331 0.5217037882123675 0.0070155348096575055 0.03043832097734724 0.07395148277282715
0 0.10799321957996913 0.542647157396589 0.00783395767211914 0.0359410217830113 0.07323704659938812
0 0.39684711183820454 0.5412309510367257 0.009234087807791573 0.03868242672511509 0.07033893465995789
0 0.5344383375985282 0.5163770403180804 0.006133965083530971 0.025647980826241628 0.06962821632623672
0 0.9354076385498047 0.5390387943812779 0.007815905979701452 0.03609306471688407 0.06949344277381897
0 0.33973843710763113 0.5443053926740374 0.010052340371268136 0.03587709154401507 0.06893505901098251
0 0.4167454923902239 0.5344484874180385 0.008232934134347098 0.034784555435180664 0.06703232228755951
0 0.7622303281511579 0.5442541667393276 0.01031146730695452 0.03553284917558942 0.0660938248038292
0 0.34622444425310406 0.5441489219665527 0.010004452296665736 0.035708257130214145 0.066007599234581
0 0.3908483641488211 0.542025123323713 0.009644338062831334 0.039640494755336216 0.06532204896211624
0 0.9227962493896484 0.543816089630127 0.008325304303850447 0.03502563067844936 0.06425613164901733
0 0.14500866617475236 0.5436640126364571 0.007798024586268834 0.03585195541381836 0.06388360261917114
0 0.5402100767408099 0.5220284461975098 0.007071222577776227 0.030679873057774136 0.06327738612890244
0 0.4103043760572161 0.535036563873291 0.008408614567347936 0.03543230465480259 0.06280554085969925
0 0.4014902796064104 0.538438252040318 0.008885417665754045 0.0375063419342041 0.06275198608636856
0 0.4197613171168736 0.5307433605194092 0.008029937744140625 0.03381797245570591 0.06255951523780823
0 0.5856300081525531 0.5388869558061872 0.0097982542855399 0.04717857497079032 0.06116592139005661
0 0.40624931880405973 0.5377696241651263 0.008646079472133092 0.036918844495500834 0.06079978123307228
0 0.20753087316240584 0.5451898574829102 0.008936047554016113 0.033607074192592075 0.05799391493201256
0 0.14811164992196219 0.5399636200496128 0.0077707597187587196 0.03762122562953404 0.05699700489640236
0 0.5432140486580985 0.5223058973039899 0.007093123027256557 0.030690363475254605 0.05648878589272499
0 0.5451234749385289 0.5318903923034668 0.008794035230364119 0.0420534610748291 0.05630575865507126
0 0.546865599496024 0.5225530692509243 0.007061379296439034 0.03092118671962193 0.055517781525850296
0 0.38579743249075754 0.5419344220842633 0.009600979941231864 0.03992322513035366 0.055477023124694824
0 0.7654617173331124 0.550997120993478 0.00954791477748326 0.022648232323782786 0.05540181323885918
0 0.45627249990190777 0.5152943474905831 0.005072321210588727 0.019368444170270647 0.0551161915063858
0 0.15172621182032994 0.5440329142979213 0.00807034969329834 0.035806281226021905 0.05425397306680679
0 0.4607585498264858 0.515369210924421 0.004967280796595982 0.018607309886387417 0.053308963775634766
0 0.9278321947370257 0.5500248500279018 0.008331707545689173 0.02216315269470215 0.05275018513202667
0 0.5931422369820731 0.5404748576028007 0.010273660932268416 0.0450739860534668 0.05089950188994408
