0 0.9442416599818638 0.541301965713501 0.008778503962925501 0.03728437423706055 0.6175821423530579
0 0.9397309848240444 0.5412943703787667 0.008736882890973772 0.037632805960518975 0.6140273213386536
0 0.9351367950439453 0.541428770337786 0.008999483925955636 0.03778069359915597 0.507003903388977
0 0.9482243401663644 0.5335593223571777 0.007800102233886719 0.03847503662109375 0.45981547236442566
0 0.9557677677699498 0.5426864964621407 0.00746079853602818 0.04013769967215402 0.3767632246017456
0 0.2656505448477609 0.5450851236070905 0.01005957807813372 0.03371490750994001 0.37074294686317444
0 0.9299392018999372 0.5439468792506627 0.009338787623814173 0.03675024850027902 0.34784531593322754
0 0.2609781197139195 0.546431337084089 0.010378377778189523 0.03219655581883022 0.33850371837615967
0 0.9514802524021694 0.5321099417550224 0.00783130100795201 0.040457691465105326 0.3316866159439087
0 0.2716266768319266 0.5448817525591169 0.009755662509373255 0.03400312151227679 0.3103160858154297
0 0.9218732288905552 0.5438741615840367 0.00941814695085798 0.03660127094813755 0.25312724709510803
0 0.9548231533595494 0.5294644492013114 0.006628990173339844 0.03572303908211844 0.24825836718082428
0 0.6126320702689034 0.5410902159554618 0.008088111877441406 0.039808103016444614 0.23295409977436066
0 0.2549430642809187 0.5452901295253209 0.010108981813703264 0.03461337089538574 0.2163868248462677
0 0.1337456362588065 0.5457691465105329 0.009430451052529472 0.03406105722699847 0.20990318059921265
0 0.14008242743355886 0.5455083506447929 0.009377130440303258 0.0339160646711077 0.2079194337129593
0 0.9574991634913853 0.5281917708260673 0.006120000566755023 0.033588102885654995 0.20379140973091125
0 0.9261958258492606 0.5496655872889927 0.009756020137241908 0.025543723787580217 0.186493918299675
0 0.6186410358973912 0.5414411681038993 0.008254119328090124 0.039378268378121514 0.1852363795042038
0 0.14510863167898996 0.5454015050615583 0.009528006826128279 0.03381661006382534 0.18094433844089508
0 0.917187009538923 0.5448934691292899 0.009367193494524275 0.03529579298836844 0.17770466208457947
0 0.6153796059744698 0.5348165375845773 0.008024283817836217 0.03944475310189383 0.1730603724718094
0 0.6087828363691058 0.5409938948495048 0.008019311087472098 0.040069409779139926 0.1679641455411911
0 0.2773435967309134 0.5449695587158203 0.009719542094639369 0.03406572341918945 0.1670723408460617
0 0.13669415882655553 0.5513394560132708 0.009705126285552979 0.0238384519304548 0.16619092226028442
0 0.126720130443573 0.5455953053065709 0.009192449705941337 0.03417175156729562 0.1476038247346878
0 0.24689420631953649 0.5464963572365897 0.010098457336425781 0.03235558101109096 0.14687573909759521
0 0.13054565020969935 0.5513212340218681 0.009203152997153146 0.023813928876604353 0.14437627792358398
0 0.04835850851876395 0.5258426666259766 0.0051200006689344135 0.02288198471069336 0.14325320720672607
0 0.9622370174952916 0.5423927988324847 0.007978575570242745 0.0421572072165353 0.14129240810871124
0 0.9128266743251255 0.5450518471854073 0.009482247488839286 0.035141195569719584 0.13345348834991455
0 0.05229294300079346 0.5302807262965611 0.006121729101453509 0.027168342045375278 0.13024622201919556
0 0.06973619120461601 0.5399100439889091 0.0069276222160884315 0.03164597920009068 0.1293104887008667
0 0.05483754617827279 0.5314525876726423 0.006041313920702253 0.028171096529279436 0.122527576982975
0 0.05988847357886178 0.5359292030334473 0.006400308438709804 0.029852424349103655 0.11915703117847443
0 0.06477816190038409 0.5390871592930385 0.006924084254673549 0.031498261860438755 0.1174522265791893
0 0.26879511560712543 0.5362554277692523 0.00943451268332345 0.04548760822841099 0.11682216823101044
0 0.6049798556736538 0.5409522737775531 0.008458001273018973 0.03896324975149972 0.11114278435707092
0 0.9082433155604771 0.5451978955950055 0.009599753788539342 0.03511609349931989 0.11102317273616791
0 0.12238016298839025 0.545224802834647 0.008877720151628767 0.03409848894391741 0.11031165719032288
0 0.056858986616134644 0.5362957886287144 0.0067075831549508235 0.032382965087890625 0.10534542053937912
0 0.2502679484231131 0.5393416881561279 0.010255507060459681 0.04335410254342215 0.09936753660440445
0 0.6243540218898228 0.5431767191205706 0.00842693873814174 0.03793699400765555 0.09934265166521072
0 0.04520756006240845 0.528526851109096 0.005582864795412336 0.02763833318437849 0.09911459684371948
0 0.15398236683436803 0.5453627450125558 0.00968475001198905 0.033587591988699775 0.09892010688781738
0 0.9019566263471331 0.5456740174974714 0.009606633867536272 0.03492866243634905 0.09812846779823303
0 0.14968555314200266 0.5396229539598737 0.009650383676801409 0.04313591548374721 0.09706693887710571
0 0.0400398714201791 0.5246797629765102 0.004834864820752825 0.022847652435302734 0.09016025811433792
0 0.9602082797459194 0.5267151764460972 0.006793022155761719 0.03808137348720005 0.0886395126581192
0 0.0743550147329058 0.5426805359976632 0.007240418876920428 0.03307305063520159 0.08598878234624863
0 0.05734175443649292 0.5265026773725238 0.005174751792635236 0.023671184267316545 0.0857808068394661
0 0.896484375 0.5461710861751011 0.00972597939627511 0.03382056100027902 0.0852193534374237
0 0.050175368785858154 0.5351076126098633 0.00651849593435015 0.032321623393467495 0.08274329453706741
0 0.9248390197753906 0.5328948157174247 0.008907318115234375 0.04829369272504534 0.0800352394580841
0 0.25808797563825336 0.536419323512486 0.009937099048069544 0.04603913852146694 0.07883445173501968
0 0.11728111335209437 0.5448067528860909 0.008427585874285017 0.034124442509242466 0.07756520062685013
0 0.9049314771379743 0.5509805338723319 0.009700162070138114 0.02416229248046875 0.0743045061826706
0 0.6014551435198102 0.5385864802769252 0.008038043975830078 0.03852472986493792 0.07163117825984955
0 0.6283423560006278 0.5441891806466239 0.00877932139805385 0.035763399941580634 0.06962529569864273
0 0.5503958974565778 0.5263506344386509 0.006138392857142857 0.028293813977922713 0.06926802545785904
0 0.23915466240474156 0.546553203037807 0.010064976555960519 0.03227836745125907 0.0691864937543869
0 0.5477877344403949 0.5260611261640277 0.006111076899937221 0.028203964233398438 0.06727222353219986
0 0.6881997244698661 0.5488297598702567 0.009524549756731306 0.03080620084490095 0.06619801372289658
0 0.08056415830339704 0.5433411598205566 0.007402232715061733 0.034273386001586914 0.06577173620462418
0 0.2841892923627581 0.5451159477233887 0.009674838611057826 0.034023591450282505 0.06555379182100296
0 0.9643896647862026 0.524740355355399 0.005655356815883091 0.03284491811479841 0.06543311476707458
0 0.5602184023175921 0.5371392113821847 0.007960966655186244 0.038841383797781806 0.06467342376708984
0 0.13656675815582275 0.5363916669573102 0.00898925747190203 0.04540337835039411 0.06464897096157074
0 0.8876627513340541 0.5465504782540458 0.0097787720816476 0.03290755408150809 0.06319522112607956
0 0.46759939193725586 0.5149120603288923 0.0045969486236572266 0.01802236693246024 0.06240716204047203
0 0.5535101209368024 0.5266106809888568 0.0061495304107666016 0.028435162135532925 0.061986327171325684
0 0.5537558964320591 0.538527079990932 0.008276292255946569 0.0409369809286935 0.06120643392205238
0 0.5574478421892438 0.5309735706874302 0.007113899503435407 0.03414395877293178 0.06089380756020546
0 0.6927734102521624 0.5487674985613141 0.009565285273960658 0.030750036239624023 0.060336336493492126
0 0.04452112742832729 0.5202047824859619 0.004385326589856829 0.019795894622802734 0.060294728726148605
0 0.7092467035566058 0.5481328623635429 0.00939178466796875 0.030815192631312778 0.060230132192373276
0 0.08708798885345459 0.5437966755458287 0.0076598865645272395 0.034208059310913086 0.05971980839967728
0 0.6829399381365094 0.5486085755484444 0.009455408368791853 0.030995539256504605 0.0594928078353405
0 0.24215601171766007 0.5393600463867188 0.010228429521833147 0.043492725917271206 0.05924129858613014
0 0.09271269185202462 0.543952192578997 0.007754913398197719 0.034148182187761576 0.0587831474840641
0 0.11167475155421666 0.5445456504821777 0.008187830448150635 0.034144231251307895 0.05873784050345421
0 0.3276588576180594 0.5450160162789481 0.009605101176670619 0.032800606318882534 0.05797131359577179
0 0.7139083317347935 0.5477724756513324 0.009447915213448661 0.030873264585222517 0.05780801922082901
0 0.09886527912957328 0.5441227640424456 0.00789480549948556 0.03410642487662179 0.057518962770700455
0 0.5637455667768206 0.5375916617257255 0.007983309882027763 0.0386136599949428 0.05653567239642143
0 0.05184913533074515 0.5206366947719029 0.004244127443858555 0.01966684205191476 0.056202881038188934
0 0.06748667359352112 0.5288028717041016 0.0056939976555960515 0.029901640755789622 0.05525653809309006
0 0.10508615630013603 0.5442585945129395 0.008000850677490234 0.0341099670955113 0.05523722246289253
0 0.26470327377319336 0.5562043871198382 0.010398064340863909 0.019376380102975026 0.05452560633420944
0 0.6778796059744698 0.5482077598571777 0.009394850049700056 0.031349624906267436 0.05411526933312416
0 0.5954531260899135 0.5407768317631313 0.00819260733468192 0.03895882197788784 0.054075129330158234
0 0.6726773806980678 0.5476385525294712 0.009289877755301339 0.03188487461635044 0.05336928367614746
0 0.7013702392578125 0.5484787396022252 0.009446416582380022 0.03075197764805385 0.05325943976640701
0 0.6970882415771484 0.5486344269343785 0.009528500693184989 0.03073174612862723 0.05324167385697365
0 0.33483811787196566 0.5449890409197126 0.009595087596348353 0.03262642451695034 0.050222255289554596
0 0.5679074696132115 0.53792633329119 0.007947887693132673 0.0385152953011649 0.05017359182238579
0 0.2915745122092111 0.5451686722891671 0.009613309587751116 0.034036057335989814 0.050153907388448715
