0 0.0390303943838392 0.5249132428850446 0.007034325173922947 0.03167121750967843 0.5637754201889038
0 0.04913446732929775 0.5320701258523124 0.008835336991718836 0.03826788493565151 0.5516708493232727
0 0.04487715448651995 0.5341124534606934 0.008773705789021083 0.03893113136291504 0.5278897881507874
0 0.04206971185547965 0.527789865221296 0.007907850401742118 0.03543761798313686 0.5106849670410156
0 0.05305736405508859 0.5353564194270543 0.00885985153062003 0.03914778573172433 0.48430752754211426
0 0.03655286771910531 0.5212657792227608 0.006314754486083984 0.030575786318097795 0.45964711904525757
0 0.033407583832740784 0.5218123027256557 0.006567797490528652 0.032249348504202704 0.3500915467739105
0 0.03527905685561044 0.535336971282959 0.007625068937029157 0.0402029241834368 0.2957030236721039
0 0.04020953604153225 0.5383966990879604 0.009410191859517778 0.04381074224199567 0.2872004508972168
0 0.8115430559430804 0.543881722858974 0.009290627070835658 0.038783482142857144 0.2254476249217987
0 0.8054536410740444 0.5436883653913226 0.009263719831194197 0.038347993578229635 0.21652469038963318
0 0.0568047080721174 0.5390971047537667 0.008465549775532313 0.038996492113385885 0.21503053605556488
0 0.4144429479326521 0.5350545815059117 0.007700579507010323 0.03750998633248465 0.20555482804775238
0 0.030881174973079135 0.5328366415841239 0.007084576146943229 0.03735801151820591 0.1878412812948227
0 0.41091714586530415 0.5352119377681187 0.0077576977866036555 0.037595817020961216 0.17384271323680878
0 0.9735689163208008 0.5360759666987828 0.007444722311837333 0.03764799662998745 0.1661335676908493
0 0.416879517691476 0.5286732401166644 0.006894145693097796 0.03294212477547782 0.1635512262582779
0 0.054705287728990824 0.5253348350524902 0.005534363644463676 0.03367720331464495 0.16282591223716736
0 0.4202842712402344 0.5281948362077985 0.006808621542794364 0.03226099695478167 0.16085535287857056
0 0.04111213343484061 0.5171420233590263 0.004968315362930298 0.0276944637298584 0.15949420630931854
0 0.9795250211443219 0.5293605327606201 0.0066986083984375 0.03329079491751535 0.14627330005168915
0 0.39525134222848074 0.5412144660949707 0.008401257651192802 0.04070312636239188 0.1400691419839859
0 0.38825603893824984 0.5416768618992397 0.008257661546979631 0.041142940521240234 0.13875393569469452
0 0.39203078406197683 0.5381836891174316 0.007692575454711914 0.03942108154296875 0.133800208568573
0 0.9702355521065849 0.5407067707606724 0.007946627480643136 0.03991927419389997 0.13048525154590607
0 0.9758675439017159 0.5291589328220913 0.006853784833635602 0.03286964552743094 0.12901821732521057
0 0.40586934770856586 0.5373461927686419 0.008149998528616769 0.03964362825666155 0.12840703129768372
0 0.9663481031145368 0.5395828315189907 0.008265222821916853 0.041482789175851006 0.12839359045028687
0 0.3837424005780901 0.5426992007664272 0.007995843887329102 0.0394773142678397 0.12403172999620438
0 0.9625732558114188 0.540637629372733 0.007998194013323103 0.0395402227129255 0.1237901821732521
0 0.4002323491232736 0.540013177054269 0.008489131927490234 0.040468454360961914 0.12178712338209152
0 0.8171386037554059 0.5440374783107212 0.009258134024483817 0.039029530116489956 0.11712540686130524
0 0.8004697390965053 0.544306891305106 0.009547233581542969 0.04147601127624512 0.11112707108259201
0 0.42920732498168945 0.5325613021850586 0.007123163768223354 0.034973553248814175 0.10934345424175262
0 0.9584909166608538 0.5425347941262382 0.008476529802594866 0.038844517299107144 0.10347790271043777
0 0.42645188740321566 0.5378509249005999 0.007970809936523438 0.03948981421334403 0.09774617105722427
0 0.02959677151271275 0.5178588458469936 0.005774321300642831 0.031183174678257534 0.09584691375494003
0 0.9543831689017159 0.541663646697998 0.008004052298409598 0.038353954042707174 0.08750788867473602
0 0.3789996419634138 0.5435819966452462 0.008091654096330916 0.03673417227608817 0.08448144793510437
0 0.13480408702577865 0.5458403996058873 0.008217828614371163 0.03301583017621722 0.08445132523775101
0 0.13126316240855626 0.5458229609898159 0.008238332612173898 0.03321746417454311 0.08194681257009506
0 0.9827115195138114 0.5248639242989677 0.00628737040928432 0.030611276626586914 0.07864346355199814
0 0.13861677476337977 0.5457519122532436 0.008145179067339216 0.032979488372802734 0.07660901546478271
0 0.04432201385498047 0.5174539429800851 0.005451432296207973 0.02928335326058524 0.07611009478569031
0 0.8080816268920898 0.5348313876560756 0.008238860539027624 0.050901787621634345 0.07278379052877426
0 0.9644368716648647 0.5297630173819405 0.006275177001953125 0.034780332020350864 0.07243192195892334
0 0.12748312098639353 0.5457664217267718 0.008198397500174386 0.03327407155718122 0.07206562906503677
0 0.9863745144435337 0.52498916217259 0.006101335797991071 0.030834742954799106 0.07152939587831497
0 0.06108714001519339 0.5406153202056885 0.008194361414228166 0.0376549448285784 0.071224145591259
0 0.42468718120029997 0.5236589568001884 0.006226709910801479 0.029191289629255022 0.0682288184762001
0 0.5457100187029157 0.5268290042877197 0.006530387060982841 0.03138807841709682 0.06444236636161804
0 0.5427348954336983 0.5265693664550781 0.006559678486415318 0.03156907217843192 0.0640830546617508
0 0.6709141731262207 0.5396242822919574 0.011954988752092634 0.04963789667401995 0.06404987722635269
0 0.7958969388689313 0.544414588383266 0.009532451629638672 0.041500091552734375 0.06391286849975586
0 0.6904479435511998 0.5420263154166085 0.011137689862932478 0.04598198618207659 0.0634748637676239
0 0.5395591599600655 0.5264054707118443 0.0065659454890659875 0.031687566212245395 0.06173965334892273
0 0.6508457320077079 0.5325164794921875 0.009656497410365514 0.051704270499093194 0.061370301991701126
0 0.5552513599395752 0.5337936197008405 0.00774179186139788 0.04051337923322405 0.060838401317596436
0 0.6555055209568569 0.5386762278420585 0.011931419372558594 0.05125195639474051 0.059427473694086075
0 0.3975435325077602 0.5309313365391323 0.00691155024937221 0.0367891788482666 0.05908739194273949
0 0.5370429583958217 0.5207258633204869 0.005763326372419085 0.025804451533726284 0.05826219916343689
0 0.6770917347499302 0.5423540387834821 0.011277948107038225 0.04560426303318569 0.05798576772212982
0 0.5488951546805245 0.5298268113817487 0.0074144090924944195 0.037687369755336216 0.056717243045568466
0 0.42788961955479216 0.5232125691005162 0.0061545031411307195 0.0286346503666469 0.056514233350753784
0 0.9493741989135742 0.541804279599871 0.007850170135498047 0.03850180762154715 0.05640799552202225
0 0.14271123920168197 0.5477063996451241 0.008506076676504952 0.0315854549407959 0.05628108233213425
0 0.6833441598074776 0.542095388684954 0.011307239532470703 0.04594063758850098 0.05556689575314522
0 0.9993809291294643 0.5178907258169991 0.0012380736214773996 0.03234519277300153 0.0554829016327858
0 0.9753611428397042 0.5495949132101876 0.007872785840715681 0.028589793613978794 0.054138779640197754
0 0.8202515329633441 0.5496211733136859 0.009394509451729911 0.026614155088152205 0.05324148014187813
0 0.5583994047982352 0.5360180309840611 0.008111715316772461 0.04364940098353794 0.05255981907248497
0 0.6614625794546944 0.5387416567121234 0.011963980538504464 0.05093070438929966 0.05253235250711441
0 0.43586948939732145 0.5287080832890102 0.006816182817731585 0.0328185898917062 0.052365660667419434
0 0.5519519874027797 0.5283897263663155 0.006938798086983817 0.03624973978315081 0.051933035254478455
0 0.823516981942313 0.5443570954459054 0.009052276611328125 0.03788270269121442 0.051852643489837646
0 0.9734070641653878 0.5244747570582798 0.005627087184361049 0.03252880913870675 0.051383499056100845
0 0.03870613234383719 0.5125620365142822 0.004697952951703753 0.030474390302385603 0.05040076747536659
0 0.5622341292245048 0.536609445299421 0.008419275283813477 0.044069460460117886 0.05023153871297836
0 0.028265365532466342 0.5386624336242676 0.007631682923861912 0.040942839213779995 0.05000922083854675
0 0.5314791543143136 0.5198449066707066 0.005508899688720703 0.0233217648097447 0.05000291019678116
