0 0.549347060067313 0.5297419684273856 0.009046452386038644 0.04441673415047782 0.6245446801185608
0 0.5530694552830288 0.5320324897766113 0.010930538177490234 0.052367993763514926 0.6224229335784912
0 0.5454356329781669 0.5265910966055733 0.008823531014578683 0.043527024132864814 0.6157665252685547
0 0.5411902155194964 0.5206537927900042 0.006589208330426898 0.028149093900408064 0.5359320044517517
0 0.5578626905168805 0.5325094291142055 0.010944366455078125 0.05278505597795759 0.462710976600647
0 0.5406879697527204 0.5360687800816127 0.00951348032270159 0.0498110226222447 0.32225877046585083
0 0.5475565365382603 0.5149266038622174 0.006945950644356864 0.04022080557686942 0.3091098368167877
0 0.5550624983651298 0.5178028174809047 0.007976089205060686 0.04638876233782087 0.2986867427825928
0 0.5445819922855922 0.5133818217686245 0.005979742322649274 0.02755607877458845 0.22531458735466003
0 0.5508906500680106 0.5134034497397286 0.007813658033098494 0.04718269620622907 0.20556551218032837
0 0.5323521409715924 0.520214285169329 0.006196839468819755 0.02596351078578404 0.17087619006633759
0 0.9627831322806222 0.5372764042445591 0.00876208714076451 0.04559445381164551 0.17058631777763367
0 0.5363830498286656 0.536031859261649 0.009006568363734655 0.04722625868661063 0.15577805042266846
0 0.9658246040344238 0.5318297658647809 0.008122580392020089 0.04237283979143415 0.15535852313041687
0 0.971113954271589 0.5463774885450091 0.007757595607212612 0.033609254019601006 0.13659802079200745
0 0.08116092000688825 0.5427727018083844 0.0073514580726623535 0.03511139324733189 0.12393663078546524
0 0.38583459172930035 0.54173857825143 0.009799276079450334 0.039288486753191264 0.12392234802246094
0 0.5401360307421003 0.5125025681086949 0.005451747349330357 0.024027483803885325 0.12238094955682755
0 0.39001056126185824 0.5412229129246303 0.009684903281075614 0.03904557228088379 0.1182757094502449
0 0.5653736250741142 0.5343397004263741 0.011091232299804688 0.05397336823599679 0.11642536520957947
0 0.07754838466644287 0.5414905207497733 0.007276168891361782 0.03543363298688616 0.11618924140930176
0 0.9595285824366978 0.532799243927002 0.008558545793805803 0.043290717261178155 0.1158781349658966
0 0.08529751641409737 0.5428571019853864 0.0073168958936418805 0.03530403545924595 0.11166870594024658
0 0.9561426980154855 0.5366189139229911 0.009069102151053292 0.04614533696855817 0.10416103154420853
0 0.07332523380007062 0.539086035319737 0.007128783634730748 0.03420816149030413 0.10158178955316544
0 0.39497242655072895 0.5381907735552106 0.00859076636178153 0.03734360422406878 0.09355795383453369
0 0.0901058486529759 0.542999403817313 0.007306831223624093 0.0354574407849993 0.09260623157024384
0 0.37852515493120464 0.5420452526637486 0.009863036019461495 0.03975132533482143 0.09258156269788742
0 0.9685679844447544 0.5257390907832554 0.007001195635114398 0.03677374976021903 0.08562763780355453
0 0.5729517255510602 0.5360697337559291 0.01038428715297154 0.05258216176714216 0.08324398845434189
0 0.06865426472255162 0.5382804530007499 0.007046852793012347 0.03394521985735212 0.08183026313781738
0 0.9328644616263253 0.5398501668657575 0.008319854736328125 0.041691132954188755 0.07598742097616196
0 0.920525142124721 0.5415629999978202 0.008624076843261719 0.03923845291137695 0.07531575858592987
0 0.5249879360198975 0.5201916013445173 0.0060939788818359375 0.0256997857775007 0.07523206621408463
0 0.9520594051906041 0.5368137359619141 0.008431570870535714 0.04515235764639718 0.07413681596517563
0 0.057074904441833496 0.5353632654462542 0.00667099016053336 0.03170721871512277 0.07372631877660751
0 0.9246721267700195 0.5414214134216309 0.008675779615129744 0.039252247129167826 0.07291583716869354
0 0.5792912074497768 0.5379553522382464 0.010622637612479073 0.04972502163478306 0.07172437012195587
0 0.9716604096548898 0.5258277484348842 0.006746700831821987 0.03672518048967634 0.07151629775762558
0 0.9380083084106445 0.5373140062604632 0.008267062050955636 0.04455620901925223 0.07071039080619812
0 0.06503285680498395 0.5379768099103656 0.007009144340242658 0.03392587389264788 0.06931739300489426
0 0.06079302515302386 0.5355982099260602 0.006681097405297416 0.03197639329092843 0.06809280812740326
0 0.9426788602556501 0.5371425492422921 0.008319990975516183 0.04467940330505371 0.06743959337472916
0 0.6482973098754883 0.5422082969120571 0.0114572388785226 0.042310850960867744 0.06706314533948898
0 0.5374197278703962 0.5147066116333008 0.008720840726579939 0.054333652768816264 0.06688395142555237
0 0.053955712488719394 0.5317267349788121 0.006416252681187221 0.03037187031337193 0.06609729677438736
0 0.9155684879847935 0.5417629650660923 0.008640766143798828 0.03908899852207729 0.06415991485118866
0 0.9672635623386928 0.5457397188459124 0.008170945303780692 0.0411034311567034 0.06344809383153915
0 0.09579622745513916 0.543041637965611 0.007322268826620919 0.03564139774867466 0.06301286071538925
0 0.6552882875714984 0.5421363285609654 0.011559009552001953 0.04231381416320801 0.061844803392887115
0 0.9474123546055385 0.5369259289332798 0.008356911795479911 0.044949122837611606 0.06090039014816284
0 0.3727902003696987 0.5428500175476074 0.009794337408883231 0.039045708520071845 0.05756189674139023
0 0.40168700899396625 0.537600040435791 0.00828545434134347 0.036476237433297296 0.054456960409879684
0 0.9298825945172992 0.5347903115408761 0.00813906533377511 0.04018633706229074 0.05365544557571411
0 0.3984504427228655 0.5341063908168248 0.008728878838675362 0.03783045496259417 0.05358462035655975
0 0.583815438406808 0.5306809289114816 0.009605203356061662 0.052772113255092075 0.05339111387729645
0 0.12048554420471191 0.5446397236415318 0.00833433015005929 0.03435690062386649 0.05162373185157776
0 0.048624247312545776 0.526409353528704 0.005479029246738979 0.02492356300354004 0.05151710286736488
