0 0.3993790490286691 0.5311549391065326 0.007485525948660714 0.031291348593575616 0.42504066228866577
0 0.3963193893432617 0.5354875496455601 0.008097376142229353 0.03220442363194057 0.3597964644432068
0 0.40141449655805317 0.5396098749978202 0.008473668779645647 0.036659649440220425 0.34107786417007446
0 0.4040499414716448 0.5267797878810337 0.0069016388484409875 0.02777917044503348 0.2982754409313202
0 0.4054452010563442 0.5396448203495571 0.008274691445486886 0.0371182986668178 0.2380347102880478
0 0.9560319355555943 0.5339619432176862 0.0074857984270368305 0.03613206318446568 0.20301511883735657
0 0.9593678883143834 0.5303524562290737 0.00714036396571568 0.03433387620108468 0.19508536159992218
0 0.35157789502825054 0.547860963003976 0.009668520518711634 0.026626076017107283 0.19185574352741241
0 0.3549764156341553 0.5433300903865269 0.009370190756661552 0.035662446703229635 0.1865464746952057
0 0.5501815932137626 0.534524849482945 0.008506229945591517 0.04140397480555943 0.18217162787914276
0 0.9625651495797294 0.5262776102338519 0.00630262919834682 0.030531985419137136 0.17072096467018127
0 0.10050960949489049 0.5395172664097377 0.008076667785644531 0.038503476551600864 0.16356468200683594
0 0.8649039268493652 0.5453704425266811 0.009808812822614397 0.03639030456542969 0.15664488077163696
0 0.9510188783918109 0.5368784495762416 0.007964611053466797 0.03762984275817871 0.15389512479305267
0 0.4101936476571219 0.5261589118412563 0.0066237109048025945 0.026636804853166853 0.15327340364456177
0 0.5466110365731376 0.5311637605939593 0.008205413818359375 0.03996283667428153 0.15180306136608124
0 0.347818170275007 0.5432651383536202 0.009417431695120675 0.036460706165858676 0.14664435386657715
0 0.3920230524880545 0.5379283768790108 0.008500303540910994 0.034316846302577426 0.1461934596300125
0 0.5556721687316895 0.5380292960575649 0.009056874683925084 0.04343046460832868 0.14264464378356934
0 0.9439894812447684 0.5393045289175851 0.008397374834333147 0.038324594497680664 0.14159882068634033
0 0.4124879837036133 0.5295776299067906 0.00627340589250837 0.028439113071986606 0.13887281715869904
0 0.10490655899047852 0.5393994535718646 0.008000016212463379 0.0386068480355399 0.13780243694782257
0 0.359982967376709 0.542757511138916 0.00897465433393206 0.03606588499886649 0.13123352825641632
0 0.8598082406180245 0.5452780042375837 0.009868826184953963 0.036720446177891324 0.12942849099636078
0 0.5430329867771694 0.5299528666904995 0.008132117135184152 0.03937172889709473 0.129384845495224
0 0.9283583504813058 0.5419418471200126 0.008462701525006975 0.03947387422834124 0.1248682290315628
0 0.9318911688668388 0.5398169926234654 0.008069038391113281 0.03886805261884417 0.12438248842954636
0 0.9360501425606864 0.5395908015114921 0.008139814649309431 0.03872741971697126 0.12335266917943954
0 0.9406160627092633 0.5374710559844971 0.007918357849121094 0.03806700025285993 0.11690783500671387
0 0.5371788910457066 0.5268043449946812 0.007184914180210659 0.034013066973005025 0.11643994599580765
0 0.9647718157087054 0.5227600506373814 0.0060694558279854914 0.029909406389508928 0.11253030598163605
0 0.963491712297712 0.5404412405831474 0.007946218763078963 0.039419855390276225 0.11154623329639435
0 0.9478232519967216 0.53461868422372 0.007948194231305803 0.036525181361607144 0.10926780104637146
0 0.5600332532610212 0.5397091593061175 0.008556536265781947 0.04144706044878278 0.10895699262619019
0 0.09484808785574776 0.5397176742553711 0.008262668337140764 0.03830603190830776 0.1072239801287651
0 0.34365974153791157 0.5432727677481515 0.009381941386631556 0.03680648122514997 0.10637219250202179
0 0.9678584507533482 0.5222934314182827 0.005904538290841239 0.029202052525111606 0.10562872141599655
0 0.9734938485281808 0.521660464150565 0.005418981824602399 0.026058128901890347 0.10471758246421814
0 0.40705558231898714 0.5226207801273891 0.0063828400203159875 0.02592740740094866 0.10371910035610199
0 0.058748053652899604 0.525893075125558 0.005290985107421875 0.024651357105800083 0.10318650305271149
0 0.5318270751408168 0.521486622946603 0.006239550454275948 0.02945436750139509 0.10220170766115189
0 0.06328598942075457 0.530092545918056 0.006009578704833984 0.02941765104021345 0.10126598179340363
0 0.9702647072928292 0.5217905725751605 0.005548817770821708 0.02715911184038435 0.10087881237268448
0 0.13520983287266322 0.5418063572474888 0.008609167167118617 0.03966362135750907 0.099573515355587
0 0.06616187947137016 0.5303796359470913 0.00605397139276777 0.029512269156319753 0.0954144075512886
0 0.5390991142817906 0.5361534186771938 0.008677755083356584 0.04475906917027065 0.09356625378131866
0 0.060056247881480625 0.5330330984933036 0.0059724364961896625 0.02848914691380092 0.09145770967006683
0 0.13885091032300675 0.5421370097569057 0.008585716996874129 0.0391512257712228 0.08442459255456924
0 0.8696841512407575 0.5460537842341832 0.009732110159737723 0.03518601826259068 0.08377864956855774
0 0.7641274588448661 0.543583869934082 0.010270731789725167 0.03597620555332729 0.08246169984340668
0 0.06939885446003505 0.5307939393179757 0.006113788911274501 0.02960794312613351 0.08225567638874054
0 0.11002647876739502 0.5394124644143241 0.007961622306278773 0.03869438171386719 0.08184406161308289
0 0.7701542718069894 0.5443298476082938 0.008955138070242745 0.03500287873404367 0.08177966624498367
0 0.9228504725864956 0.5431502205984933 0.009126731327601842 0.03854210036141532 0.08175895363092422
0 0.0901821425982884 0.5377216339111328 0.007817677089146205 0.03674255098615374 0.0801972895860672
0 0.36524847575596403 0.5419776780264718 0.009024381637573242 0.03669347081865583 0.07998178154230118
0 0.05415374040603638 0.5287481716700962 0.005385232823235648 0.026545728955950056 0.07965677231550217
0 0.5286008630480085 0.5166972705296108 0.005486147744315011 0.02555383954729353 0.079616978764534
0 0.12925431558064052 0.5414364337921143 0.008476087025233678 0.0396881103515625 0.07914743572473526
0 0.5640890257699149 0.539795058114188 0.008497612816946847 0.04165312222072056 0.07901842147111893
0 0.5224784442356655 0.5196919781821114 0.005686419350760323 0.023528984614780972 0.07838191837072372
0 0.408724308013916 0.5444808006286621 0.008636304310389928 0.02924105099269322 0.07668127119541168
0 0.08279037475585938 0.537557772227696 0.0070906877517700195 0.03472770963396345 0.0754067674279213
0 0.0462154746055603 0.5247068064553397 0.004629037209919521 0.0219379152570452 0.07517311722040176
0 0.08690160512924194 0.537668262209211 0.007341231618608747 0.035742487226213725 0.07403808832168579
0 0.5396883147103446 0.5222969055175781 0.006363834653581891 0.030773162841796875 0.07386425137519836
0 0.38790508678981234 0.5401639257158551 0.009212562016078405 0.036165714263916016 0.07369180768728256
0 0.07197950567517962 0.5343743392399379 0.0064818475927625385 0.03182792663574219 0.0730978474020958
0 0.07945001125335693 0.5348294803074428 0.006598268236432757 0.03263092041015625 0.07282083481550217
0 0.06411357011113848 0.5211914607456752 0.004818430968693325 0.02220892906188965 0.07058565318584442
0 0.7669217245919364 0.5504428318568638 0.010548114776611328 0.02491654668535505 0.0681009516119957
0 0.04382449388504028 0.5247338839939663 0.004659273794719151 0.022074222564697266 0.0678810328245163
0 0.5684988158089774 0.5398345674787249 0.008479084287370955 0.04193854331970215 0.06751677393913269
0 0.4208852904183524 0.5293678556169782 0.006233589989798409 0.028010879244123186 0.06697756052017212
0 0.0756776247705732 0.5345542771475655 0.006460411208016532 0.03190718378339495 0.06683747470378876
0 0.5208396911621094 0.5154847758156913 0.004947457994733538 0.020804950169154575 0.0667644813656807
0 0.639317444392613 0.5433154106140137 0.010304178510393416 0.03703079904828753 0.06644725054502487
0 0.12528741359710693 0.5412840843200684 0.008524630750928606 0.03951178278241839 0.06368453800678253
0 0.1141108785356794 0.5400961807795933 0.008136212825775146 0.039677211216517856 0.062779001891613
0 0.5732696396963937 0.5398562976292202 0.00848078727722168 0.042378834315708706 0.06197971850633621
0 0.04966266240392413 0.5284733772277832 0.005295932292938232 0.026315859385899136 0.061420004814863205
0 0.05541605183056423 0.5207939147949219 0.004761849130902972 0.022131272724696567 0.060488730669021606
0 0.3700893947056362 0.5417882374354771 0.009654692241123744 0.03835579327174595 0.06034107878804207
0 0.6444375174386161 0.5435385022844587 0.009792396000453405 0.03650103296552386 0.05981515347957611
0 0.11821738311222621 0.5409279550824847 0.00843947274344308 0.03969488825116839 0.05857373774051666
0 0.3802391801561628 0.5409903526306152 0.009294441768101283 0.03741294997079032 0.05819537118077278
0 0.8547517231532505 0.5449805940900531 0.009964738573346819 0.037239517484392436 0.05800788477063179
0 0.3894169671194894 0.5295173100062779 0.007711342402866909 0.032524824142456055 0.0572693794965744
0 0.3742186001368931 0.5412569727216449 0.009154864719935827 0.037442990711757114 0.056610140949487686
0 0.5332260472433907 0.5358797141483852 0.008440562656947545 0.043965748378208706 0.05639815330505371
0 0.7561114174979073 0.5435485158647809 0.010528768811907088 0.03606687273297991 0.055956244468688965
0 0.0486847460269928 0.5199101993015834 0.004287557942526681 0.020198447363717214 0.05468156933784485
0 0.3365832737513951 0.5434094837733677 0.009202582495553153 0.03689735276358468 0.05455319210886955
0 0.5359118665967669 0.5169072151184082 0.005672931671142578 0.025752237864903042 0.054404307156801224
0 0.7760466166904995 0.5422233172825405 0.008888380868094308 0.035578250885009766 0.05389999598264694
0 0.3842665808541434 0.5336869784763881 0.008356469018118722 0.034643309456961494 0.052357498556375504
0 0.10658800601959229 0.5293316159929548 0.006744001592908587 0.03332911218915667 0.052028853446245193
0 0.051288719688143046 0.5202702794756208 0.004675132887704032 0.02155334608895438 0.050906695425510406
0 0.4141730581011091 0.5218346459524972 0.006174836839948382 0.024694306509835378 0.05071725696325302
0 0.06914832762309484 0.5213873386383057 0.004838023866925921 0.022211619785853794 0.05055736005306244
