0 0.9421332223074776 0.5409441675458636 0.007692132677350726 0.04183036940438407 0.19120997190475464
0 0.9389824867248535 0.540996892111642 0.007696969168526786 0.04140244211469378 0.18814389407634735
0 0.9448001044137138 0.5409952913011823 0.007805960518973214 0.041668755667550225 0.12522920966148376
0 0.9475816317967006 0.5410129683358329 0.007934434073311942 0.041024480547223775 0.07128805667161942
0 0.3667511258806501 0.5346124172210693 0.006862470081874302 0.03236900057111468 0.06375367939472198
0 0.9693635531834194 0.5283059733254569 0.005518777029854911 0.028007984161376953 0.06047917529940605
0 0.08245219503130231 0.5354478018624442 0.005419313907623291 0.026282106127057756 0.05916878953576088
0 0.966561998639788 0.5256828580583844 0.005415167127336774 0.024738992963518416 0.05440158769488335
0 0.5667451109204974 0.543926307133266 0.009121145520891463 0.03893133572169712 0.05190775915980339
0 0.9674837929861886 0.5325792857578823 0.006677968161446708 0.03527658326285226 0.05172572657465935
0 0.5630333764212472 0.5438378879002163 0.009183406829833984 0.038776091166904995 0.051597729325294495
0 0.36918524333408903 0.533526965550014 0.0065451690128871375 0.03214836120605469 0.051357172429561615
0 0.5543278626033238 0.5373364176068988 0.008141721997942244 0.03994638579232352 0.05039500072598457
