0 0.9999613080705915 0.5122900349753243 7.74519784109933e-05 0.02705519539969308 0.487566202878952
0 0.9697803769792829 0.5257062911987305 0.0057702745710100445 0.027502809252057756 0.32403844594955444
0 0.9652660914829799 0.5259624889918736 0.006145954132080078 0.027218750544956753 0.29989108443260193
0 0.9627682822091239 0.5303452696119036 0.006948539188929966 0.03130061285836356 0.26023560762405396
0 0.07277348211833409 0.5384309632437569 0.007080537932259696 0.03489456857953753 0.23534391820430756
0 0.07628951753888812 0.5405168533325195 0.007325589656829834 0.03590995924813407 0.21284891664981842
0 0.9597118922642299 0.5305734361921038 0.006695406777518136 0.03174873760768345 0.19806651771068573
0 0.06866111925670079 0.535520212990897 0.006787504468645368 0.033227239336286275 0.19769209623336792
0 0.9721299580165318 0.5211685044424874 0.005628926413399833 0.025484085083007812 0.19662919640541077
0 0.9745227949959892 0.5210610117231097 0.005579267229352679 0.02465353693280901 0.19473135471343994
0 0.08003675937652588 0.5411717210497174 0.0076621004513331824 0.03594003404889788 0.1714167445898056
0 0.4483878953116281 0.5152905327933175 0.004729100636073521 0.0190603392464774 0.1690431833267212
0 0.06347278612000602 0.534640005656651 0.006856739521026611 0.0328942026410784 0.14233972132205963
0 0.19508903367178781 0.543224539075579 0.009526184626988001 0.03573805945260184 0.14006184041500092
0 0.45166131428309847 0.5191925934382847 0.0055594103676932195 0.021198953901018416 0.13715748488903046
0 0.955789429800851 0.5380265372140067 0.0071528298514229914 0.03455260821751186 0.13325904309749603
0 0.06600454875401088 0.5319501331874302 0.006529578140803746 0.03215329987662179 0.13178102672100067
0 0.44555234909057617 0.519549948828561 0.0055609771183558875 0.021745818001883372 0.1253330409526825
0 0.19077338491167342 0.5449455806187221 0.00959925992148263 0.03411170414515904 0.11660899966955185
0 0.9785171236310687 0.5202115944453648 0.004959992000034877 0.024433204105922153 0.11511464416980743
0 0.08490846838269915 0.5415004321507045 0.007702580520084926 0.035738979067121236 0.11305315047502518
0 0.05991917848587036 0.5309073584420341 0.006519662482397897 0.03118058613368443 0.10817721486091614
0 0.04461917706898281 0.5265558106558663 0.006142228841781616 0.0298222473689488 0.10746393352746964
0 0.05696613448006766 0.5305125713348389 0.006498145205633981 0.0309206417628697 0.10591963678598404
0 0.052248320409229825 0.526268482208252 0.005675571305411202 0.02624045099530901 0.10411056876182556
0 0.19926936285836355 0.5427145276750837 0.009089963776724679 0.03690736634390695 0.10409648716449738
0 0.18688423292977469 0.5438226631709507 0.009245872497558594 0.035366058349609375 0.10073523223400116
0 0.956625257219587 0.5261383056640625 0.005823339734758649 0.026890277862548828 0.09489495307207108
0 0.09046970094953265 0.5416968890598842 0.007677478449685233 0.03561530794416155 0.09485678374767303
0 0.4542029585157122 0.5150327682495117 0.0048727308000837055 0.021115950175694058 0.09232071787118912
0 0.9408800942557198 0.541273866380964 0.007496356964111328 0.03472059113638742 0.08856499940156937
0 0.5606435367039272 0.5391482966286796 0.00852203369140625 0.04234109606061663 0.08822014927864075
0 0.048869167055402486 0.5306106635502407 0.006454953125544957 0.031796319144112725 0.08761131763458252
0 0.9458853857857841 0.5409188270568848 0.0074389321463448664 0.0348691599709647 0.08590053021907806
0 0.44857658658708843 0.5241009507860456 0.0063729967389787945 0.024758611406598772 0.08556797355413437
0 0.04781027776854379 0.5209697655269078 0.005095856530325753 0.023581300462995256 0.08457586914300919
0 0.4409263474600656 0.519514833177839 0.005352190562656948 0.020955937249319895 0.08353081345558167
0 0.9498066902160645 0.5405659675598145 0.007412093026297433 0.03520376341683524 0.0801379382610321
0 0.9371023178100586 0.5418837070465088 0.00757878167288644 0.03468949454171317 0.07976902276277542
0 0.4435249737330845 0.5240799358912877 0.0063353947230747765 0.024456909724644253 0.07831283658742905
0 0.09663222517286028 0.5422005653381348 0.007656327315739223 0.035290615899222236 0.07773344218730927
0 0.564910752432687 0.5396358626229423 0.008368219648088728 0.04282804897853306 0.0767773762345314
0 0.5563820430210659 0.5349570683070591 0.008250066212245397 0.04045919009617397 0.07495022565126419
0 0.18165578160967147 0.544003793171474 0.009218403271266393 0.0352599961417062 0.07091259211301804
0 0.9327667781284877 0.5424504961286273 0.007630007607596261 0.034803765160696845 0.07047411799430847
0 0.8832214900425502 0.5471867833818708 0.009358201708112444 0.03124070167541504 0.06949735432863235
0 0.4564546857561384 0.5150118555341449 0.0048313140869140625 0.02058706964765276 0.06948542594909668
0 0.050347711358751567 0.5211522238595145 0.0050764381885528564 0.023622887475149974 0.06823913007974625
0 0.9295737402779716 0.544048377445766 0.008075305393763952 0.03439865793500628 0.06698459386825562
0 0.1668245451790946 0.5448112487792969 0.008922883442470006 0.03470339093889509 0.06590734422206879
0 0.10234805515834264 0.5428039687020438 0.007699276719774518 0.03495819228036063 0.06351730972528458
0 0.8894284112112862 0.5453506537846157 0.009184837341308594 0.0336120469229562 0.06318523734807968
0 0.08712467125483922 0.5335187230791364 0.006688901356288365 0.035096985953194756 0.062224384397268295
0 0.9538592611040387 0.5269425596509661 0.005823816571916852 0.028102193559919084 0.06163287162780762
0 0.1601067270551409 0.5449995994567871 0.008802499089922224 0.03446854863848005 0.06041983887553215
0 0.17738444464547293 0.5442907810211182 0.009208321571350098 0.03508063725062779 0.06009305641055107
0 0.6217688151768276 0.5439870698111398 0.008968353271484375 0.03537161009652274 0.059663690626621246
0 0.982743671962193 0.5205587659563337 0.005079678126743862 0.02481034823826381 0.05958523973822594
0 0.3950716427394322 0.5429250853402274 0.00859682900565011 0.03514235360281808 0.05841865763068199
0 0.037470336471285136 0.5268469197409493 0.006105689065796989 0.02971029281616211 0.058208782225847244
0 0.43554578508649555 0.5245308876037598 0.006244829722813198 0.02413787160600935 0.057391997426748276
0 0.45151894433157785 0.5115910938807896 0.004368884222848075 0.018473659242902483 0.05732348561286926
0 0.09309910024915423 0.5344993727547782 0.006683562483106341 0.03622528484889439 0.057320453226566315
0 0.17291835376194545 0.54454391343253 0.00908332211630685 0.034979002816336494 0.05722964555025101
0 0.3990004062652588 0.5428544453212193 0.00865731920514788 0.03513223784310477 0.05606092885136604
0 0.5699679510934013 0.5397569792611259 0.008415630885532923 0.0427243709564209 0.055516041815280914
0 0.05249882595879691 0.5370806966509137 0.0073035529681614465 0.035779408046177456 0.05504101514816284
0 0.4545173645019531 0.5240252699170794 0.0062713623046875 0.02596296582903181 0.05450903996825218
0 0.9236526489257812 0.5453346116202218 0.008559226989746094 0.03306160654340472 0.054312027990818024
0 0.8779675619942802 0.5473502363477435 0.009378773825509208 0.030923843383789062 0.05332128703594208
0 0.11073587621961321 0.5437726974487305 0.008140410695757185 0.03449133464268276 0.053150683641433716
0 0.9662348202296666 0.5437733786446708 0.008024488176618303 0.03884611810956683 0.053081415593624115
0 0.20385193824768066 0.5426992688860212 0.008901170321873255 0.03730239186968122 0.05307818576693535
0 0.4466497557503836 0.5123001507350377 0.004991156714303153 0.024565015520368303 0.0527687668800354
0 0.7545157841273716 0.5484693390982491 0.008489676884242467 0.02966604913984026 0.05171969160437584
0 0.6261572156633649 0.5442019190107074 0.008818694523402624 0.035405874252319336 0.051643066108226776
0 0.03613021544047764 0.5188837732587542 0.005339799182755607 0.02332602228437151 0.05140351504087448
0 0.6165237426757812 0.5438775675637382 0.008998938969203405 0.0353724615914481 0.05131026357412338
0 0.8935563223702567 0.545311450958252 0.009214333125523158 0.0332449163709368 0.05116499587893486
0 0.9524884905133929 0.5459246635437012 0.008724961962018694 0.027445690972464427 0.0511586032807827
0 0.10599771567753383 0.5391054834638324 0.007401466369628906 0.037242582866123745 0.050285208970308304
