0 0.10432992662702288 0.5383070537022182 0.006611560072217669 0.02737791197640555 0.11048435419797897
0 0.09971179280962263 0.5379433631896973 0.006562232971191406 0.02745931489127023 0.09310844540596008
0 0.4485743386404855 0.5198117664882115 0.004648072378976005 0.016312565122331892 0.08280830085277557
0 0.3657421384538923 0.5361216749463763 0.007307427270071847 0.03135674340384347 0.07339565455913544
0 0.1259913444519043 0.5374853610992432 0.008000339780535017 0.03129461833408901 0.06922619789838791
0 0.4457633835928781 0.519932746887207 0.004787342888968331 0.016308580126081194 0.0672186091542244
0 0.4513390745435442 0.5196420465196881 0.004578113555908203 0.016431808471679688 0.05972789600491524
0 0.37404561042785645 0.5377484049115863 0.007307733808244977 0.030646494456699917 0.056875742971897125
0 0.09364191974912371 0.5375267437526158 0.006632600511823382 0.027021271841866628 0.0554511696100235
0 0.3936448778424944 0.5359831537519183 0.0066830430712018695 0.028712919780186245 0.054844509810209274
0 0.11019156660352435 0.5398048332759312 0.007010647228785923 0.02828352791922433 0.052393000572919846
