0 0.999960218157087 0.5170817375183105 7.956368582589286e-05 0.032173871994018555 0.487566202878952
0 0.9731565884181431 0.5429368019104004 0.009127344403948103 0.03268286160060337 0.27093705534935
0 0.9658793040684291 0.5395392009190151 0.00861208779471261 0.04180993352617536 0.1437213271856308
0 0.9691640308925084 0.5365183694022042 0.008000033242361886 0.039882966450282505 0.13767632842063904
0 0.9680689402988979 0.5484160695757184 0.0075986044747488836 0.027929987226213728 0.13057568669319153
0 0.4370318821498326 0.5251081330435616 0.006140879222324916 0.02284966196332659 0.11711385846138
0 0.5514536585126605 0.5272438866751534 0.008408137730189733 0.036339793886457174 0.11653696000576019
0 0.548494645527431 0.522747107914516 0.007636410849434989 0.033668688365391324 0.11332013458013535
0 0.960953780582973 0.5401677744729179 0.008252416338239397 0.041145188467843194 0.11244495958089828
0 0.42200309889657156 0.5344205243246896 0.007722786494663784 0.03271552494594029 0.1061769649386406
0 0.4249951158251081 0.5298823629106794 0.007425171988351005 0.029627765927995955 0.10606349259614944
0 0.433952876499721 0.5256451879228864 0.006809677396501813 0.02654538835797991 0.10393637418746948
0 0.4283285140991211 0.530595234462193 0.007468700408935547 0.030718088150024414 0.0989922434091568
0 0.4177053315298898 0.5370474542890277 0.007982969284057617 0.034366914204188755 0.09184448421001434
0 0.5437430994851249 0.5218020166669574 0.007319722856794085 0.030369179589407786 0.09074980765581131
0 0.5571919168744769 0.5299936703273228 0.009273290634155273 0.0423004286629813 0.08901885151863098
0 0.9559480122157505 0.5403434208461216 0.008143765585763114 0.041060958589826314 0.08891499787569046
0 0.5461055210658482 0.5171621867588588 0.00672807012285505 0.029147727148873464 0.08597815781831741
0 0.4316034998212542 0.5323880059378487 0.007069792066301618 0.030884197780064175 0.08552488684654236
0 0.4131415230887277 0.5376191139221191 0.00806464467729841 0.035458190100533624 0.0835125669836998
0 0.4482510430472238 0.5200161252702985 0.005414145333426339 0.01969613347734724 0.07968068867921829
0 0.444859436580113 0.5200046811785016 0.005511624472481864 0.019991091319492886 0.07930006831884384
0 0.43984600475856234 0.520498411996024 0.006056513105119977 0.022636924471173967 0.06631376594305038
0 0.5618182591029576 0.5338195392063686 0.010374443871634347 0.0462493896484375 0.0658789724111557
0 0.5410355499812535 0.5166821479797363 0.006551061357770648 0.027559586933680942 0.0639113262295723
0 0.4087883404323033 0.540618896484375 0.00838320595877511 0.03595536095755441 0.06311498582363129
0 0.5777532032557896 0.5372919355119977 0.010876928056989397 0.04795074462890625 0.06183240935206413
0 0.9729671478271484 0.5299070222037179 0.007176944187709263 0.03651118278503418 0.06140235811471939
0 0.5830187116350446 0.5380020822797503 0.010726451873779297 0.04714005334036691 0.06134508177638054
0 0.9507129532950265 0.5406229155404227 0.008085932050432478 0.040798732212611606 0.061337392777204514
0 0.567009721483503 0.5349537645067487 0.01067761012486049 0.04701852798461914 0.06096367537975311
0 0.5730914388384137 0.5368706839425224 0.01090104239327567 0.04796464102608817 0.05959177389740944
0 0.442537648337228 0.5205412592206683 0.006111349378313337 0.02365776470729283 0.058732517063617706
0 0.5349418095179966 0.5160246576581683 0.006033182144165039 0.02410095078604562 0.0569094642996788
0 0.5398003714425224 0.5257438250950405 0.0073986053466796875 0.031772920063563755 0.05592469125986099
0 0.5377848829541888 0.5164901188441685 0.006450516836983817 0.02688636098589216 0.05401895195245743
0 0.9451258523123605 0.5408210413796561 0.00804281234741211 0.04074028560093471 0.05391102284193039
0 0.08578390734536308 0.543379545211792 0.007815284388405936 0.03518424715314593 0.052647318691015244
0 0.09045626435961042 0.5435612882886615 0.007866288934435164 0.03496980667114258 0.051402512937784195
0 0.940446036202567 0.5413112640380859 0.00803027834211077 0.040505681719098775 0.051002420485019684
0 0.9299676077706474 0.5429821695600238 0.00824948719569615 0.03817384583609445 0.05076199397444725
0 0.40332746505737305 0.5418177332196917 0.008749110358101981 0.036709955760410855 0.050285547971725464
