0 0.9550388881138393 0.5376221111842564 0.007491043635777065 0.03355332783290318 0.10599285364151001
0 0.9660912922450474 0.5297346115112305 0.006160599844796317 0.02889946528843471 0.0954931229352951
0 0.9585191181727818 0.5372406073978969 0.007654871259416852 0.03364058903285435 0.09069032967090607
0 0.9677749361310687 0.5270131656101772 0.005582741328648159 0.025407723018101284 0.08651357889175415
0 0.9357325008937291 0.536827666418893 0.007206508091517857 0.033262320927211216 0.08513079583644867
0 0.9641398021153041 0.5263823781694684 0.005300113133021763 0.024119581495012556 0.07326112687587738
0 0.06791357483182635 0.5352975300380162 0.006126833813531058 0.029147182192121233 0.07084313035011292
0 0.9308531624930245 0.5432704857417515 0.008351939065115792 0.036809989384242466 0.06700211763381958
0 0.9339686802455357 0.543623719896589 0.00848736081804548 0.03580812045506069 0.06558749824762344
0 0.0755922624043056 0.538499116897583 0.00635453632899693 0.02970961162022182 0.06382361054420471
0 0.9713600703648159 0.5296993596213204 0.006202220916748047 0.028911454336983815 0.06378456950187683
0 0.9567575454711914 0.5329182829175677 0.007078102656773159 0.03275299072265625 0.06084274500608444
0 0.9382875987461635 0.5433299200875419 0.00864056178501674 0.0374819210597447 0.05755225941538811
0 0.9277924128941127 0.5458533082689557 0.007876873016357422 0.031662191663469584 0.05439258739352226
0 0.9452454703194755 0.538024868283953 0.007504122597830636 0.03400148664202009 0.05405857414007187
0 0.9612091609409877 0.5299010957990374 0.0062051500592912945 0.029002836772373745 0.0517832487821579
