0 0.9608020782470703 0.5379385948181152 0.0065866197858537945 0.0348623480115618 0.08086186647415161
0 0.9331376893179757 0.5416467530386788 0.0076650891985212055 0.04211061341421945 0.07376529276371002
0 0.39405434472220285 0.5366780076708112 0.006983109882899693 0.032176154000418525 0.07110410183668137
0 0.966944694519043 0.5266763823372977 0.005548545292445591 0.029530933925083706 0.06989132612943649
0 0.5282227311815534 0.5201217106410435 0.005205903734479632 0.019825220108032227 0.06722258031368256
0 0.9361968721662249 0.5420145307268415 0.007584095001220703 0.04055244582039969 0.06512676924467087
0 0.5507386411939349 0.5332258088248116 0.007498196193150112 0.035899809428623745 0.06270042061805725
0 0.9648956571306501 0.5265238966260638 0.005542005811418805 0.02928979056222098 0.059064194560050964
0 0.5570757048470634 0.5361283506665911 0.007763964789254325 0.036786488124302456 0.058776043355464935
0 0.5373398917061942 0.524932997567313 0.005958420889718192 0.0252446106501988 0.05874606594443321
0 0.5668796811785016 0.5392281327928815 0.008811507906232561 0.04217256818498884 0.05813891813158989
0 0.10649606159755162 0.5459337915693011 0.007492652961186 0.030807665416172574 0.05546741560101509
0 0.38930600030081614 0.5369923455374581 0.007107768739972796 0.03217744827270508 0.05404962599277496
