0 0.13241449424198695 0.5423595564705985 0.008739590644836426 0.036930629185267856 0.3937224745750427
0 0.1271515233176095 0.5421135425567627 0.008624374866485596 0.036631924765450616 0.37139397859573364
0 0.1234757389341082 0.5420099326542446 0.008592699255262102 0.03646400996616909 0.2798117995262146
0 0.13687135492052352 0.5429807390485492 0.008733996323176793 0.03640021596636091 0.26208701729774475
0 0.8358783040727887 0.5442893164498466 0.008812904357910156 0.03588141713823591 0.19253847002983093
0 0.8312269619532994 0.5446247373308454 0.008857999529157366 0.03648195947919573 0.18424873054027557
0 0.8242009026663644 0.5446504865373883 0.00880295889718192 0.03689299310956683 0.18395206332206726
0 0.12956273555755615 0.5337307112557548 0.00814983674458095 0.042166130883353095 0.15599313378334045
0 0.14065933227539062 0.5435771942138672 0.008826255798339844 0.035454205104282925 0.1548900455236435
0 0.11778111117226737 0.5413039071219308 0.00816323927470616 0.0368776662009103 0.15058954060077667
0 0.827538081577846 0.5394022124154227 0.009514604296003069 0.04122931616646903 0.14997467398643494
0 0.8401714052472796 0.5440981728690011 0.008742945534842355 0.03629020282200405 0.14710544049739838
0 0.5342705930982318 0.5195987224578857 0.006648540496826172 0.025797571454729353 0.12035319209098816
0 0.8171046120779855 0.5447663579668317 0.008876187460763114 0.03671652930123465 0.11905297636985779
0 0.5372922079903739 0.5199495724269322 0.007403407778058734 0.028482300894601003 0.10418812930583954
0 0.5304216657366071 0.5195435115269252 0.006260974066598075 0.024525676454816545 0.10370383411645889
0 0.8204942430768695 0.5369818210601807 0.00925854274204799 0.045772552490234375 0.10219435393810272
0 0.525390625 0.515519380569458 0.005267415727887835 0.02094902311052595 0.09924310445785522
0 0.6412068094526019 0.5387402262006488 0.011087690080915178 0.0402529239654541 0.09873781353235245
0 0.8446377345493862 0.543957097189767 0.008652482713971819 0.036624091012137275 0.09333860129117966
0 0.6351718902587891 0.5400397436959403 0.011494704655238561 0.04199249403817313 0.09215147793292999
0 0.14656199727739608 0.5439299174717495 0.008974833147866386 0.034909759249006 0.08867529779672623
0 0.11339281286512103 0.5410615376063755 0.008101310048784529 0.03685668536594936 0.08673921227455139
0 0.5413456644330706 0.519956111907959 0.007641758237566266 0.029633079256330217 0.08576907962560654
0 0.3889549800327846 0.5417509078979492 0.009209973471505302 0.03503922053745815 0.08132930099964142
0 0.6460564477103097 0.540332521711077 0.010998725891113281 0.04188445636204311 0.08059394359588623
0 0.5684219087873187 0.5156822885785785 0.0077719007219587055 0.032588039125714986 0.07941830158233643
0 0.5648061207362584 0.5157242161887032 0.007700068610055106 0.03310401099068778 0.07646597921848297
0 0.392390319279262 0.5378723825727191 0.009080444063459123 0.033900601523263116 0.0748712494969368
0 0.7745779582432338 0.5431967462812152 0.009085382734026228 0.035519497735159736 0.07348071038722992
0 0.9497357777186802 0.538109370640346 0.007357052394321987 0.040452037538800924 0.0722435712814331
0 0.07049525635583061 0.5347458635057721 0.006272149937493461 0.02977698189871652 0.07139261066913605
0 0.768956184387207 0.544661385672433 0.009064061301095145 0.034503085272652764 0.07014460116624832
0 0.6859679903302874 0.542426313672747 0.010018961770193917 0.03589906011308942 0.06973060965538025
0 0.5449385643005371 0.5199592454092843 0.007746526173182896 0.029653447014944895 0.06893869489431381
0 0.06555673905781337 0.5342810494559151 0.006221707378114972 0.029264518192836216 0.06857737898826599
0 0.8115105628967285 0.5447550160544259 0.00883633749825614 0.036310945238385885 0.06782135367393494
0 0.6909310477120536 0.5485475063323975 0.009710243770054408 0.025164944784981862 0.06679482012987137
0 0.8499558993748256 0.5438756942749023 0.008686474391392298 0.036661011832101006 0.0667547807097435
0 0.8533089501517159 0.5495342527117048 0.008513995579310827 0.023717573710850308 0.06673093885183334
0 0.9459171295166016 0.5383164201463971 0.0072640010288783485 0.04033974238804409 0.06622446328401566
0 0.15443927901131765 0.544208254132952 0.009006074496677943 0.03461061205182757 0.0658155307173729
0 0.07324450356619698 0.5348969868251255 0.006263737167630877 0.030006238392421176 0.06535076349973679
0 0.07709945951189313 0.5374762671334403 0.006578573158809117 0.03245176587785993 0.06491997838020325
0 0.6939868927001953 0.5425323758806501 0.009965624128069197 0.03632446697780064 0.06483210623264313
0 0.559769902910505 0.5157616479056222 0.00773416246686663 0.03243024008614676 0.06435878574848175
0 0.9597102573939732 0.5363530090876988 0.00801999228341239 0.04240921565464565 0.06330026686191559
0 0.9526134218488421 0.5342368398393903 0.00778545652117048 0.04274528367178781 0.06322752684354782
0 0.0799578172819955 0.5378618921552386 0.006727916853768485 0.03325714383806501 0.06320219486951828
0 0.7785485812595913 0.544905424118042 0.009155545915876116 0.034191744668143134 0.060043297708034515
0 0.6816272735595703 0.541989973613194 0.010048185076032366 0.03597661427089146 0.05916442722082138
0 0.3631840773991176 0.5429092815944127 0.008710861206054688 0.034619535718645365 0.05895061045885086
0 0.36790445872715544 0.5421858174460275 0.00868684904915946 0.03497314453125 0.05873472988605499
0 0.08306375571659633 0.5381217343466622 0.0067806414195469445 0.03414528710501535 0.058599747717380524
0 0.06795298627444676 0.5309899875095913 0.00613316467830113 0.027969292231968472 0.05832973122596741
0 0.9425881930759975 0.5385167939322335 0.007244246346609933 0.04046750068664551 0.05691166967153549
0 0.5344713756016323 0.511450971875872 0.0049882275717599055 0.021045446395874023 0.05687310919165611
0 0.8049244199480329 0.5448611123221261 0.008999892643519811 0.03519582748413086 0.05651938170194626
0 0.5555686950683594 0.5157537460327148 0.007311276027134487 0.02954299109322684 0.05630873516201973
0 0.06314035824366979 0.5306352206638881 0.006033165114266532 0.02772985185895647 0.05584347993135452
0 0.5493313244410923 0.5198950086321149 0.0077724456787109375 0.029681035450526645 0.055539049208164215
0 0.38066090856279644 0.5416747501918248 0.008988039834158761 0.03500328745160784 0.054917626082897186
0 0.32475451060703825 0.5447466032845634 0.009188311440604073 0.03391974312918527 0.053967125713825226
0 0.8082432065691266 0.5393201964242118 0.008999483925955636 0.041947943823678155 0.05372718721628189
0 0.37591610636029926 0.5415737288338798 0.008869988577706473 0.03514518056597028 0.053585298359394073
0 0.35705995559692383 0.5434891155787877 0.00884767941066197 0.03423139027186802 0.05347536876797676
0 0.5396957397460938 0.511580330984933 0.005810533251081195 0.024211985724312917 0.053248871117830276
0 0.6515963418143136 0.5316833768572126 0.010354791368756975 0.04072509493146624 0.053181830793619156
0 0.35000583103724886 0.5438906124659947 0.009007487978254045 0.03415843418666294 0.052940089255571365
0 0.08699045862470355 0.5404151167188372 0.007634375776563372 0.03629977362496512 0.052623115479946136
0 0.6245797021048409 0.5397147791726249 0.012744018009730749 0.04050956453595843 0.05135689303278923
0 0.3304387501307896 0.5445304938725063 0.009120089667184013 0.03429528645106724 0.051286499947309494
0 0.9637596947806222 0.5410412379673549 0.007844652448381697 0.03025650978088379 0.050428155809640884
0 0.8561923163277763 0.5438210964202881 0.008713177272251673 0.03642211641584124 0.050197262316942215
0 0.5526768480028424 0.5194933414459229 0.008138792855398995 0.0308138302394322 0.05005684122443199
