0 0.9560646329607282 0.5389320509774345 0.007006985800606864 0.03713583946228027 0.1423545926809311
0 0.923292704990932 0.5442524296896798 0.008736065455845423 0.03444480895996094 0.14227761328220367
0 0.9192276682172503 0.5447000776018415 0.008864130292619978 0.03412202426365444 0.14146296679973602
0 0.951279844556536 0.5412069388798305 0.0073740822928292414 0.038190977913992744 0.12132883071899414
0 0.5597584588187081 0.5322309902736119 0.00819465092250279 0.04083122525896345 0.12008874863386154
0 0.963923590523856 0.5357255254473005 0.006312847137451172 0.03397035598754883 0.11912544816732407
0 0.9587385995047433 0.5357384000505719 0.006500039781842913 0.035325084413800924 0.11874593049287796
0 0.9479707990373883 0.5463801792689732 0.0084359986441476 0.02842347962515695 0.11684107035398483
0 0.9150868824550084 0.5447280747549874 0.008897713252476283 0.033956902367728095 0.11575000733137131
0 0.9288305555071149 0.5428291048322406 0.008394036974225725 0.03577790941510882 0.1111316978931427
0 0.9445581436157227 0.541778700692313 0.007847854069301061 0.037650346755981445 0.10614420473575592
0 0.5565382071903774 0.5364553928375244 0.008978026253836495 0.044886112213134766 0.10158060491085052
0 0.9397750582013812 0.5420035634722028 0.00796161379132952 0.03725593430655343 0.09795542806386948
0 0.5639493124825614 0.5369877815246582 0.008649757930210658 0.04448533058166504 0.09443165361881256
0 0.9345032828194755 0.5421133041381836 0.00809063230242048 0.036784512656075616 0.09169938415288925
0 0.9104836327689034 0.5448048795972552 0.00891317640032087 0.033984592982700894 0.08470457047224045
0 0.306255613054548 0.5448973178863525 0.010526997702462333 0.0345489638192313 0.08268740028142929
0 0.297586270741054 0.5449862820761544 0.010399273463657923 0.03445495877947126 0.08237983286380768
0 0.9610565730503627 0.5474459784371513 0.007403714316231864 0.028692109244210378 0.0785599797964096
0 0.5529655047825405 0.5290344102042062 0.008324418749128069 0.03953977993556431 0.07852581888437271
0 0.961315495627267 0.5320771421704974 0.006252288818359375 0.03327492305210659 0.07840099185705185
0 0.33340753827776226 0.5441337312970843 0.00983255250113351 0.03605781282697405 0.07725507020950317
0 0.9007418496268136 0.5449328422546387 0.008883544376918249 0.03397958619253976 0.07330380380153656
0 0.9052562713623047 0.5448237827845982 0.008924756731305803 0.0339810848236084 0.07226604968309402
0 0.8962524277823312 0.5467638288225446 0.008889334542410714 0.03159056391034808 0.07189498841762543
0 0.8903233664376395 0.5470948900495257 0.008891310010637556 0.030928713934762136 0.07049445807933807
0 0.568678719656808 0.5371338299342564 0.008625439235142298 0.04414755957467215 0.06995610892772675
0 0.16560614109039307 0.5446505546569824 0.009638479777744837 0.034078972680228095 0.06632833927869797
0 0.16046844209943498 0.5444516113826207 0.009449584143502372 0.03432525907244001 0.06422802060842514
0 0.18805064473833358 0.5449483054024833 0.00971618720463344 0.033669505800519674 0.06321410089731216
0 0.34258597237723215 0.543790170124599 0.009768451963152205 0.03603621891566685 0.06317032873630524
0 0.1703030722481864 0.5447773252214704 0.009698680468967982 0.03400622095380511 0.06261254847049713
0 0.2928313527788435 0.5459495612553188 0.010248456682477678 0.0337040764944894 0.06255670636892319
0 0.18342532430376327 0.5448218073163714 0.009659120014735631 0.03385519981384277 0.06244337558746338
0 0.5464098112923759 0.5262101718357631 0.007627180644444057 0.03469055039542062 0.061395227909088135
0 0.9265584945678711 0.5507966450282505 0.008714607783726283 0.023040941783360074 0.06130347400903702
0 0.9658209255763462 0.5444837978907994 0.008053779602050781 0.03954683031354632 0.06097095459699631
0 0.301687274660383 0.5513375146048409 0.010159424373081751 0.02322517122541155 0.06060806289315224
0 0.17905827930995397 0.5432698726654053 0.009713939258030482 0.03508956091744559 0.06043265014886856
0 0.1748509407043457 0.5447210584368024 0.009705884116036552 0.03392090116228376 0.06003246456384659
0 0.28834857259477886 0.5450729642595563 0.010250006403241838 0.03439920289175851 0.059461306780576706
0 0.8823225838797433 0.5472487040928432 0.008919784000941686 0.03064962795802525 0.05867752432823181
0 0.3267296382359096 0.5443237168448312 0.009966135025024414 0.03598162106105259 0.058243073523044586
0 0.2835019656590053 0.5451648235321045 0.010112166404724121 0.034231254032679966 0.057820286601781845
0 0.19284023557390487 0.5450453758239746 0.009763223784310477 0.033544915063040595 0.05679402872920036
0 0.27841523715427946 0.5452449662344796 0.010090674672807966 0.03401664325169155 0.05669280141592026
0 0.31495748247419086 0.5446039949144635 0.010495117732456751 0.03484208243233817 0.05487295612692833
0 0.9723102705819267 0.527240548815046 0.005266462053571429 0.02712287221636091 0.05361882224678993
0 0.967712266104562 0.5275600297110421 0.005670138767787388 0.028326341084071567 0.053412578999996185
0 0.2735362393515451 0.545318739754813 0.010088648114885603 0.03384579930986677 0.05310186371207237
0 0.5622302804674421 0.5231891700199672 0.006892544882638114 0.034669807979038784 0.051006168127059937
0 0.5735949107578823 0.5379212583814349 0.008603061948503767 0.0430145263671875 0.050388600677251816
