0 0.1447115625653948 0.5447241578783307 0.008916701589311873 0.03354651587350028 0.19508646428585052
0 0.13692482028688704 0.5445606367928642 0.008791276386805944 0.033930369785853794 0.19220717251300812
0 0.15085537093026297 0.5450748716081891 0.009203263691493444 0.03321501186915806 0.18258534371852875
0 0.1328164679663522 0.5444880894252232 0.008717605045863561 0.03417379515511649 0.17472951114177704
0 0.14069439683641707 0.5418416772569928 0.009208619594573975 0.038623809814453125 0.17402946949005127
0 0.1286090271813529 0.544149535042899 0.008519879409245082 0.03420015743800572 0.16205836832523346
0 0.15825484480176652 0.545142684664045 0.009300504411969866 0.0334446770804269 0.1530779004096985
0 0.12429755926132202 0.5438452448163714 0.0081580536706107 0.034113986151559014 0.13339577615261078
0 0.16229697636195592 0.545151812689645 0.009408610207693917 0.03358398165021624 0.12761364877223969
0 0.1478713239942278 0.550990240914481 0.009208883558000838 0.02290245464869908 0.12758447229862213
0 0.1706117902483259 0.5451716695513044 0.009798884391784668 0.03356902939932687 0.1064569279551506
0 0.4035100596291678 0.5387579372950962 0.007724693843296596 0.03339154379708426 0.10627146065235138
0 0.3680961472647531 0.5440241949898856 0.009129694529942103 0.035107272011893134 0.10587374120950699
0 0.40013231549944195 0.5390262944357735 0.007749932152884347 0.03321783883231027 0.10330943018198013
0 0.4075444085257394 0.5317152568272182 0.006890262876238141 0.029914958136422292 0.10081309825181961
0 0.5502597945077079 0.5158514295305524 0.004794631685529437 0.021238088607788086 0.09384173154830933
0 0.360652038029262 0.5451358386448452 0.00955193383353097 0.03416221482413156 0.09310770034790039
0 0.618511608668736 0.5424485206604004 0.009101458958217077 0.03800252505711147 0.09027386456727982
0 0.39582572664533344 0.5396815708705357 0.008134773799351283 0.033701998846871514 0.09016761928796768
0 0.9284796033586774 0.5429518904004779 0.008747100830078125 0.03540529523577009 0.08768781274557114
0 0.9235790116446358 0.5440214702061245 0.010014806474958147 0.03394348280770438 0.08694858849048615
0 0.4105452128819057 0.5314184938158307 0.006845167704990932 0.02961036137172154 0.08671412616968155
0 0.3751614434378488 0.5433504240853446 0.009023802621023995 0.03549262455531529 0.08535902202129364
0 0.6104752676827567 0.5420818669455392 0.009122099195207869 0.038403715406145365 0.08461669087409973
0 0.17618693624223983 0.5452756881713867 0.009974122047424316 0.03329437119620187 0.08450212329626083
0 0.5526828765869141 0.5204724243709019 0.005626133510044643 0.02407210213797433 0.08168764412403107
0 0.3647704805646624 0.5385113443647113 0.009377820151192802 0.04055564744131906 0.08129829168319702
0 0.3806712968008859 0.5432477337973458 0.008967501776559013 0.03572273254394531 0.08082780987024307
0 0.3549489293779646 0.5454133238111224 0.009577648980276925 0.03410475594656808 0.08039573580026627
0 0.6247030666896275 0.5431922503880092 0.009234428405761719 0.03684592247009277 0.0801929458975792
0 0.547370365687779 0.5203302928379604 0.005459819521222796 0.023956128529139926 0.07684461772441864
0 0.38541102409362793 0.543060336794172 0.008891514369419642 0.03596244539533343 0.07684139162302017
0 0.35066938400268555 0.5453339985438755 0.009491068976266044 0.03421752793448312 0.074741892516613
0 0.6290268216814313 0.543799604688372 0.009504454476492745 0.035396269389561245 0.07366421073675156
0 0.413935695375715 0.5312016350882394 0.006779875074114118 0.029448304857526506 0.07350414991378784
0 0.11795393058231898 0.5434256281171527 0.007669789450509208 0.03402846200125558 0.07297607511281967
0 0.9323828560965401 0.5428041730608258 0.008660248347691126 0.03570607730320522 0.07259849458932877
0 0.39018470900399344 0.5429573399680001 0.008831024169921875 0.036038875579833984 0.07120604068040848
0 0.051327330725533624 0.5255121503557477 0.004936716386250087 0.023645707539149692 0.0709049329161644
0 0.5554172652108329 0.5204614571162632 0.0057102952684674945 0.02446671894618443 0.06924750655889511
0 0.05448838642665318 0.5255580629621234 0.004862793854304722 0.02389488901410784 0.06833074241876602
0 0.04825676339013236 0.5255259105137416 0.00526901228087289 0.02404543331691197 0.06746142357587814
0 0.05611997842788696 0.5303534099033901 0.005747450249535697 0.028831311634608676 0.06527446955442429
0 0.06890184538705009 0.5351366996765137 0.006106014762605939 0.03162414687020438 0.06414340436458588
0 0.24963835307529994 0.5470407349722726 0.010038563183375768 0.03142387526375907 0.06389131397008896
0 0.255938070161002 0.5471083096095494 0.00990959576198033 0.03148726054600307 0.06379220634698868
0 0.34592376436506 0.5465963227408273 0.00962928363255092 0.03283442769731794 0.06363954395055771
0 0.6150558335440499 0.5362610135759626 0.008768626621791295 0.040896449770246236 0.06342268735170364
0 0.07235608782087054 0.5358210291181292 0.006291793925421578 0.03296623911176409 0.06332660466432571
0 0.1674159254346575 0.5521613529750279 0.009581327438354492 0.020848444529942105 0.06306839734315872
0 0.5505646296909877 0.5251759120396206 0.006316150937761579 0.02842613628932408 0.0627974271774292
0 0.602830341884068 0.5414441313062396 0.00903729030064174 0.03905916213989258 0.06243511289358139
0 0.5445002147129604 0.520268372126988 0.005411386489868164 0.02393507957458496 0.0618865042924881
0 0.058696201869419644 0.5304598127092633 0.005696526595524379 0.02912834712437221 0.06167449429631233
0 0.5860203334263393 0.5393991129738944 0.008370671953473772 0.041684014456612725 0.060011643916368484
0 0.9171835354396275 0.5443411554609027 0.01026303427559989 0.03383558137076242 0.059511542320251465
0 0.9376371928623745 0.5400903565543038 0.008552074432373047 0.03540750912257603 0.059364430606365204
0 0.06449500577790397 0.5307087217058454 0.0056332264627729145 0.029496840068272183 0.059040192514657974
0 0.06124820028032575 0.5306103229522705 0.0056532493659428185 0.0293057986668178 0.05893869325518608
0 0.34197354316711426 0.545236451285226 0.009421076093401228 0.03432747295924595 0.05881249159574509
0 0.18346272196088517 0.5453564780099052 0.009946397372654505 0.03332413945879255 0.05873792618513107
0 0.08098000288009644 0.5417733533041817 0.007557613509041923 0.03433738436017718 0.05694253370165825
0 0.05349850228854588 0.5336904525756836 0.006366159234728132 0.030906472887311662 0.05606056749820709
0 0.07528448104858398 0.5387265341622489 0.0067351119858878 0.03379293850490025 0.055652208626270294
0 0.08482943262372698 0.5422060830252511 0.007704334599631173 0.034301349094935825 0.055518463253974915
0 0.41920811789376394 0.5262495449611119 0.005950382777622768 0.024273531777518138 0.054727766662836075
0 0.038825660943984985 0.5204432691846576 0.004733869007655552 0.02285494123186384 0.05458054691553116
0 0.581604140145438 0.5392050061907087 0.008324759347098214 0.042038066046578546 0.05432283878326416
0 0.06291206393923078 0.525899853025164 0.004829568522317069 0.024541173662458147 0.05339889973402023
0 0.5901696341378349 0.539900371006557 0.008518287113734655 0.04135101182120187 0.05282842367887497
0 0.07925151075635638 0.5323335102626255 0.006262259823935372 0.031898055757795064 0.0524706095457077
0 0.5625920976911273 0.5257841859545026 0.006579433168683734 0.029692786080496653 0.052307531237602234
0 0.6070894513811383 0.5359189169747489 0.008874825068882533 0.04002250943865095 0.05227567255496979
0 0.5729116712297712 0.5306823594229562 0.007704462323869977 0.03514238766261509 0.05182039737701416
0 0.9416258675711495 0.5399772780282157 0.008525235312325614 0.03555519240243094 0.05159763991832733
0 0.5987447329929897 0.5410105841500419 0.00885009765625 0.039623260498046875 0.051594510674476624
0 0.15492997850690568 0.5354979719434466 0.009380357606070382 0.04271950040544782 0.05154217779636383
0 0.14747193881443568 0.534926210130964 0.008978111403329032 0.04232048988342285 0.05127105861902237
0 0.5587227685110909 0.5203279767717633 0.005893502916608538 0.02598404884338379 0.05113573744893074
0 0.2635794196810041 0.5470692430223737 0.009942701884678431 0.03131914138793945 0.05038011819124222
0 0.33715408188956125 0.5452947957175118 0.009428773607526506 0.03417716707502093 0.050114259123802185
