0 0.9999113082885742 0.5151824951171875 0.00017731530325753347 0.15396717616489955 0.487566202878952
0 0.9997701644897461 0.5056994983128139 0.0004596029009137835 0.03822731971740723 0.16428542137145996
0 0.8871194294520787 0.5431063515799386 0.009203502110072545 0.03818362099783761 0.15459322929382324
0 0.8941787992204938 0.5433604036058698 0.009240218571254186 0.038195746285574775 0.15397357940673828
0 0.39228882108415875 0.5424417087009975 0.009207589285714286 0.03727752821786063 0.11602946370840073
0 0.8981922694614956 0.543471132005964 0.009255068642752511 0.038266897201538086 0.11320037394762039
0 0.3975449970790318 0.5414539064679827 0.008848973682948522 0.03699745450701032 0.11239746958017349
0 0.10421351024082728 0.5438299179077148 0.007979605879102434 0.03433152607509068 0.10231416672468185
0 0.8802622386387416 0.5428991998944964 0.009159224373953683 0.037899562290736606 0.10184217989444733
0 0.10102522373199463 0.5491622516087123 0.008259526320866175 0.023373876299176897 0.10166715085506439
0 0.3879056658063616 0.5426573072160993 0.009252990995134627 0.0373079776763916 0.09933917969465256
0 0.4015419142586844 0.5388115814753941 0.008583375385829381 0.03577484403337751 0.09690887480974197
0 0.09774184226989746 0.5432849952152797 0.007978149822780065 0.03455298287527902 0.08796814829111099
0 0.08968642779758998 0.543161290032523 0.008013495377131872 0.03468513488769531 0.08608994632959366
0 0.08499859912054879 0.542816298348563 0.007908242089407784 0.034699201583862305 0.08336830139160156
0 0.890183857509068 0.5360417366027832 0.00878552028111049 0.045804738998413086 0.08319145441055298
0 0.40556962149483816 0.5380235740116665 0.008375099727085658 0.03510856628417969 0.08278987556695938
0 0.09341767856052943 0.543243408203125 0.008008420467376709 0.03460189274379185 0.0826028361916542
0 0.8757271085466657 0.5429950441632952 0.009313651493617467 0.03770674977983747 0.07755403220653534
0 0.11219659873417445 0.5445330142974854 0.00815650394984654 0.03407737186976841 0.07637101411819458
0 0.3825476850782122 0.542835031236921 0.00928088596888951 0.03737780026027134 0.07573483884334564
0 0.10754770892007011 0.5508507319859096 0.007919882025037493 0.021992649350847517 0.07380431145429611
0 0.5455105645315987 0.5206913948059082 0.006612471171787807 0.027344601494925364 0.06910179555416107
0 0.904327528817313 0.5433455875941685 0.009165355137416295 0.03838147435869489 0.068120077252388
0 0.5418009757995605 0.5205537251063755 0.006652116775512695 0.02712491580418178 0.06512708216905594
0 0.5485829285212925 0.5259466511862618 0.00736924580165318 0.031101294926234653 0.06469086557626724
0 0.4100675582885742 0.5351073401314872 0.008071150098528181 0.03356575965881348 0.06381265074014664
0 0.4428544725690569 0.5196471895490374 0.005723714828491211 0.020044939858572825 0.06365210562944412
0 0.1961498941693987 0.5459786142621722 0.008776443345206124 0.03322625160217285 0.06241082027554512
0 0.8842657634190151 0.5356989588056292 0.008471829550606864 0.04579697336469378 0.0622645765542984
0 0.08218439987727574 0.5390478883470807 0.007169961929321289 0.033345086233956475 0.061389703303575516
0 0.4456657682146345 0.5197504588535854 0.005602121353149414 0.019787890570504323 0.0607510581612587
0 0.6952389308384487 0.5434115273611886 0.010776042938232422 0.0378760610307966 0.06026182696223259
0 0.8703861917768206 0.543046065739223 0.00935213906424386 0.03777234894888742 0.05938034504652023
0 0.5386059965406146 0.5203328132629395 0.006702559334891183 0.026874167578560964 0.05882273614406586
0 0.7027073587690081 0.5434892518179757 0.010777882167271205 0.037457636424473355 0.05622705817222595
0 0.4257387433733259 0.5261034965515137 0.0069538865770612445 0.027709858758108958 0.05596252530813217
0 0.4224959100995745 0.5264885084969657 0.007019587925502232 0.028110742568969727 0.05432027205824852
0 0.4138456753322056 0.5371911866324288 0.008147035326276506 0.03472052301679339 0.05364179238677025
0 0.9688792909894671 0.5405668531145368 0.0078146117074149 0.041510547910417826 0.05291649326682091
0 0.42873845781598774 0.5258438246590751 0.006900957652500698 0.027259894779750278 0.052484121173620224
0 0.41682004928588867 0.5309267725263324 0.007740531648908343 0.031873464584350586 0.051394928246736526
0 0.5538104602268764 0.5294577053615025 0.008230345589773995 0.0373319217136928 0.05060190334916115
