0 0.3964038576398577 0.5308723109109061 0.007991552352905273 0.034273692539760044 0.6221649050712585
0 0.3937281540461949 0.5374164921896798 0.008883748735700334 0.038807460239955356 0.6207678914070129
0 0.38992108617510113 0.5372428894042969 0.008784566606794084 0.038309574127197266 0.6165920495986938
0 0.3989058222089495 0.5256923948015485 0.006972278867449079 0.032106024878365655 0.5993949174880981
0 0.39965643201555523 0.5433064188276019 0.01071408816746303 0.034247364316667826 0.5703353881835938
0 0.3861330577305385 0.5373458521706718 0.00884904180254255 0.0384937013898577 0.5408756136894226
0 0.7000594139099121 0.5421403476170131 0.009320531572614397 0.0385467665536063 0.4338478147983551
0 0.4020568983895438 0.5250908306666783 0.0067980289459228516 0.03154107502528599 0.43276435136795044
0 0.7050959042140416 0.5422417436327253 0.009279659816196986 0.0383974484034947 0.3420911729335785
0 0.6958205359322684 0.5421286310468402 0.009329795837402344 0.03922929082598005 0.29293543100357056
0 0.38028253827776226 0.5403926372528076 0.009716204234531947 0.03974144799368722 0.2906110882759094
0 0.40751450402396067 0.5373806272234235 0.00820153100149972 0.041234731674194336 0.2747827172279358
0 0.4052177837916783 0.5244005067007882 0.006620815822056362 0.030689001083374023 0.2556273937225342
0 0.7026497977120536 0.5500376224517822 0.009246349334716797 0.027011394500732422 0.2422359138727188
0 0.5485172271728516 0.535491807120187 0.009654930659702845 0.04506966045924595 0.19202978909015656
0 0.7089123044695173 0.5463722092764718 0.009449005126953125 0.03135514259338379 0.1837756633758545
0 0.9144081388201032 0.5426291397639683 0.009051799774169922 0.037511076245989115 0.18200351297855377
0 0.5532613822392055 0.5380467687334333 0.009819235120500838 0.0449213981628418 0.16748125851154327
0 0.374936648777553 0.541867733001709 0.010033573423113142 0.03995108604431152 0.16300655901432037
0 0.40979855401175364 0.5239403929029193 0.0065299102238246375 0.03004939215523856 0.14919805526733398
0 0.9095445360456195 0.5453171048845563 0.009302684238978795 0.03524102483476911 0.14906354248523712
0 0.5432744707380023 0.5301896503993443 0.008937529155186244 0.042495012283325195 0.13648122549057007
0 0.9742958886282784 0.5202104704720634 0.006254877362932477 0.03129012244088309 0.13480547070503235
0 0.41652114050728933 0.5322959082467216 0.007269280297415597 0.03583587918962751 0.1337062418460846
0 0.36993326459612164 0.542449951171875 0.009714228766305106 0.03775719233921596 0.12991128861904144
0 0.5386870588575091 0.5276929310389927 0.007962363106863839 0.03652010645185198 0.12023817002773285
0 0.5574885777064732 0.5389128412519183 0.008909463882446289 0.04354994637625558 0.1193305253982544
0 0.691436767578125 0.5417446408952985 0.009299959455217634 0.04043854985918317 0.11885165423154831
0 0.7126798629760742 0.5432438169206891 0.009409291403634208 0.03970588956560407 0.11828991770744324
0 0.7029033388410296 0.531548125403268 0.00832782472882952 0.044613701956612725 0.11196811497211456
0 0.9667859758649554 0.5281299182346889 0.007524762834821429 0.037107535770961216 0.10417116433382034
0 0.41273566654750277 0.5220707825251988 0.006053243364606585 0.027212211063929966 0.10324319452047348
0 0.9711101395743233 0.5200857434953962 0.006341253008161273 0.03203613417489188 0.09836915135383606
0 0.06780181612287249 0.5312168257577079 0.0054009173597608295 0.026458127158028737 0.0976007804274559
0 0.32339872632707867 0.5461163520812988 0.010254825864519392 0.033533266612461636 0.0964735820889473
0 0.903914315359933 0.5456555911472866 0.009407656533377511 0.03531721660069057 0.09609948098659515
0 0.5511499473026821 0.5279851640973773 0.007990700857979911 0.03702187538146973 0.09539082646369934
0 0.1342473370688302 0.5438060760498047 0.00835899795804705 0.03309781210763114 0.0941820740699768
0 0.3617090497698103 0.543381759098598 0.00984992299761091 0.03671799387250628 0.09236795455217361
0 0.5338020665305001 0.5225607327052525 0.006998538970947266 0.031952040536063056 0.09047173708677292
0 0.9801947729928153 0.5201342446463448 0.0057473863874162945 0.029568706239972795 0.08919515460729599
0 0.7185584477015904 0.5429931368146624 0.009356975555419922 0.04024566922869001 0.08877734839916229
0 0.06521139826093401 0.5344064576285226 0.00570823039327349 0.02705018860953195 0.08851023763418198
0 0.12969774859292166 0.5437959602900914 0.008332805974142892 0.03312676293509347 0.08716981112957001
0 0.9214105606079102 0.5399868147713798 0.008430140359061105 0.040822199412754605 0.0865955725312233
0 0.07082690511431013 0.5314249311174665 0.005352296999522618 0.02672757421221052 0.08522117882966995
0 0.3288149833679199 0.5450327055794852 0.010319743837629045 0.03566718101501465 0.08480632305145264
0 0.5295938764299665 0.5202207565307617 0.005905764443533761 0.025958708354404995 0.0829654112458229
0 0.31563261577061247 0.545330354145595 0.010016747883387975 0.03457920891898019 0.08208531886339188
0 0.14145596538271224 0.5442607743399483 0.008619359561375209 0.032672303063528876 0.07843874394893646
0 0.9007000241960798 0.5500501905168805 0.009474141257149833 0.026577915464128767 0.07836323231458664
0 0.896824564252581 0.5459105287279401 0.00959014892578125 0.0354851313999721 0.07732433080673218
0 0.10199585131236485 0.5427066939217704 0.007185595376150948 0.0317253725869315 0.07694955915212631
0 0.9638656888689313 0.5318350110735212 0.007845810481480189 0.039480039051600864 0.07670848816633224
0 0.09402379819325038 0.5425587381635394 0.0071922881262643 0.03172475951058524 0.0762161985039711
0 0.09062227181025914 0.5424233164106097 0.007198716912950788 0.03190718378339495 0.07614217698574066
0 0.09764727524348668 0.5426574434552874 0.007214469569069999 0.03164305005754743 0.0756010189652443
0 0.1255753210612706 0.5437897614070347 0.00835784843989781 0.03304924283708845 0.07546862959861755
0 0.3663015365600586 0.5476202283586774 0.010261058807373047 0.028056655611310686 0.07479532063007355
0 0.06419874940599714 0.5260875565665108 0.004586658307484218 0.02141472271510533 0.07464227825403214
0 0.10796930108751569 0.5430381638663155 0.007330128124782017 0.03267325673784528 0.07344953715801239
0 0.08751190560204643 0.5422103404998779 0.00718862669808524 0.03187370300292969 0.0731496512889862
0 0.06154620221682957 0.5258516584123883 0.004553343568529401 0.021204778126307895 0.07284784317016602
0 0.3335630553109305 0.5449731690543038 0.010267496109008789 0.035875490733555386 0.07160676270723343
0 0.977834837777274 0.5163844312940326 0.005770410810198102 0.033094542367117744 0.06997867673635483
0 0.6981724330357143 0.5305086885179792 0.008446216583251953 0.044384615761893134 0.06887393444776535
0 0.05894226687295096 0.5256413732256208 0.004523609365735736 0.020846094403948103 0.0687895193696022
0 0.07486953905650548 0.5357565198625837 0.005713820457458496 0.02869588988167899 0.06874201446771622
0 0.5616611071995327 0.5389293943132673 0.008855819702148438 0.04409255300249372 0.06853945553302765
0 0.3195671694619315 0.5396558216639927 0.00986889430454799 0.043087857110159736 0.06817016005516052
0 0.1210911614554269 0.5438221522739956 0.00837486982345581 0.03305121830531529 0.06802482157945633
0 0.35274161611284527 0.544086047581264 0.01002495629446847 0.03632385390145438 0.06699009984731674
0 0.11124557256698608 0.5433292729513985 0.007791042327880859 0.0329831668308803 0.06685803085565567
0 0.08431717327662877 0.5394888605390277 0.00679471663066319 0.03128198214939663 0.06609968096017838
0 0.08067669187273298 0.5392236709594727 0.006174155644008091 0.03079421179635184 0.06588597595691681
0 0.5358348573957171 0.5172721999032157 0.006158147539411273 0.0269251891544887 0.06451435387134552
0 0.5270490305764335 0.5251077924455915 0.006650447845458984 0.0313387257712228 0.06447720527648926
0 0.338026762008667 0.5448017801557269 0.01014845711844308 0.03619292804173061 0.06356413662433624
0 0.11588035311017718 0.5436323029654366 0.008183692182813371 0.03307250567844936 0.0635269433259964
0 0.3106450353349958 0.5452830450875419 0.009866407939365931 0.034576552254813056 0.0635235533118248
0 0.07754148755754743 0.538736241204398 0.006051599979400635 0.029421465737479075 0.062223274260759354
0 0.8924525124686105 0.5459619930812291 0.009588582175118583 0.03543737956455776 0.06041150540113449
0 0.3481828144618443 0.5443427222115653 0.010019063949584961 0.0363891465323312 0.060097746551036835
0 0.05651743922914777 0.5254385130746024 0.004876413515635899 0.021782534463065013 0.060089316219091415
0 0.42075109481811523 0.5371975898742676 0.008115325655255998 0.04035728318350656 0.05984928458929062
0 0.3428921699523926 0.5446468080793109 0.010058505194527763 0.03640014784676688 0.05846841260790825
0 0.14756206103733607 0.5447928564889091 0.008957130568368095 0.032247304916381836 0.05555848777294159
0 0.803814002445766 0.5446679932730538 0.009598731994628906 0.03592085838317871 0.05455673858523369
0 0.7650394439697266 0.5438874449048724 0.009258678981236048 0.03849404198782785 0.054309118539094925
0 0.4262458937508719 0.5202001162937709 0.005479437964303153 0.022764274052211216 0.05368441343307495
0 0.3054748943873814 0.5452743257795062 0.009721653802054269 0.034544910703386576 0.053651321679353714
0 0.6221911566598075 0.5422525405883789 0.009934016636439733 0.03904976163591657 0.05352671444416046
0 0.6296134676252093 0.542480604989188 0.009724276406424386 0.038902725492204936 0.053398266434669495
0 0.5415527820587158 0.5172084399632045 0.006300449371337891 0.026578222002301897 0.052100762724876404
0 0.2846629960196359 0.5468006134033203 0.009450384548732213 0.03237799235752651 0.051007263362407684
0 0.10400995186397008 0.5335641929081508 0.006917076451437814 0.03255462646484375 0.050833821296691895
0 0.907435417175293 0.5534130505153111 0.009256703513009208 0.022397381918770925 0.050518013536930084
0 0.4158714158194406 0.5195020266941616 0.005945375987461635 0.027156761714390347 0.050216931849718094
