0 0.3323747089930943 0.5430638449532645 0.009654760360717773 0.04057587896074567 0.6297541260719299
0 0.3367822510855539 0.5432380608149937 0.010347740990774972 0.0394197872706822 0.6268505454063416
0 0.3266432966504778 0.5428292070116315 0.009374073573521205 0.04125322614397321 0.6236979961395264
0 0.3419046401977539 0.5391786439078194 0.009692839213779994 0.04031831877572196 0.6151819229125977
0 0.32222587721688406 0.5427045822143555 0.009299005780901228 0.0377039909362793 0.6151342391967773
0 0.34062910079956055 0.5516268185206822 0.009670564106532506 0.025037969861711775 0.6086897850036621
0 0.34674842017037527 0.5414466517312186 0.01069603647504534 0.04040840693882534 0.5577197670936584
0 0.35176290784563335 0.5413461412702288 0.010581527437482561 0.040629420961652486 0.39332494139671326
0 0.23092750140598842 0.5450835568564278 0.009462237358093262 0.0336939947945731 0.28724125027656555
0 0.2262392384665353 0.5459622655596051 0.010268126215253557 0.03260108402797154 0.28232061862945557
0 0.2216017586844308 0.546034744807652 0.010201794760567802 0.033037934984479635 0.25091472268104553
0 0.23602521419525146 0.544776371547154 0.009142535073416573 0.03413278715951102 0.2309161126613617
0 0.33103929247174946 0.527587856565203 0.0075267042432512555 0.04665524618966239 0.20229144394397736
0 0.3155041081564767 0.5399668897901263 0.0091073853628976 0.039595535823277066 0.19818569719791412
0 0.9593426840645927 0.5378493922097343 0.00861147471836635 0.04176814215523856 0.17690636217594147
0 0.9629531587873187 0.5380259241376605 0.00831951413835798 0.0415168149130685 0.16112858057022095
0 0.3577090672084263 0.5413617406572614 0.01045952524457659 0.040837151663643975 0.14691446721553802
0 0.21617960929870605 0.5471938337598529 0.010037575449262346 0.03167976651872907 0.14255931973457336
0 0.9555774416242327 0.5393260206495013 0.007307938167027065 0.04121106011526925 0.13801178336143494
0 0.1892861979348319 0.5480144364493233 0.009468419211251395 0.031687838690621514 0.1290537267923355
0 0.2403155735560826 0.544947760445731 0.009267193930489677 0.03389402798243931 0.12771017849445343
0 0.9608673368181501 0.5265685490199498 0.006847994668143136 0.0324620178767613 0.12703266739845276
0 0.18389676298413957 0.5481031281607491 0.00952911376953125 0.031430959701538086 0.12512440979480743
0 0.16120709691728866 0.5475667204175677 0.009284717696053641 0.03183126449584961 0.12180928885936737
0 0.9652731759207589 0.5261635099138532 0.006909166063581195 0.03152040072849819 0.11913545429706573
0 0.9674806594848633 0.5393891334533691 0.007632323673793248 0.04031252861022949 0.11178575456142426
0 0.179432817867824 0.5480645043509347 0.009545292173113142 0.03138930456978934 0.1091277003288269
0 0.9577702113560268 0.5274233136858258 0.006777831486293248 0.03355751718793597 0.10730184614658356
0 0.6016160420009068 0.5421155180249896 0.008778776441301619 0.03710705893380301 0.10377442091703415
0 0.16609294073922293 0.5479907989501953 0.009340235165187291 0.03148160661969866 0.09881517291069031
0 0.5953538077218192 0.5416861942836216 0.008700575147356306 0.03704108510698591 0.09736722707748413
0 0.6058593477521624 0.5421600001198905 0.008847713470458984 0.0372030394417899 0.09600374102592468
0 0.3384687900543213 0.5274063859667096 0.007434231894356864 0.04721975326538086 0.09250287711620331
0 0.1948345388684954 0.547860997063773 0.009650536945887975 0.0318476813180106 0.09154348075389862
0 0.12080304963248116 0.5443102291652134 0.008822023868560791 0.03491319928850446 0.08961968868970871
0 0.17468043736049108 0.5480427742004395 0.009486964770725794 0.03141304424830845 0.0882626622915268
0 0.590467997959682 0.5405340875898089 0.008674144744873047 0.0391690731048584 0.08746758103370667
0 0.5396712848118373 0.5210594449724469 0.0060313429151262555 0.025122812816074917 0.08726543188095093
0 0.6108345304216657 0.5421591145651681 0.008860656193324499 0.037340641021728516 0.08616235852241516
0 0.9706307138715472 0.530505725315639 0.007522719247000558 0.03617010797773089 0.08427200466394424
0 0.5359051908765521 0.5201498099735805 0.005751473563058036 0.02294724328177316 0.08338412642478943
0 0.15762645857674734 0.5429112570626395 0.009220532008579798 0.04097717148917062 0.08321325480937958
0 0.15389350482395717 0.5458107675824847 0.009225198200770788 0.034488984516688755 0.08258173614740372
0 0.17028868198394775 0.5481454304286412 0.00940666879926409 0.031381777354649136 0.08244838565587997
0 0.12640811715807235 0.5446711948939732 0.009135680539267403 0.03475533212934222 0.08048420399427414
0 0.544351509639195 0.5212085587637765 0.006132943289620536 0.025960615703037808 0.07945329695940018
0 0.3108002117701939 0.543306657246181 0.009310824530465263 0.03706496102469308 0.07886312156915665
0 0.11589092867715019 0.5436348233904157 0.008324989250728063 0.035019363675798686 0.07870981842279434
0 0.0642546032156263 0.5343738283429827 0.006823607853480748 0.03328047479901995 0.0763632133603096
0 0.5420015198843819 0.5259528160095215 0.006669623511178153 0.029157536370413645 0.07609676569700241
0 0.9513222830636161 0.5394448212214878 0.007254668644496373 0.041376863207135885 0.07593202590942383
0 0.13142144680023193 0.544640132359096 0.009162706988198417 0.0348778452192034 0.07459324598312378
0 0.5497947420392718 0.5264722279139927 0.006786414555140904 0.029700381415230886 0.0725184753537178
0 0.06695008703640529 0.5308633531842913 0.00667745726449149 0.03116583824157715 0.07153656333684921
0 0.6153220449175153 0.5424984523228237 0.008853503635951452 0.0369938782283238 0.07093055546283722
0 0.5844436373029437 0.5400784696851458 0.008426870618547713 0.040191786629813056 0.07015766203403473
0 0.06963920593261719 0.5371037891932896 0.007109812327793666 0.035415751593453546 0.06967632472515106
0 0.5927284785679409 0.5310797691345215 0.007472310747419085 0.03941702842712402 0.06927312165498734
0 0.06116639716284616 0.5341150420052665 0.006787815264293126 0.03336058344159808 0.06872077286243439
0 0.5477181843348912 0.5212687083653041 0.006108113697596959 0.026193618774414062 0.06784383952617645
0 0.07308447360992432 0.5372652326311383 0.007069144930158343 0.03515533038548061 0.06623254716396332
0 0.5316502366747174 0.5199990953717913 0.005757604326520648 0.022467340741838728 0.06601390987634659
0 0.537794862474714 0.5161769730704171 0.0053915636880057195 0.022219147000994 0.06386730819940567
0 0.9759839602879116 0.5488396031515939 0.007554054260253906 0.02888754435947963 0.06350205093622208
0 0.24601740496499197 0.5450523921421596 0.009277956826346261 0.033891848155430386 0.06158704310655594
0 0.13440935952322824 0.5503713062831334 0.008774493421827043 0.02354611669267927 0.06041426211595535
0 0.5791207722255162 0.5376806940351214 0.008256231035505022 0.03873017856052944 0.0599227212369442
0 0.5976592472621373 0.5313693455287388 0.007479872022356305 0.04032949038914272 0.05926584452390671
0 0.07617683921541486 0.5374320915767125 0.007070285933358329 0.03518424715314593 0.05915563553571701
0 0.6196877615792411 0.5430783544267926 0.00878770010811942 0.03622078895568848 0.057259730994701385
0 0.5519969122750419 0.5333757059914725 0.007973023823329381 0.037299701145717075 0.05627400800585747
0 0.209608861378261 0.5461531366620745 0.01003680910382952 0.033987419945853095 0.05626436322927475
0 0.37386666025434223 0.538677488054548 0.009713445390973772 0.03938436508178711 0.056195009499788284
0 0.586430549621582 0.5306238106318882 0.007310935429164341 0.03740692138671875 0.05580592527985573
0 0.9479093551635742 0.539938041142055 0.007145404815673828 0.04125700678144183 0.05533779039978981
0 0.5269453184945243 0.5154168265206474 0.0049130916595458984 0.01943182945251465 0.055166468024253845
0 0.07239007949829102 0.5264562879289899 0.005896593843187604 0.02568207468305315 0.055119588971138
0 0.9684624671936035 0.5221316473824638 0.0059969765799386164 0.02984091213771275 0.05508783832192421
0 0.22965894426618302 0.5550071171351841 0.009251100676400321 0.020031418119158064 0.053068067878484726
0 0.1371901375906808 0.5447899273463658 0.009142185960497175 0.03488234111240932 0.05215448513627052
0 0.36373887743268696 0.5414391926356724 0.010423421859741211 0.04099045481000628 0.052022065967321396
0 0.20090082713535853 0.5475984982081822 0.009997521127973284 0.0318481581551688 0.05153539031744003
0 0.5753517150878906 0.5374757902962821 0.008197375706263952 0.038914339882986884 0.05123792961239815
0 0.11010886941637311 0.5428906168256488 0.00797870329448155 0.03540887151445661 0.05093007907271385
0 0.5557805470057896 0.5303295680454799 0.007606881005423409 0.035536187035696845 0.05029841512441635
0 0.37788098199026926 0.540510858808245 0.00963691302708217 0.0394859995160784 0.05027073621749878
