0 0.16151913574763707 0.5454375403267997 0.009741851261683874 0.033072199140276225 0.24513453245162964
0 0.16632229941231863 0.5454015731811523 0.009549362318856376 0.03355332783290318 0.22314345836639404
0 0.1567190374646868 0.5453894478934151 0.009668145860944475 0.03428581782749721 0.18589754402637482
0 0.17361230509621756 0.5452183314732143 0.009470054081508092 0.03377304758344378 0.1419501155614853
0 0.09392828600747245 0.5434698377336774 0.007931785924094064 0.03316834994724819 0.11561321467161179
0 0.17819949558803014 0.5435374464307513 0.009460364069257463 0.03524500983101981 0.10569468885660172
0 0.548445565359933 0.5208295413425991 0.005539860044206891 0.025736774717058455 0.100682333111763
0 0.09791300977979388 0.5377552168709892 0.007151356765202114 0.03345452036176409 0.10038306564092636
0 0.10108951159885951 0.5435812813895089 0.00803452730178833 0.03331109455653599 0.0968158170580864
0 0.1528407164982387 0.5398285729544503 0.0095968416758946 0.042105640683855326 0.09666626900434494
0 0.5547782352992466 0.5263504300798688 0.0063822269439697266 0.030110631670270647 0.09619345515966415
0 0.5452000073024205 0.520700182233538 0.005549294607979911 0.0256500244140625 0.09484804421663284
0 0.5519875798906598 0.5209475925990513 0.0055604662214006695 0.025871447154453824 0.09357068687677383
0 0.1484957081930978 0.5451654025486538 0.009587424142020089 0.03459099360874721 0.09262566268444061
0 0.08856414045606341 0.5431803635188511 0.007734434945242745 0.03275993892124721 0.09036236256361008
0 0.18250485828944615 0.5453001090458461 0.009495241301400321 0.03323868342808315 0.08546693623065948
0 0.5416399410792759 0.520620482308524 0.005585738590785435 0.025566816329956055 0.08218126744031906
0 0.5595527717045375 0.5303625379289899 0.0073533739362444195 0.03559075083051409 0.08104424923658371
0 0.5504509721483503 0.5328783307756696 0.007816314697265625 0.03906975473676409 0.080653116106987
0 0.10600566864013672 0.5437589372907367 0.00816190242767334 0.033570323671613424 0.07986348122358322
0 0.5704441070556641 0.5392920630318778 0.008461100714547294 0.0407067026410784 0.07852399349212646
0 0.0852731466293335 0.5403082030160087 0.007301202842167446 0.03279192107064383 0.07769868522882462
0 0.5468826293945312 0.5290703092302594 0.007408687046595982 0.03685355186462402 0.07708209753036499
0 0.5740718841552734 0.5394808905465263 0.008426223482404436 0.04087798936026437 0.0759594589471817
0 0.6160312380109515 0.5428732463291713 0.00912468773978097 0.03725259644644601 0.07413004338741302
0 0.09108256442206246 0.5339723655155727 0.006711687360491071 0.03298521041870117 0.07379081845283508
0 0.051440221922738213 0.5253372873578753 0.0046613216400146484 0.022469486509050642 0.07237718999385834
0 0.38787719181605745 0.5431703158787319 0.007862227303641183 0.034258365631103516 0.07106692343950272
0 0.6202487945556641 0.5430051939828056 0.009097303662981306 0.03700368744986398 0.07016036659479141
0 0.562887259892055 0.5366300855364118 0.00816805022103446 0.040207079478672574 0.0700632780790329
0 0.11191608224596296 0.5439692905970982 0.008383887154715402 0.0339205265045166 0.06866203993558884
0 0.6119086401803153 0.5427623476300921 0.009129456111363001 0.037571259907313755 0.06842955201864243
0 0.05373789582933698 0.5254488331930978 0.004679803337369647 0.022742612021309987 0.06794363260269165
0 0.3842081342424665 0.5445781094687325 0.008380583354404994 0.034918512616838725 0.06745582818984985
0 0.11936025108609881 0.544342006955828 0.008929405893598284 0.03419297082083566 0.06677493453025818
0 0.5662566593715123 0.5390770094735282 0.008459465844290597 0.04076027870178223 0.06623117625713348
0 0.08224119458879743 0.5399235316685268 0.0070398109299795964 0.03237686838422503 0.06614243239164352
0 0.1911210332598005 0.5453335898263114 0.009655731064932687 0.0326348032270159 0.06574451923370361
0 0.380910907472883 0.5431881291525704 0.007861001150948661 0.034252166748046875 0.06489381939172745
0 0.5500917434692383 0.5163769721984863 0.005034787314278739 0.023196050098964145 0.0639016330242157
0 0.5390067781720843 0.5159286090305873 0.004846436636788505 0.02227783203125 0.062349703162908554
0 0.14204363312040055 0.5450856685638428 0.00957960741860526 0.03457069396972656 0.06127049773931503
0 0.536689281463623 0.5157520771026611 0.00480546270098005 0.021675722939627513 0.06060216203331947
0 0.534374441419329 0.5239110333578927 0.00594987188066755 0.025662149701799666 0.06027735397219658
0 0.3926779883248465 0.5428718158176967 0.007837772369384766 0.03402740614754813 0.05952088162302971
0 0.6079957144601005 0.5427567618233817 0.009071690695626395 0.037962879453386576 0.05909816548228264
0 0.6261608941214425 0.5437219142913818 0.009137834821428572 0.03596694128853934 0.05838461592793465
0 0.5340768950326102 0.5155539512634277 0.004712206976754325 0.020877599716186523 0.05797741189599037
0 0.5782724108014788 0.5396108286721366 0.008385453905378069 0.041129861559186666 0.057863786816596985
0 0.046843145574842183 0.5243567739214215 0.0047603803021567205 0.02429498944963728 0.05676328018307686
0 0.12674665451049805 0.5447002479008266 0.009350487164088659 0.03443084444318499 0.056539423763751984
0 0.048568504197256904 0.5198061806815011 0.0038739911147526334 0.019531045641217912 0.054510436952114105
0 0.39603887285505024 0.5397884505135673 0.0070275238582066125 0.031834500176565986 0.054172806441783905
0 0.5303820201328823 0.51526825768607 0.0045011043548583984 0.01961547987801688 0.05411849170923233
0 0.05860428299222674 0.5257665770394462 0.004814032997403826 0.022899321147373745 0.05383409559726715
0 0.40621818814958843 0.5388824599129813 0.0069468702588762555 0.03170609474182129 0.053631555289030075
0 0.09733905111040388 0.5492799622671944 0.008832412106650216 0.02768118040902274 0.05335591360926628
0 0.07921212911605835 0.5395285061427525 0.006774953433445522 0.03188249043055943 0.05299743264913559
0 0.6303674152919224 0.544445105961391 0.009129456111363001 0.035142523901803155 0.05285026878118515
0 0.12318137713841029 0.5387347766331264 0.008530897753579276 0.04076354844229562 0.05242667347192764
0 0.5613998004368373 0.5211283820016044 0.006094455718994141 0.02782515117100307 0.052199866622686386
0 0.050318896770477295 0.5199380942753383 0.00389708365712847 0.01969637189592634 0.05143458768725395
0 0.4027740614754813 0.5392695835658482 0.0069457122257777625 0.03151903833661761 0.051132820546627045
0 0.409301825932094 0.5356903076171875 0.006466899599347796 0.029594217027936662 0.050940703600645065
0 0.24276500088827951 0.5455589294433594 0.0097700868334089 0.03164502552577427 0.050025418400764465
