0 0.1725951944078718 0.5442133290427071 0.010083658354622977 0.03475522994995117 0.17275479435920715
0 0.16629445552825928 0.5442192213875907 0.00999859401157924 0.03492133957999093 0.15934202075004578
0 0.9543585096086774 0.53901549748012 0.007100990840366909 0.03729162897382464 0.15206634998321533
0 0.9512630190168109 0.5410351072038923 0.007269246237618583 0.03782057762145996 0.14314213395118713
0 0.9611586843218122 0.5331079959869385 0.006988934108189174 0.03489112854003906 0.13894234597682953
0 0.9472642626081195 0.5418223312922886 0.007343155997140067 0.03751945495605469 0.13521789014339447
0 0.10783834116799491 0.5422970226832798 0.007952460220881872 0.03643430982317243 0.1302044540643692
0 0.179950407573155 0.5442320278712681 0.010087779590061732 0.03491381236485073 0.12728071212768555
0 0.9632552010672433 0.5413561548505511 0.008044447217668806 0.039439303534371514 0.12562112510204315
0 0.9581657137189593 0.5468824250357491 0.00744213376726423 0.02871741567339216 0.1235392838716507
0 0.161578859601702 0.5415667125156948 0.009564621107918876 0.039151089532034736 0.11908453702926636
0 0.9429521560668945 0.5419554710388184 0.007373332977294922 0.037308454513549805 0.11799626797437668
0 0.10422245945249285 0.5422041416168213 0.007908974375043596 0.03611305781773159 0.11583999544382095
0 0.9577932357788086 0.5323057855878558 0.006613527025495257 0.03275602204459054 0.10379453003406525
0 0.11165589945656913 0.5432253565107074 0.008927081312452043 0.038052150181361606 0.1037648543715477
0 0.10078136410032 0.5420684814453125 0.007868409156799316 0.03602681841169085 0.10018838196992874
0 0.5514278752463204 0.5326328958783831 0.00825357437133789 0.0400303772517613 0.09852773696184158
0 0.18797758647373744 0.5446378844124931 0.009939874921526228 0.03495247023446219 0.09778756648302078
0 0.15769668987819127 0.543790170124599 0.009406226021902902 0.03610399791172573 0.09528975933790207
0 0.5478869165693011 0.5291188785008022 0.00797997202192034 0.0377044677734375 0.09297220408916473
0 0.9646949086870465 0.527869531086513 0.006092207772391183 0.028626305716378347 0.09286227822303772
0 0.11564771618161883 0.5429463386535645 0.008879644530160087 0.03683951922825405 0.09144872426986694
0 0.5440047468457904 0.5263795852661133 0.007200717926025391 0.03214522770472935 0.08830194920301437
0 0.18380059514726912 0.539445059640067 0.009962081909179688 0.042191539491925924 0.08787359297275543
0 0.8517130443028041 0.5457047053745815 0.00878552028111049 0.035029241016932895 0.0858578085899353
0 0.09675800800323486 0.5420452867235456 0.007891510214124407 0.03638601303100586 0.08435070514678955
0 0.1934960229056222 0.545055661882673 0.009873356137956892 0.03452607563563755 0.07891713082790375
0 0.27214348316192627 0.5458454404558454 0.010060548782348633 0.03420431273324149 0.07803039997816086
0 0.8597709110804966 0.5475989750453404 0.00888477052961077 0.03258279391697475 0.07693926244974136
0 0.9682634898594448 0.527054991040911 0.005411079951695034 0.027477570942470005 0.07662428170442581
0 0.9366876057216099 0.5429301943097796 0.007388591766357422 0.0363133294241769 0.07627832144498825
0 0.5399289131164551 0.5259303365434919 0.007223435810634068 0.03199035780770438 0.07355576753616333
0 0.8552007675170898 0.5424041407448905 0.00861569813319615 0.04182563509259905 0.07331721484661102
0 0.2644692489079067 0.5458086558750698 0.009985157421657018 0.03425942148481097 0.07322683185338974
0 0.09293758869171143 0.541858434677124 0.007847913673945836 0.0368894168308803 0.07041668891906738
0 0.5564233916146415 0.5348340443202427 0.008571318217686244 0.04313288416181292 0.07020355761051178
0 0.07028245074408394 0.5353586333138602 0.005999548094613212 0.031756230763026645 0.06718359142541885
0 0.06727029170308794 0.5349937166486468 0.005955057484763009 0.0315361704145159 0.06478159874677658
0 0.8469431740897042 0.545518125806536 0.008801119668143136 0.03449089186532157 0.062141843140125275
0 0.07605760438101632 0.5359198025294712 0.006136570658002581 0.03227744783673968 0.06155416741967201
0 0.269582952771868 0.552302633013044 0.009762849126543318 0.02181741169520787 0.06142646074295044
0 0.09099796840122767 0.5332582337515694 0.006656536034175328 0.033375297273908346 0.06102549284696579
0 0.07259549413408552 0.5319009508405413 0.005669785397393363 0.029598542622157505 0.06035604700446129
0 0.683856759752546 0.5442496708461216 0.009840829031808036 0.037692104067121236 0.06001105159521103
0 0.5376973152160645 0.5211287225995745 0.006494079317365374 0.027973243168422153 0.05979124829173088
0 0.2597159317561558 0.5456927844456264 0.009976506233215332 0.03434845379420689 0.059745024889707565
0 0.9403095245361328 0.5367633274623326 0.0075430188860212055 0.03921117101396833 0.058524660766124725
0 0.12339692456381661 0.5432037625994001 0.009096946035112654 0.03679040500095913 0.05838035047054291
0 0.06178207056862967 0.5310173034667969 0.0056186957018716 0.029641900743756975 0.0583730973303318
0 0.2789392130715506 0.5457478250776019 0.009901625769478934 0.034346001488821845 0.05785743147134781
0 0.2685398374285017 0.5398777553013393 0.010104945727757044 0.04240952219281878 0.057565271854400635
0 0.06489056348800659 0.5312996591840472 0.005630667720522199 0.029710088457380022 0.05748754367232323
0 0.5345572062901088 0.5208851609911237 0.006478650229317802 0.027690342494419644 0.057401444762945175
0 0.08893627779824394 0.5416210719517299 0.007802162851606097 0.037288154874529154 0.05732326582074165
0 0.21574085099356516 0.5455901282174247 0.009764977863856725 0.034203563417707174 0.05731749162077904
0 0.09730253900800433 0.5299457141331264 0.0062456556728908 0.032458645956856866 0.05715978518128395
0 0.5284251826150077 0.5154881817953927 0.004803793770926339 0.020151819501604353 0.056144751608371735
0 0.691075325012207 0.5438055992126465 0.009948934827532088 0.03695075852530343 0.056025248020887375
0 0.08661666086741857 0.5329911368233817 0.006473405020577567 0.033218247549874444 0.055737562477588654
0 0.2201981885092599 0.5455938407352993 0.009757229260035924 0.03420250756399972 0.055683620274066925
0 0.8627872467041016 0.5524065494537354 0.008946282523018973 0.022447586059570312 0.055191416293382645
0 0.19967969826289586 0.5453497001102993 0.00985966409955706 0.03432260240827288 0.054724693298339844
0 0.6872844014848981 0.5502377918788365 0.009964397975376673 0.025467702320643833 0.054500121623277664
0 0.0835589851651873 0.5392376695360456 0.007214299270084926 0.03640256609235491 0.05433687940239906
0 0.2109321015221732 0.545621224812099 0.009840658732822962 0.03418077741350446 0.054283883422613144
0 0.08045231444495064 0.5388534409659249 0.006772569247654506 0.03555389813014439 0.05390628054738045
0 0.057432242802211216 0.5262698105403355 0.004811393363135201 0.023846421922956194 0.05379432812333107
0 0.560075078691755 0.5365093776157924 0.008957999093191964 0.044549022402082174 0.05371454358100891
0 0.35099717548915316 0.5437728336879185 0.009003196443830217 0.03565301213945661 0.05368191748857498
0 0.22634805951799666 0.5456157752445766 0.009796994073050362 0.034121309007917135 0.05361183360219002
0 0.15209160532270158 0.5435652732849121 0.009170310837881905 0.036822693688528876 0.05317133665084839
0 0.6981489998953683 0.5436653409685407 0.009849343981061662 0.03666199956621442 0.05313437059521675
0 0.9314983912876674 0.5440155438014439 0.007873671395438058 0.034765379769461494 0.05291207879781723
0 0.05366880553109305 0.5258423941476005 0.004885103021349225 0.023235457284109935 0.0522579587996006
0 0.7025097438267299 0.5424581595829555 0.009562832968575614 0.03802497046334403 0.052149880677461624
0 0.3469721930367606 0.5439590726579938 0.009050743920462472 0.03548468862261091 0.05192616209387779
0 0.5246133123125348 0.5195703506469727 0.005598000117710659 0.023049320493425642 0.05185660719871521
0 0.41315453393118723 0.5301029682159424 0.00677558353969029 0.030224391392299106 0.05128392204642296
