0 0.5670984813145229 0.5387651239122663 0.009060893739972795 0.04264579500470843 0.3573671281337738
0 0.5701078687395368 0.539050987788609 0.009132249014718192 0.04160148756844657 0.33044201135635376
0 0.5628307206290108 0.5391599110194615 0.009196860449654716 0.04317137173243931 0.187546044588089
0 0.5734356471470424 0.5389101164681571 0.009178127561296736 0.040483713150024414 0.17899923026561737
0 0.929725102015904 0.5410480158669608 0.009294441768101283 0.04036242621285575 0.16109679639339447
0 0.9256657191685268 0.5415035315922329 0.009246213095528739 0.04011644635881696 0.12285784631967545
0 0.5780958448137555 0.5400199208940778 0.009312493460518973 0.04229140281677246 0.12235809862613678
0 0.9514154025486538 0.537447316305978 0.007143701825823102 0.0355262075151716 0.10436102002859116
0 0.5842734745570591 0.5404091562543597 0.00956174305507115 0.04159096309116909 0.08978704363107681
0 0.9337736538478306 0.5423557417733329 0.008504458836146764 0.038186345781598775 0.08673862367868423
0 0.39510457856314524 0.5356616633278983 0.0076446533203125 0.03166280473981585 0.08593323826789856
0 0.1330007825578962 0.5467724800109863 0.007468777043478829 0.030966247831072127 0.06918460130691528
0 0.9651139804295131 0.5274730750492641 0.006268501281738281 0.03015266145978655 0.065596804022789
0 0.9459043230329242 0.5415190287998745 0.008393423897879464 0.03783025060381208 0.0637977346777916
0 0.9413621766226632 0.541461569922311 0.008527074541364397 0.03833062308175223 0.06251178681850433
0 0.9207653318132673 0.5415397030966622 0.009218897138323103 0.0412686892918178 0.06160295754671097
0 0.14336538314819336 0.547065258026123 0.0077163151332310265 0.030498266220092773 0.06132275238633156
0 0.9377722058977399 0.541867903300694 0.008455821446010045 0.038202762603759766 0.06066993996500969
0 0.14600116865975515 0.547316142490932 0.007688283920288086 0.03031127793448312 0.060187630355358124
0 0.9490415028163365 0.539689268384661 0.008449418204171317 0.038158110209873745 0.055081821978092194
0 0.5422494070870536 0.5323829991476876 0.007684401103428432 0.03322526386805943 0.05007140710949898
