0 0.5575246129717145 0.526341165815081 0.006884098052978516 0.030940021787370955 0.5750501751899719
0 0.5515591757638114 0.5343059131077358 0.00760575703212193 0.04004982539585659 0.43588986992836
0 0.5538225855146136 0.5370381559644427 0.007910013198852539 0.04118599210466657 0.30760735273361206
0 0.5491300651005336 0.5304581097194127 0.007649626050676618 0.039225918906075616 0.16455262899398804
0 0.5583222934177944 0.5391054834638324 0.008121728897094727 0.04055878094264439 0.15405361354351044
0 0.560558557510376 0.5307789870670864 0.007675102778843471 0.03860534940447126 0.13968557119369507
0 0.9664897237505231 0.5284620353153774 0.005239077976771763 0.02793938773018973 0.09001479297876358
0 0.3749994550432478 0.5353785923549107 0.007444007056100028 0.03228729111807687 0.07966896146535873
0 0.39620975085667204 0.5360278742653983 0.006921700068882534 0.0308138302394322 0.07913946360349655
0 0.5445843424115863 0.5332822799682617 0.007611615317208427 0.036214896610804966 0.07452426105737686
0 0.3708620752607073 0.535571847643171 0.0077429839542933875 0.032098940440586636 0.07185029983520508
0 0.4019073077610561 0.5352879932948521 0.006766046796526227 0.030313185283115933 0.05853898450732231
0 0.54744781766619 0.5205456869942802 0.005709716251918248 0.024548939296177456 0.05480107292532921
0 0.9587460926600865 0.5362693922860282 0.006689480372837612 0.03292046274457659 0.054772473871707916
0 0.9712185178484235 0.5283172471182687 0.005329268319266183 0.026796034404209683 0.051542215049266815
