0 0.931950569152832 0.5431902749197823 0.008210931505475725 0.0371509279523577 0.30384552478790283
0 0.9353019850594657 0.5411192349025181 0.007907731192452567 0.03750814710344587 0.27789655327796936
0 0.9280364853995187 0.5448634283883231 0.008552278791155134 0.03456473350524902 0.26601946353912354
0 0.9400794846670968 0.5410308837890625 0.00800473349434989 0.03722592762538365 0.22082985937595367
0 0.9236736297607422 0.5441488538469587 0.008488314492361886 0.03509661129542759 0.19900481402873993
0 0.9442627089364188 0.5409521375383649 0.008069719587053572 0.037320034844534736 0.17755386233329773
0 0.9487543106079102 0.5409539427076068 0.008075509752546037 0.03740882873535156 0.15300005674362183
0 0.9532217298235212 0.5404325553349086 0.008328233446393694 0.03987489427839007 0.14876537024974823
0 0.960369382585798 0.5404707363673619 0.007911205291748047 0.040719849722726006 0.1305396407842636
0 0.9569046156747001 0.5358725956508091 0.007761955261230469 0.03880272592817034 0.12575505673885345
0 0.918712888445173 0.5442819595336914 0.008517333439418249 0.034897054944719584 0.12343469262123108
0 0.5522674833025251 0.5271001543317523 0.006830896650041852 0.031434638159615655 0.10964138060808182
0 0.9645342826843262 0.5413345609392438 0.007427215576171875 0.03969543320792062 0.10824025422334671
0 0.5568185193198067 0.5303757190704346 0.007742609296526227 0.036828926631382534 0.09939738363027573
0 0.604118892124721 0.5419393266950335 0.009126050131661552 0.03854499544416155 0.09879988431930542
0 0.9299723761422294 0.5331497192382812 0.007600852421351841 0.04110877854483468 0.09668964892625809
0 0.6087653977530343 0.5420750209263393 0.009083339146205358 0.038667849131992886 0.09314021468162537
0 0.5599316869463239 0.53404130254473 0.008151531219482422 0.03846665791102818 0.09062378108501434
0 0.5447863510676793 0.5210587637765067 0.00601128169468471 0.025752408163888112 0.08513931930065155
0 0.9130822590419224 0.5445083890642438 0.008605343954903739 0.03454170908246722 0.08369351178407669
0 0.5421724319458008 0.5208940165383475 0.00599745341709682 0.025302955082484653 0.08238236606121063
0 0.5494061878749302 0.5217557634626117 0.006066356386457171 0.02707174846104213 0.08153688907623291
0 0.5996582848685128 0.5414573805672782 0.009060314723423548 0.038980722427368164 0.07552001625299454
0 0.9072169576372419 0.5446897234235492 0.008637428283691406 0.03439368520464216 0.07447487860918045
0 0.33474888120378765 0.5449256215776715 0.008530684879847936 0.0332028865814209 0.07395895570516586
0 0.32758842195783344 0.5456333160400391 0.008748701640537806 0.032745225088936944 0.07270751893520355
0 0.08323418242590767 0.5424117360796247 0.007204430443899972 0.03269226210457938 0.07104770094156265
0 0.39367709841047016 0.5449075017656598 0.008622986929757255 0.02925252914428711 0.07059267163276672
0 0.9020477022443499 0.5449479307447161 0.0085928099496024 0.03433282034737723 0.07029755413532257
0 0.3754022462027414 0.5410161358969552 0.008221524102347237 0.03557579857962472 0.06852681189775467
0 0.33840547289167133 0.5446913582938058 0.008568934031895228 0.03310135432652065 0.06776602566242218
0 0.3892631530761719 0.5408078602382115 0.008380140577043806 0.03577944210597447 0.06769219785928726
0 0.6136143548148019 0.5422377586364746 0.009075369153703963 0.03869012423924038 0.06709595024585724
0 0.0891088673046657 0.5427817957741874 0.007180401257106236 0.033011981419154575 0.06619437783956528
0 0.5747926575796944 0.5395093645368304 0.008816957473754883 0.04128684316362653 0.06590505689382553
0 0.5786220005580357 0.5395973069327218 0.008837836129324777 0.04146150180271694 0.06530820578336716
0 0.5548559597560337 0.522557258605957 0.005983148302350726 0.028570175170898438 0.06441805511713028
0 0.38038509232657297 0.5409666129520961 0.008232525416782923 0.035548346383231025 0.06350349634885788
0 0.7610124860491071 0.5458124705723354 0.009651797158377511 0.03393197059631348 0.06318622082471848
0 0.96717255456107 0.5334680421011788 0.0069495609828404015 0.03739394460405622 0.06224182993173599
0 0.38490309034075054 0.5408496175493512 0.008301360266549247 0.03568046433585031 0.062182191759347916
0 0.7569878441946847 0.5469825608389718 0.009546007428850447 0.032200983592442105 0.061569761484861374
0 0.3534176690237863 0.5443619319370815 0.008715902056012834 0.03283820833478655 0.061223216354846954
0 0.5655295508248466 0.5371182986668178 0.008566209248134069 0.03999757766723633 0.060729920864105225
0 0.3690573147365025 0.5421022687639508 0.00820371082850865 0.0345940249306815 0.06060531735420227
0 0.33075312205723356 0.5414372852870396 0.008406673158918108 0.03768828936985561 0.05908656120300293
0 0.5382847785949707 0.5245153563363212 0.006580863680158343 0.027993474687848772 0.058976225554943085
0 0.5710089547293526 0.5394834450313023 0.008783783231462752 0.04122986112322126 0.05870460718870163
0 0.5394830703735352 0.5161895070757184 0.005243165152413505 0.022007533482142856 0.05849379673600197
0 0.0806366034916469 0.5395055498395648 0.006547170025961739 0.03085592814854213 0.058467797935009
0 0.3433741841997419 0.544569866997855 0.008620670863560267 0.03302710396902902 0.05760302394628525
0 0.34849769728524344 0.5444537571498326 0.008681365421840124 0.032874345779418945 0.057071954011917114
0 0.8968189784458706 0.5452087266104562 0.008544785635811942 0.0340700490134103 0.05683966726064682
0 0.8534014565604073 0.5479113715035575 0.00892087391444615 0.0306854248046875 0.056832071393728256
0 0.5831930977957589 0.5368586608341762 0.008112430572509766 0.039662020547049384 0.05680133402347565
0 0.35906451089041574 0.5438535554068429 0.008571692875453405 0.03319144248962402 0.055476970970630646
0 0.3219081333705357 0.5459746633257184 0.008951493671962194 0.03242720876421247 0.055384598672389984
0 0.5367553574698312 0.5159275872366769 0.005096537726266044 0.02100447246006557 0.05535439774394035
0 0.6412111691066197 0.5444872719900948 0.009453637259347098 0.03542702538626535 0.055251169949769974
0 0.3960174833025251 0.5340674945286342 0.007240125111171177 0.032021795000348775 0.05498209223151207
0 0.5958038057599749 0.5409787722996303 0.008926119123186384 0.03962898254394531 0.0548076257109642
0 0.765573365347726 0.5472309248788017 0.009422438485281808 0.032120977129255025 0.05478118360042572
0 0.0930767570223127 0.5428668430873326 0.0071203793798174176 0.03308074814932687 0.05450398847460747
0 0.8573530742100307 0.5480095999581474 0.008858476366315569 0.0308051449911935 0.054114703088998795
0 0.39210483006068636 0.5342467853001186 0.007282120840890067 0.03227066993713379 0.05356484651565552
0 0.3645158495221819 0.5431107112339565 0.008330379213605608 0.03383919170924595 0.05341581627726555
0 0.6473947933741978 0.5448332173483712 0.009579794747488839 0.03496667316981724 0.05285478010773659
0 0.07845283406121391 0.5478203977857318 0.007695555686950684 0.025527136666434153 0.05203448235988617
0 0.8490210941859654 0.54779999596732 0.008896487099783761 0.030636378696986606 0.05146397650241852
0 0.6351551328386579 0.5440186091831752 0.009289196559361048 0.036174161093575616 0.05110633000731468
0 0.39933851787022184 0.5338521003723145 0.007201705660138812 0.03171018191746303 0.050586070865392685
0 0.5475458077022007 0.5167224066598075 0.005271979740687779 0.022886412484305247 0.05026199296116829
