0 0.5506596565246582 0.5271996089390346 0.007975544248308455 0.04765847751072475 0.642571747303009
0 0.546992267881121 0.5238971369607108 0.007415294647216797 0.04160356521606445 0.6419289112091064
0 0.5438379560198102 0.5220432962690081 0.007750000272478376 0.03880163601466587 0.6377711892127991
0 0.5565040452139718 0.5298475537981305 0.008639914648873466 0.04981657436915806 0.6358625888824463
0 0.5506774357386998 0.5128346851893834 0.006048440933227539 0.029739890779767717 0.6329672932624817
0 0.5405739375523159 0.5194414002554757 0.007474728993007115 0.03815422739301409 0.6319379806518555
0 0.5437157835279193 0.5117501190730503 0.005541324615478516 0.024560179029192244 0.6196271777153015
0 0.3402339390345982 0.5403746536799839 0.009670768465314592 0.03841406958443778 0.616407036781311
0 0.3453508104596819 0.5404143333435059 0.009704760142735072 0.03805061749049595 0.6162254214286804
0 0.5600314821515765 0.5335961069379535 0.008889777319771903 0.049750838960920064 0.6109354496002197
0 0.3356738771711077 0.5403928756713867 0.009722743715558733 0.039287022181919644 0.5987789630889893
0 0.35214015415736605 0.5405517305646624 0.009463208062308175 0.03861747469220843 0.4775962829589844
0 0.5365862846374512 0.5119138445172992 0.005601644515991211 0.02440742083958217 0.47050946950912476
0 0.5486575535365513 0.5076064722878593 0.00831907136099679 0.055127348218645365 0.4311995506286621
0 0.5350005967276437 0.5205320290156773 0.008292981556483678 0.04184647968837193 0.42805859446525574
0 0.5318496567862374 0.5192993027823312 0.006529978343418666 0.028745208467756 0.4232819080352783
0 0.5526214327130999 0.507793733051845 0.008393866675240653 0.05529900959559849 0.41730955243110657
0 0.5641214847564697 0.5341465813773019 0.008996282305036272 0.049793549946376255 0.365569144487381
0 0.3307125227791922 0.5418249879564557 0.008937903812953405 0.0380432265145438 0.35751113295555115
0 0.8285586493355888 0.541888850075858 0.008943489619663783 0.03949424198695591 0.34933966398239136
0 0.870614733014788 0.5404490402766636 0.00978503908429827 0.04442289897373745 0.34431061148643494
0 0.834209714617048 0.541722195489066 0.009141990116664342 0.03879485811505999 0.33727145195007324
0 0.8747975485665458 0.5398887906755719 0.009430272238595145 0.04629881041390555 0.31614843010902405
0 0.34294285093035015 0.5289966038295201 0.008971691131591797 0.04182744026184082 0.28772658109664917
0 0.5467409406389508 0.506328923361642 0.006200109209333148 0.032166753496442525 0.26908648014068604
0 0.5263762474060059 0.5120349270956857 0.005664042064121791 0.02457230431692941 0.26083266735076904
0 0.52443756375994 0.5157222407204765 0.005996295383998326 0.025431224278041294 0.2526961863040924
0 0.8236370086669922 0.5419604097093854 0.00941603524344308 0.03960411889212472 0.25106358528137207
0 0.5419509751456124 0.5066517761775425 0.007153613226754325 0.043598788125174384 0.24361467361450195
0 0.3262672424316406 0.5420740672520229 0.008919170924595423 0.03782704898289272 0.24291551113128662
0 0.8659616879054478 0.5415849685668945 0.010385785784040178 0.0421877247946603 0.2221652865409851
0 0.5692152295793805 0.5344935825892857 0.009014436176845006 0.04978639738900321 0.20262040197849274
0 0.35806192670549664 0.5406494821820941 0.009388821465628487 0.03864257676260812 0.2023179829120636
0 0.8406066213335309 0.5418286323547363 0.009591102600097656 0.04216143063136509 0.15968813002109528
0 0.07767843348639351 0.5358481407165527 0.006558537483215332 0.031032800674438477 0.1466037482023239
0 0.5379941122872489 0.5071971757071358 0.008622816630772181 0.05591988563537598 0.14197953045368195
0 0.3205162116459438 0.5423786299569267 0.008951936449323381 0.03751410756792341 0.13787677884101868
0 0.08236372470855713 0.5391018050057548 0.006995448044368199 0.03210622923714774 0.13333426415920258
0 0.5739857128688267 0.5353110177176339 0.00894413675580706 0.04850830350603376 0.13330739736557007
0 0.8178667340959821 0.5394267354692731 0.008953707558768136 0.03954475266592843 0.13073664903640747
0 0.09401723316737584 0.5422531536647252 0.007712389741625104 0.03363629749843052 0.12897533178329468
0 0.09022171156747001 0.542156491960798 0.007672429084777832 0.033313206263950894 0.12565772235393524
0 0.8140286036900112 0.542506490434919 0.009021009717668806 0.03868797847202846 0.1225956380367279
0 0.5278731073651995 0.5195050239562988 0.008303676332746233 0.046073470796857564 0.11948440968990326
0 0.8836688995361328 0.5400834083557129 0.009351321629115514 0.04671236446925572 0.11491085588932037
0 0.0745257990700858 0.5318106583186558 0.006199359893798828 0.029528822217668806 0.11390870809555054
0 0.07171853951045445 0.5316106932503837 0.006175356251852853 0.029087986264910017 0.11265384405851364
0 0.06426524264471871 0.5345813887459892 0.006459551198141915 0.02800638335091727 0.11195629835128784
0 0.08636478015354701 0.5421063218797956 0.007630731378282819 0.03292771748134068 0.11194897443056107
0 0.09854393345969063 0.5424583298819405 0.007713471140180316 0.03377870150974819 0.11121025681495667
0 0.3495769841330392 0.5280719484601702 0.008569649287632533 0.041843720844813755 0.10831949859857559
0 0.06908406104360308 0.5313190732683454 0.006126906190599714 0.02858437810625349 0.10803846269845963
0 0.8613632065909249 0.5417274747576032 0.010428292410714286 0.042118583406720846 0.10668737441301346
0 0.06648299523762294 0.5311244555882045 0.0060810915061405724 0.027964932577950612 0.10295137763023376
0 0.5661939893450055 0.5220824990953717 0.007940598896571569 0.041290283203125 0.1021752879023552
0 0.07291125399725777 0.5413515227181571 0.007002030100141253 0.03259413582938058 0.09409099817276001
0 0.11174472740718297 0.5438418388366699 0.00823516505105155 0.03448830332074847 0.09003203362226486
0 0.11786700146538871 0.5440457207815987 0.008298907961164202 0.034375599452427456 0.087862029671669
0 0.104715211050851 0.543043885912214 0.007735839911869594 0.03424375397818429 0.08687757700681686
0 0.5214908463614327 0.5194578851972308 0.006599255970546177 0.0285189151763916 0.08631503582000732
0 0.05890805806432452 0.5298869950430733 0.006011085850851876 0.02697443962097168 0.08627794682979584
0 0.10161612715039935 0.5477915150778634 0.008713722229003906 0.025400842939104353 0.08516035974025726
0 0.8887548446655273 0.5400651182447161 0.00935220718383789 0.04701362337384905 0.08272073417901993
0 0.8376028878348214 0.5339863300323486 0.008898939405168806 0.042808396475655694 0.08167742192745209
0 0.8798140117100307 0.5307747295924595 0.008841855185372489 0.04902567182268415 0.0806049108505249
0 0.10831902708326067 0.5484888213021415 0.008402424199240548 0.024435349873134067 0.0805373340845108
0 0.8684280259268624 0.5275998796735492 0.008305685860770089 0.04712952886308942 0.07982294261455536
0 0.8455198151724679 0.5416173594338554 0.01026153564453125 0.04378720692225865 0.0781022310256958
0 0.12257234539304461 0.5439783505031041 0.008239575794764928 0.03439440046037946 0.07690582424402237
0 0.5784594672066825 0.5364099911281041 0.008572101593017578 0.04658256258283343 0.07671523839235306
0 0.9640793119158063 0.5388650212969098 0.00779036113194057 0.040979249136788506 0.07465185970067978
0 0.8937654495239258 0.5398927416120257 0.009222916194370814 0.046357188905988424 0.07430260628461838
0 0.055786703314099996 0.5257939951760429 0.005309058087212699 0.022861957550048828 0.07400202006101608
0 0.9637885774884906 0.5243387222290039 0.00635807854788644 0.030528477260044644 0.073761485517025
0 0.7221800259181431 0.5442119325910296 0.009188788277762277 0.036485297339303155 0.07336347550153732
0 0.052567941801888604 0.5253320421491351 0.005159816571644374 0.022996221269880022 0.07267742604017258
0 0.3236464091709682 0.5320674351283482 0.008507966995239258 0.04116136687142508 0.07135313004255295
0 0.0476581198828561 0.5250960758754185 0.005062486444200788 0.02256941795349121 0.07088874280452728
0 0.36402760233197895 0.5407284327915737 0.00936058589390346 0.03865882328578404 0.06957340985536575
0 0.9607928139822823 0.5272765159606934 0.00702946526663644 0.03667984689985003 0.0684267207980156
0 0.9568613597324916 0.5308493886675153 0.007232189178466797 0.0392571176801409 0.06793980300426483
0 0.06264034765107292 0.5262459346226284 0.005325061934334891 0.02347608975001744 0.06448011100292206
0 0.7172892434256417 0.5442320278712681 0.009307656969342912 0.03647749764578683 0.06367485970258713
0 0.04401161840983799 0.5251860618591309 0.0051301079136984685 0.02256928171430315 0.06290345638990402
0 0.7284563609531948 0.543316296168736 0.009185927254813058 0.03641397612435477 0.0625041052699089
0 0.3144230842590332 0.5425561155591693 0.008997780936104911 0.03724738529750279 0.06250332295894623
0 0.12767573765345983 0.5440190179007394 0.008214644023350306 0.03439140319824219 0.06244179978966713
0 0.7408410481044224 0.543337515422276 0.008532728467668806 0.036969389234270365 0.060788847506046295
0 0.09215501376560756 0.5327306474958148 0.006907965455736432 0.03131110327584403 0.060600340366363525
0 0.7466857773917062 0.5433674199240548 0.008720261710030692 0.03696366718837193 0.06034156307578087
0 0.6094527244567871 0.54121276310512 0.009464945111955916 0.040330512183053155 0.05823233351111412
0 0.6051806041172573 0.5411507742745536 0.009286812373570033 0.040623017719813755 0.057167597115039825
0 0.8564171109880719 0.5417323453085763 0.010475499289376395 0.04255744389125279 0.056622397154569626
0 0.8728594098772321 0.5248793533870152 0.007707663944789341 0.04792588097708566 0.055932216346263885
0 0.9703170912606376 0.5208445957728794 0.005593981061662946 0.02628227642604283 0.05460616573691368
0 0.7254757881164551 0.5375205448695591 0.008833748953683036 0.04176477023533413 0.053272150456905365
0 0.805098397391183 0.5427563531058175 0.008815152304513114 0.03808477946690151 0.05244164541363716
0 0.1334804551942008 0.5440385001046317 0.008217062268938338 0.03448486328125 0.05214472860097885
0 0.7339094706944057 0.5432009696960449 0.00898606436593192 0.03626213754926409 0.052070144563913345
0 0.9676615170070103 0.5211441516876221 0.006444249834333148 0.027075563158307756 0.0518692210316658
