0 0.9252332959856305 0.5394126347133091 0.008026259286063058 0.04338438170296805 0.12586627900600433
0 0.5760027340480259 0.5389971051897321 0.009433746337890625 0.04759069851466587 0.11642126739025116
0 0.6050858497619629 0.5398261547088623 0.009567124502999442 0.04664100919451032 0.10135801881551743
0 0.9207660130092076 0.5397122246878487 0.00802762167794364 0.04335648672921317 0.09970970451831818
0 0.5866485323224749 0.540165901184082 0.009459427424839564 0.0467108998979841 0.08596524596214294
0 0.4073411396571568 0.535876819065639 0.007229770932878766 0.033177341733660014 0.08507692813873291
0 0.39141368865966797 0.5351223945617676 0.0072460174560546875 0.03516479900905064 0.08043989539146423
0 0.5944491795131138 0.5400172642299107 0.010388851165771484 0.04548301015581403 0.073790043592453
0 0.5797151838030133 0.540118762425014 0.009483609880719866 0.04639213425772531 0.07323981076478958
0 0.386408942086356 0.5371712957109723 0.007531813212803432 0.03522910390581403 0.07058197259902954
0 0.41023244176592144 0.5360590389796666 0.007319177900041852 0.03302138192313058 0.069844551384449
0 0.9430503845214844 0.5374957493373326 0.007025037493024554 0.038875273295811245 0.06549513339996338
0 0.4340911592755999 0.5197475978306362 0.004979235785348075 0.017903975078037808 0.065430648624897
0 0.5978475298200335 0.5404496533530099 0.010268688201904297 0.04352562768118722 0.06511469930410385
0 0.9451844351632255 0.5350866658346993 0.006667205265590123 0.03834540503365653 0.06386017054319382
0 0.39354521887642996 0.539919206074306 0.008441686630249023 0.04034144537789481 0.06365196406841278
0 0.36811794553484234 0.541278566632952 0.00910179955618722 0.03969580786568778 0.06148684769868851
0 0.08327209949493408 0.5368917328970773 0.0064135704721723285 0.030237572533743724 0.060601722449064255
0 0.3799264771597726 0.5388168607439313 0.008040530341012138 0.03567678587777274 0.060127001255750656
0 0.571788855961391 0.5402812276567731 0.009732757295880998 0.046333176749093194 0.05660076439380646
0 0.38363027572631836 0.5391037123543876 0.007774863924298968 0.035462651933942525 0.05521649867296219
0 0.36509132385253906 0.54104631287711 0.009192807333809989 0.039921419961111884 0.054524730890989304
0 0.5673591068812779 0.5388609341212681 0.009512390409197127 0.04503795078822544 0.05313611030578613
0 0.4147850445338658 0.5250757762363979 0.005764211927141462 0.0235098089490618 0.05308570712804794
0 0.5904081889561245 0.5407300676618304 0.010071005140032088 0.0458524227142334 0.05246812105178833
0 0.3758003371102469 0.5405626978193011 0.008465732846941267 0.03776853425162179 0.052420299500226974
0 0.3715598242623465 0.5407283646719796 0.00834618295942034 0.038296052387782505 0.050935979932546616
0 0.4108905111040388 0.5252832685198102 0.005716698510306222 0.023942504610334123 0.05064631626009941
