0 0.9243131365094867 0.5420933450971331 0.008318628583635603 0.038872991289411275 0.10251927375793457
0 0.9310338156563895 0.5420430728367397 0.008605207715715681 0.039762871606009345 0.0987125039100647
0 0.9283432279314313 0.5419449125017438 0.008353301456996374 0.03768011501857212 0.08929897099733353
0 0.9151539121355329 0.5451726913452148 0.00814403806413923 0.031414338520595005 0.06449522078037262
0 0.06231713720730373 0.5355535575321743 0.006666651793888637 0.029844352177211216 0.06446994096040726
0 0.9528905323573521 0.5369839668273926 0.007158211299351284 0.03497011320931571 0.06249979883432388
0 0.9672420365469796 0.5353724615914481 0.006228310721261161 0.03337928227015904 0.06102363020181656
0 0.9631282261439732 0.5304946218218122 0.005950042179652623 0.0306030341557094 0.0578421987593174
0 0.9201367923191616 0.545250688280378 0.008086340767996652 0.03147176333836147 0.056695979088544846
0 0.10741606780460902 0.5456410135541644 0.00766425473349435 0.031703404017857144 0.053056035190820694
0 0.9389427730015346 0.5380655697413853 0.0073217664446149555 0.03597831726074219 0.052606988698244095
