0 0.8079640524727958 0.5475803783961705 0.009913921356201172 0.0316645758492606 0.18929560482501984
0 0.9397847311837333 0.5423151424952916 0.008708204541887556 0.037988526480538506 0.1779945343732834
0 0.934664249420166 0.5424649374825614 0.008718081883021764 0.037825550351824076 0.17631858587265015
0 0.9294791902814593 0.5425214086260114 0.008675098419189453 0.037955250058855326 0.17046767473220825
0 0.9448850495474679 0.5421607153756278 0.008762223379952567 0.0381772518157959 0.16634896397590637
0 0.8024399621146066 0.547297477722168 0.01004941122872489 0.0322944096156529 0.16240796446800232
0 0.5538066795894078 0.5339879308428083 0.008156572069440569 0.04013517924717495 0.15845872461795807
0 0.9234841891697475 0.5429122788565499 0.008547237941196986 0.03830327306474958 0.15340843796730042
0 0.8974335534232003 0.5451853615897042 0.009263311113630022 0.03638519559587751 0.15335646271705627
0 0.8146612984793526 0.5474543571472168 0.009899616241455078 0.03173933710370745 0.1522759050130844
0 0.5575930391039167 0.5360582896641323 0.008548259735107422 0.04200795718601772 0.1520502120256424
0 0.9022821698869977 0.5442143167768206 0.009206839970179967 0.03667480604989188 0.15025675296783447
0 0.9552205630711147 0.5402001993996757 0.008320808410644531 0.04222658702305385 0.14987309277057648
0 0.9502175194876534 0.5406801359994071 0.008635861533028739 0.04065244538443429 0.14463363587856293
0 0.5499045508248466 0.5308054515293666 0.00790504046848842 0.038664238793509345 0.14148731529712677
0 0.9182469504220145 0.5437184061322894 0.008950165339878626 0.0367673465183803 0.1402951180934906
0 0.9611988067626953 0.5417069026402065 0.007824557168143136 0.041845696313040595 0.13687215745449066
0 0.8931725365774972 0.5456884247916085 0.009100232805524553 0.035751172474452426 0.13589166104793549
0 0.9061998639787946 0.5440675871712821 0.009080818721226283 0.03669548034667969 0.13529491424560547
0 0.5616215978349958 0.5384982654026577 0.0087890625 0.04190666334969657 0.13299354910850525
0 0.9103663989475795 0.5439193589346749 0.009006500244140625 0.03654585565839495 0.1312268227338791
0 0.5445594787597656 0.5272161960601807 0.007131780896868024 0.033075196402413506 0.12842528522014618
0 0.5672105039869036 0.5390040533883231 0.008767196110316686 0.041736602783203125 0.12294851988554001
0 0.5712336812700544 0.539215121950422 0.00870105198451451 0.04174940926688058 0.12147542089223862
0 0.5414205619267055 0.5268316950116839 0.0071563720703125 0.03271545682634626 0.11655522882938385
0 0.8191194534301758 0.5462475163596017 0.009901114872523717 0.03388520649501255 0.10894439369440079
0 0.9584038598196847 0.5350384031023298 0.007673399788992745 0.04097322055271694 0.10826528072357178
0 0.5758041654314313 0.5393541199820382 0.00860602515084403 0.04182798521859305 0.1082427054643631
0 0.9150344984872001 0.5491492067064557 0.009753090994698661 0.025830541338239397 0.10375744849443436
0 0.10742118528911046 0.5482219968523298 0.0076487915856497625 0.02186002050127302 0.0995163694024086
0 0.7975301742553711 0.5446348190307617 0.010051250457763672 0.03729704448154995 0.09616241604089737
0 0.5803050994873047 0.5399015971592495 0.008527823856898717 0.041311025619506836 0.09469135105609894
0 0.5468750681195941 0.5372744287763324 0.008679117475237166 0.04471421241760254 0.08677539974451065
0 0.07989648410252162 0.5379907744271415 0.006473924432482038 0.028214284351893833 0.08677385747432709
0 0.584716933114188 0.540738582611084 0.008484976632254464 0.040125949042184014 0.08394639939069748
0 0.6951562336512974 0.5473741803850446 0.009740761348179408 0.03167891502380371 0.08173145353794098
0 0.6904032570975167 0.5473788465772357 0.009786673954554967 0.03164563860212054 0.08155953884124756
0 0.3841334751674107 0.5422102383204869 0.008178472518920898 0.03225714819771903 0.08087748289108276
0 0.885749271937779 0.5458446570805141 0.009020260402134486 0.03516762597220285 0.08027388900518417
0 0.6658111299787249 0.5460295677185059 0.009902341025216239 0.0338716847555978 0.07925527542829514
0 0.5372780391148159 0.5214969090053013 0.006359543119158063 0.02847879273550851 0.07898278534412384
0 0.3876821654183524 0.53925735609872 0.007974999291556222 0.03213426045009068 0.0786551684141159
0 0.6995791026524135 0.5473388263157436 0.00971085684640067 0.031728267669677734 0.07592278718948364
0 0.6613802228655133 0.5459314414433071 0.009924003056117467 0.03403983797345843 0.07560473680496216
0 0.6702876091003418 0.5461160114833287 0.00988633292061942 0.033642326082502096 0.07522226125001907
0 0.6861177171979632 0.5473382132393974 0.009812355041503906 0.0316803114754813 0.07365799695253372
0 0.5341641902923584 0.5212434019361224 0.006309441157749721 0.02800267083304269 0.07211685925722122
0 0.6120717184884208 0.54387252671378 0.00922182628086635 0.03639909199305943 0.0711381733417511
0 0.3393502916608538 0.5448243277413505 0.008878401347569056 0.03401953833443778 0.07096076011657715
0 0.8269334520612445 0.5472543580191476 0.009648731776646205 0.03212339537484305 0.07047130912542343
0 0.39125207492283415 0.5354812485831124 0.007677759443010602 0.030795267650059292 0.06951761990785599
0 0.7045950208391462 0.547276360648019 0.009691034044538225 0.03180997712271554 0.06942051649093628
0 0.08904187168393816 0.5392275537763324 0.006589463778904506 0.030917133603777205 0.0689372643828392
0 0.5270111901419503 0.5199732099260602 0.006010668618338448 0.024126155035836355 0.068873830139637
0 0.10217315810067314 0.5421313898903983 0.0068149566650390625 0.03202683585030692 0.06884731352329254
0 0.34487662996564594 0.5446230002811977 0.009035417011805944 0.03360795974731445 0.06852714717388153
0 0.6746031216212681 0.5472190720694405 0.009736742292131697 0.031984567642211914 0.06807441264390945
0 0.5897824423653739 0.5420767920357841 0.008721555982317244 0.03815817832946777 0.06796472519636154
0 0.3340602602277483 0.5453766414097377 0.00882131712777274 0.03294440678187779 0.06778661161661148
0 0.6067658833095005 0.5437804290226528 0.009150164467947823 0.03662048067365374 0.06778305768966675
0 0.10510402066367013 0.5424697058541434 0.006902328559330532 0.032449960708618164 0.06773444265127182
0 0.3771419865744455 0.5421321732657296 0.008326939174107142 0.03338449341910226 0.06710413843393326
0 0.09161530222211565 0.541595493044172 0.006641106946127755 0.03152717862810407 0.06675269454717636
0 0.34880876541137695 0.5445598874773298 0.009073359625680106 0.03342080116271973 0.06629592925310135
0 0.8117988450186593 0.5383368900844029 0.009463037763323103 0.04936078616550991 0.06601157784461975
0 0.35311695507594515 0.5444643156869071 0.009100028446742467 0.03341637338910784 0.0658092200756073
0 0.7934330531529018 0.5473086493355888 0.009983539581298828 0.03210905620029995 0.06577454507350922
0 0.678861141204834 0.5462282725742885 0.009949956621442522 0.03358864784240723 0.06562334299087524
0 0.09809752873011998 0.5419938223702567 0.00679577248437064 0.03190605981009347 0.06503412127494812
0 0.555750914982387 0.5244834082467216 0.006420816693987165 0.03442604201180594 0.06499513238668442
0 0.6567253385271344 0.5458803858075824 0.009920665196010045 0.03425795691353934 0.06476888060569763
0 0.4222430501665388 0.5194879259381976 0.005780867167881557 0.019955124173845564 0.06447157263755798
0 0.8894391741071429 0.550968851361956 0.009219169616699219 0.023745877402169362 0.06314928084611893
0 0.42572041920253206 0.519418750490461 0.005710227148873466 0.019792420523507253 0.06298810988664627
0 0.9704611642020089 0.5498760768345424 0.00765153339930943 0.030718088150024414 0.0627492293715477
0 0.09489784921918597 0.5417754309517997 0.006713390350341797 0.031779323305402486 0.0623973086476326
0 0.35805511474609375 0.543985230582101 0.00893470219203404 0.03357080050877163 0.061973270028829575
0 0.08605521065848214 0.5357942240578788 0.006327075617653983 0.029237883431570872 0.06178778037428856
0 0.0862862127167838 0.5475623267037528 0.007672957011631557 0.024517433983939036 0.0612652450799942
0 0.5317561967032296 0.5165205683026995 0.005719763892037528 0.024594817842756 0.061142515391111374
0 0.7094176156180245 0.547262157712664 0.009705747876848494 0.03187492915562221 0.06100858002901077
0 0.2438629354749407 0.5456338950565883 0.00886641229901995 0.03297029222760882 0.060555391013622284
0 0.4153242792401995 0.5247164453778949 0.0064847469329833984 0.022028514317103794 0.06045673415064812
0 0.39544677734375 0.54021269934518 0.008466107504708427 0.03320373807634626 0.059507906436920166
0 0.6018225806100028 0.5437119347708566 0.009133952004568917 0.03677000318254743 0.05886673182249069
0 0.23877239227294922 0.5457553522927421 0.008989708764212472 0.03273262296404157 0.058700840920209885
0 0.4195487839835031 0.5195432731083461 0.005807161331176758 0.020128250122070312 0.05851667746901512
0 0.11374205350875854 0.5492750576564244 0.007589987346104213 0.021830081939697266 0.05845680460333824
0 0.6176023483276367 0.5439046451023647 0.009263174874441964 0.03633659226553781 0.05786765739321709
0 0.5952152524675641 0.5429971558707101 0.008984633854457311 0.03730184691292899 0.0550430491566658
0 0.7365634100777763 0.5474232946123395 0.009740012032645089 0.03179052897862026 0.05426435172557831
0 0.3795407499585833 0.5488408633640834 0.009009020669119698 0.024118730000087192 0.05414348840713501
0 0.39672575678144184 0.5304812363215855 0.0073394775390625 0.028106689453125 0.05361533910036087
0 0.3728218078613281 0.5421011107308524 0.008343219757080078 0.03372413771493094 0.0533829964697361
0 0.3626664025442941 0.5433871405465263 0.008609158652169364 0.03395536967686245 0.053072571754455566
0 0.11085246290479388 0.5433059419904437 0.00735656704221453 0.03382314954485212 0.05245944485068321
0 0.9652560097830636 0.531555209841047 0.00693586894444057 0.039028712681361606 0.05232779681682587
0 0.6496291841779437 0.5456459522247314 0.009849752698625838 0.0344275747026716 0.05172111839056015
0 0.7410192489624023 0.5474083764212472 0.009712014879499162 0.0317866461617606 0.05096561089158058
0 0.7318754196166992 0.5473920277186802 0.009736265454973494 0.03181181635175433 0.050918810069561005
