0 0.9527588571820941 0.5388498646872384 0.008069447108677455 0.038757187979561944 0.3974761962890625
0 0.945195198059082 0.5394823210580009 0.007907118116106306 0.03899247305733817 0.37522679567337036
0 0.9488164356776646 0.538621153150286 0.008374009813581194 0.03873603684561593 0.3695007264614105
0 0.9417751857212612 0.5422211033957345 0.007975646427699499 0.03890534809657505 0.33869338035583496
0 0.958338805607387 0.5410767282758441 0.008093561444963728 0.041299445288521905 0.3338225781917572
0 0.043951988220214844 0.5252901145390102 0.005390269415719169 0.024315357208251953 0.31919434666633606
0 0.04227482846805027 0.5209376471383231 0.004774272441864014 0.022091967718941823 0.30291229486465454
0 0.03749626449176243 0.5206354004996163 0.004306009837559291 0.020648581641060964 0.28968706727027893
0 0.955113410949707 0.5301832471575055 0.007557392120361328 0.03523673330034528 0.269243985414505
0 0.9599816458565849 0.5268516881125314 0.006839139120919364 0.03107397896902902 0.26214006543159485
0 0.047310084104537964 0.5251492091587612 0.00552088873726981 0.024464096341814314 0.2575342357158661
0 0.9379336493355888 0.5416027137211391 0.008837291172572545 0.036821229117257256 0.25247398018836975
0 0.03528365705694471 0.524360077721732 0.005238911935261318 0.024228436606270925 0.1966552436351776
0 0.5497032233646938 0.5349487236567906 0.008532864706856864 0.039303370884486606 0.19099737703800201
0 0.9640169143676758 0.5404562268938337 0.008137634822300501 0.04074515615190778 0.1853698343038559
0 0.5454637663705009 0.5312403951372419 0.008113861083984375 0.03809363501412528 0.1711585372686386
0 0.5533004147665841 0.5393412453787667 0.009087903159005302 0.04153449194771903 0.1569848209619522
0 0.04998853376933506 0.5290886334010533 0.006283768585750035 0.030012403215680803 0.15691716969013214
0 0.5420614991869245 0.5279525007520404 0.007214886801583427 0.033477987561907084 0.1472715139389038
0 0.05220144987106323 0.5255178724016462 0.005488195589610508 0.02509263583592006 0.1469864696264267
0 0.5389523506164551 0.5276548862457275 0.007143395287649972 0.03336668014526367 0.1415741890668869
0 0.5359096867697579 0.5273526396070208 0.007083892822265625 0.03319358825683594 0.13090567290782928
0 0.9656229019165039 0.5222329752785819 0.006022793906075614 0.028529439653669084 0.12592723965644836
0 0.10832970482962472 0.5427818979535785 0.007570930889674595 0.033779995782034736 0.11670853942632675
0 0.9322825840541294 0.5450586591448102 0.008835451943533761 0.034823519842965264 0.1152917891740799
0 0.9689933231898716 0.5216967718941825 0.005655220576695034 0.026834794453212192 0.1111006811261177
0 0.10344547033309937 0.5419641562870571 0.007369824818202427 0.034212657383510044 0.1099853366613388
0 0.5591880253383091 0.5407639912196568 0.00863821165902274 0.03916893686567034 0.10917512327432632
0 0.039263286760875156 0.5168462480817523 0.0046005334172930035 0.021829298564365933 0.1055762991309166
0 0.9631969588143485 0.5229521478925433 0.006148065839494977 0.033275297709873745 0.10552914440631866
0 0.05492390053612845 0.5332252638680595 0.006686295781816755 0.032625130244663784 0.10054349899291992
0 0.04629736287253244 0.5342826162065778 0.006536147424152919 0.03379034996032715 0.09991265833377838
0 0.09942446436200823 0.5417797224862235 0.007389639105115618 0.03454702241080148 0.0951964408159256
0 0.11473357677459717 0.5440496717180524 0.00827463184084211 0.03317877224513462 0.09495599567890167
0 0.0579312869480678 0.5336037363324847 0.0065742433071136475 0.03277274540492466 0.08934086561203003
0 0.5428751877376011 0.5434074061257499 0.009182657514299666 0.03507743562970843 0.0859074518084526
0 0.528869662966047 0.5259836060660226 0.006500380379813058 0.030007260186331614 0.08152531087398529
0 0.0954596655709403 0.5414632047925677 0.007390218121664864 0.03502293995448521 0.0769699290394783
0 0.9716910634722028 0.5227183273860386 0.0061097826276506695 0.03138869149344308 0.07550583779811859
0 0.12054433141435895 0.5444518498011998 0.008394777774810791 0.03315935816083636 0.07465632259845734
0 0.041874936648777554 0.5348108836582729 0.006365414176668439 0.032692398343767436 0.07405418902635574
0 0.06213802099227905 0.5365228652954102 0.007040947675704956 0.03473390851702009 0.07371906191110611
0 0.5638063294546944 0.5410104479108538 0.008682080677577428 0.03919472013201032 0.07279155403375626
0 0.045438757964542935 0.516712120601109 0.004529114280428205 0.02217790058680943 0.06672921776771545
0 0.0658378643648965 0.5367024626050677 0.00690556424004691 0.034732818603515625 0.06512951105833054
0 0.34437247685023714 0.54546890939985 0.008892740522112166 0.032910006386893134 0.06400824338197708
0 0.1809380395071847 0.545119081224714 0.008768115724836077 0.03359471048627581 0.06292777508497238
0 0.5330042839050293 0.5173131397792271 0.005533661161150251 0.024655171803065708 0.0624825656414032
0 0.12552774803979055 0.5445098536355155 0.008387565612792969 0.03346102578299386 0.06160515919327736
0 0.03648304087775094 0.5321061951773507 0.005873918533325195 0.03000875881740025 0.06101924926042557
0 0.33965539932250977 0.5454677854265485 0.008959599903651647 0.032931974955967495 0.06048128008842468
0 0.060981154441833496 0.5258080959320068 0.005526551178523472 0.02533919470650809 0.05954034626483917
0 0.18735146522521973 0.5449622358594622 0.008868438856942313 0.033426829746791294 0.057579562067985535
0 0.5323149136134556 0.5373010294778007 0.008394513811383928 0.04316643306187221 0.057239655405282974
0 0.31531197684151785 0.5456883226122174 0.009036915642874581 0.03302431106567383 0.05708027258515358
0 0.09093799761363439 0.5412078925541469 0.0073906523840768 0.03540154865809849 0.05621285364031792
0 0.34940644672938753 0.5452181271144322 0.00873565673828125 0.03293548311505999 0.055510640144348145
0 0.569037914276123 0.5412370818001884 0.008677891322544642 0.039148569107055664 0.055383287370204926
0 0.5260682787214007 0.5207161903381348 0.005768196923392159 0.024808713368007114 0.05525655299425125
0 0.5377340997968402 0.5175726073128837 0.005607162203107562 0.025160142353602817 0.054964423179626465
0 0.3209350109100342 0.5474511555262974 0.009090968540736608 0.03068021365574428 0.0543532557785511
0 0.3352671350751604 0.5454860074179513 0.009004899433680944 0.03294937951224191 0.053452018648386
0 0.5304057938711983 0.5159773826599121 0.004995720727103097 0.021560089928763255 0.05179474502801895
0 0.09734635693686348 0.5338337080819267 0.00669250317982265 0.03439736366271973 0.051015231758356094
