0 0.5708210808890206 0.5356970514569964 0.008932556424822127 0.04868994440351214 0.11591483652591705
0 0.4358515058244978 0.5199806690216064 0.0051278046199253625 0.018890312739780972 0.09284769743680954
0 0.4236269678388323 0.5249806812831334 0.005948100771222796 0.024139233997889926 0.08417859673500061
0 0.43275158745901926 0.5246144362858364 0.005740744726998466 0.022410052163260325 0.0838756188750267
0 0.5667687824794224 0.5381761619022915 0.009282009942190987 0.04545709065028599 0.08174169063568115
0 0.38283259528023855 0.5408401148659843 0.009060757500784737 0.04093176977975028 0.08114686608314514
0 0.37920073100498747 0.5413196086883545 0.008958509990147181 0.04107155118669782 0.07756571471691132
0 0.4211897850036621 0.5248488017490932 0.006048577172415597 0.024841478892735074 0.07517341524362564
0 0.4390091896057129 0.5199437822614398 0.004990747996738979 0.018006597246442522 0.07253891229629517
0 0.5735351017543248 0.539374726159232 0.009422813143048967 0.0463803836277553 0.07151435315608978
0 0.10975658893585205 0.5485782963888985 0.007867702416011266 0.027045045580182756 0.07081250101327896
0 0.9305387224469867 0.5405598027365548 0.009159496852329798 0.042184148515973775 0.06645264476537704
0 0.42866287912641254 0.5244684559958321 0.005824293409075055 0.023029804229736328 0.06418324261903763
0 0.09921114785330636 0.5473271778651646 0.0073297279221670964 0.028861897332327708 0.06359352171421051
0 0.06765666178294591 0.5368419715336391 0.006284505128860474 0.028970514025006975 0.06222713738679886
0 0.10365070615495954 0.5478194100516183 0.007644542625972203 0.028581414903913225 0.06218055635690689
0 0.5252734252384731 0.5157032353537423 0.0049037933349609375 0.01801231929234096 0.05758880078792572
0 0.9257824080330985 0.5406255040849958 0.009259905133928572 0.04202066149030413 0.05659501254558563
0 0.9647239957536969 0.5277774674551827 0.006213665008544922 0.02805726868765695 0.056221045553684235
0 0.5768541608537946 0.5398780277797154 0.009426048823765345 0.04576965740748814 0.05609370395541191
0 0.5814404487609863 0.5398921625954765 0.009372711181640625 0.045980589730398994 0.05571626126766205
0 0.5938685962132045 0.5393093994685582 0.00984055655343192 0.04622016634259905 0.055557988584041595
0 0.37305900028773714 0.5416910988943917 0.008923632758004325 0.041049412318638394 0.05540331080555916
0 0.531052793775286 0.5154618535723005 0.0051419053758893695 0.019809109824044362 0.05334346741437912
0 0.5871642657688686 0.5398659024919782 0.009293419974190848 0.0460639340536935 0.0517905130982399
0 0.3917297635759626 0.5394742829459054 0.008326564516339983 0.03893542289733887 0.051575008779764175
0 0.42879326002938406 0.5356360163007464 0.007287297930036273 0.03394143921988351 0.051263052970170975
0 0.9209192139761788 0.5407525471278599 0.009290150233677455 0.04256490298679897 0.051095135509967804
0 0.3888699327196394 0.53944274357387 0.008555821010044642 0.03964430945260184 0.050184622406959534
