0 0.956894942692348 0.5410221644810268 0.00824873788016183 0.03792997768947056 0.19113028049468994
0 0.953258786882673 0.541071959904262 0.0083944456917899 0.03704803330557687 0.17219655215740204
0 0.9639603751046317 0.5351533549172538 0.007015023912702288 0.0349057742527553 0.1583542823791504
0 0.9471585409981864 0.5417829922267369 0.008407797132219588 0.03730910164969308 0.1490587443113327
0 0.9425129890441895 0.5420036656515939 0.008426802498953683 0.037366390228271484 0.1412055790424347
0 0.9679878779820034 0.5414387839181083 0.00807326180594308 0.039378574916294644 0.12922434508800507
0 0.570694991520473 0.5402016639709473 0.00920067514692034 0.04339173861912319 0.12234082072973251
0 0.07032110861369542 0.5354809079851423 0.006419066871915545 0.03347066470554897 0.11971932649612427
0 0.9597249031066895 0.5481597355433873 0.009369850158691406 0.026920761380876814 0.11800052970647812
0 0.5667042051042829 0.5401461465018136 0.009174857820783342 0.04371847425188337 0.11707595735788345
0 0.06720358984810966 0.5352814197540283 0.006431949990136283 0.033709866659981866 0.11282365024089813
0 0.9611090251377651 0.5315230573926654 0.007223810468401227 0.034037181309291294 0.1120193749666214
0 0.9381425040108817 0.5423839432852608 0.008439677102225167 0.03742330414908273 0.11097592860460281
0 0.575582572392055 0.5402267319815499 0.009262902396065848 0.04305665833609445 0.10800428688526154
0 0.3682527542114258 0.5423761435917446 0.008762836456298828 0.0373298100062779 0.10435184836387634
0 0.5617012977600098 0.5398447172982352 0.009259802954537528 0.044077157974243164 0.10173166543245316
0 0.37404911858694895 0.5415782247270856 0.008610316685267858 0.03746523175920759 0.10136701166629791
0 0.9699782643999372 0.5311344010489327 0.006426130022321429 0.033250229699271064 0.10120907425880432
0 0.06601652928761073 0.5269698756081718 0.005258113145828247 0.0259814943586077 0.09854709357023239
0 0.06307986378669739 0.5312584468296596 0.00600663253239223 0.03186883245195661 0.0966881737112999
0 0.07359388896397182 0.5385960851396833 0.006938227585383824 0.03570420401436942 0.09482879191637039
0 0.38013792037963867 0.541464124407087 0.008758034024919783 0.03711625507899693 0.0946892648935318
0 0.36381707872663227 0.5407723358699253 0.009294680186680384 0.0387237412588937 0.09097854793071747
0 0.5794534002031598 0.5390167576926095 0.009192602975027902 0.04235724040440151 0.09076067805290222
0 0.060260627950940816 0.5310039520263672 0.005986890622547695 0.031876836504255025 0.08736517280340195
0 0.08032345771789551 0.5321619851248605 0.006337302071707589 0.03268500736781529 0.08733043074607849
0 0.38395210674830843 0.5414587088993618 0.008719103676932198 0.037301336015973775 0.08581703156232834
0 0.07373888151986259 0.5271038327898298 0.005545071193150112 0.027676684515816823 0.08481142669916153
0 0.9336952481951032 0.5426458631243024 0.00850888660975865 0.03714241300310407 0.0844884067773819
0 0.9651662281581334 0.5476921626499721 0.007740633828299386 0.03041175433567592 0.08141437917947769
0 0.0568826539175851 0.5264522007533482 0.005165700401578631 0.025820153100149974 0.07986272871494293
0 0.5568773746490479 0.5382374695369175 0.009766101837158203 0.047107083456856866 0.07737763226032257
0 0.07867951052529472 0.5409494808741978 0.007413608687264579 0.036360468183244975 0.07704800367355347
0 0.08274686336517334 0.540982552937099 0.007395446300506592 0.03657599857875279 0.07442337274551392
0 0.3887884957449777 0.5373080117361886 0.008175883974347795 0.036534718104771206 0.07433921843767166
0 0.9288337571280343 0.5436310768127441 0.009005001613071986 0.03614326885768345 0.07394667714834213
0 0.5837834221976144 0.541365487234933 0.009314400809151786 0.04064270428248814 0.07383545488119125
0 0.976149422781808 0.5267775399344308 0.005650043487548828 0.02816077641078404 0.07309765368700027
0 0.3602051053728376 0.5437509332384381 0.009427717753819056 0.036037445068359375 0.07258273661136627
0 0.37706708908081055 0.5472166878836495 0.009570837020874023 0.027765819004603794 0.07142078131437302
0 0.9665809358869281 0.5272540705544608 0.00638505390712193 0.029619216918945312 0.07073751837015152
0 0.05518897942134312 0.5320045948028564 0.006397809301103864 0.03332206181117466 0.07053522020578384
0 0.3094953809465681 0.5451751436505999 0.010024581636701311 0.03412233080182757 0.07040639966726303
0 0.5893959317888532 0.5423598970685687 0.009317738669259208 0.03886100224086216 0.06857486069202423
0 0.9581106049673898 0.5293628828866142 0.006913457598005023 0.0343233517238072 0.06743461638689041
0 0.3011288642883301 0.5449867248535156 0.009902136666434152 0.03423670360020229 0.06563093513250351
0 0.08716532162257604 0.5411614009312221 0.0075034499168396 0.0365511349269322 0.0648174062371254
0 0.5929286139351981 0.5372698307037354 0.009094102042061942 0.04382889611380441 0.06381518393754959
0 0.31401491165161133 0.5450954777853829 0.010065112795148577 0.03434746606009347 0.06360280513763428
0 0.5527499062674386 0.5362936088017055 0.009632928030831473 0.04656914302280971 0.05995991453528404
0 0.6674267905099052 0.5465382848467145 0.010135173797607422 0.03286576271057129 0.05985262244939804
0 0.15508478028433664 0.5446038927350726 0.009358474186488561 0.0347013132912772 0.05936518311500549
0 0.21779772213527135 0.5452267442430768 0.009633745465959822 0.0332768304007394 0.05934162810444832
0 0.15972161293029785 0.5448829787118095 0.009682331766401018 0.03399934087480817 0.05805816873908043
0 0.047991280044828145 0.524937357221331 0.005282385008675712 0.024960551943097795 0.05791280418634415
0 0.16438726016453334 0.5449833188738141 0.009843025888715471 0.03377045903887067 0.05675346031785011
0 0.06480396645409721 0.5395581381661552 0.00714081951550075 0.03869468825204032 0.05629156529903412
0 0.1691561085837228 0.5450566155569894 0.009882705552237374 0.033700023378644674 0.05623640865087509
0 0.15061421053750174 0.544405290058681 0.009158475058419364 0.03515958786010742 0.05594535917043686
0 0.3917110988071987 0.5331602777753558 0.007744959422520229 0.035632780620029995 0.05574219673871994
0 0.21369229044233048 0.5465177127293178 0.00956714153289795 0.0320768015725272 0.05554480105638504
0 0.3945081574576242 0.5383567128862653 0.008270433970860072 0.03904884202139718 0.055446114391088486
0 0.30494591167994906 0.5393358639308384 0.009833335876464844 0.04115227290562221 0.055342450737953186
0 0.05114557061876569 0.5316336495535714 0.006447608981813703 0.0330010141645159 0.055264078080654144
0 0.3190403665815081 0.5449419702802386 0.010000467300415039 0.034710236958095005 0.05447513982653618
0 0.09256030832018171 0.5413531575884137 0.007622965744563511 0.036428213119506836 0.054458193480968475
0 0.20963638169424875 0.5451294013432094 0.009663428579057966 0.033467497144426615 0.05405118316411972
0 0.17409074306488037 0.5450244631086077 0.009847334453037806 0.03370635850088937 0.05367670953273773
0 0.06361014928136553 0.5217428207397461 0.004650030817304339 0.022305761064801897 0.053261648863554
0 0.5966719218662807 0.5429809434073312 0.009473323822021484 0.03793031828744071 0.05290256813168526
0 0.296457256589617 0.5449152333395821 0.009861128670828683 0.03430100849696568 0.05218416079878807
0 0.3819119930267334 0.5302895137241909 0.00729438236781529 0.0330618109021868 0.05214141681790352
0 0.22188230923243932 0.5465950965881348 0.009659528732299805 0.03205071176801409 0.05134234204888344
0 0.14644009726388113 0.5442682674952916 0.009094629968915666 0.035357883998325894 0.05076587572693825
0 0.059592247009277344 0.5215770857674735 0.004612854548863002 0.022250209535871233 0.05040605738759041
0 0.3535637174333845 0.5442140442984444 0.009624787739345006 0.03566139084952218 0.05026976019144058
