0 0.10398292541503906 0.5362310409545898 0.006529297147478376 0.028537000928606306 0.29984062910079956
0 0.09933814832142421 0.536388771874564 0.00661815915788923 0.028323514120919362 0.2114773988723755
0 0.09101060458592006 0.5376147542681012 0.005874829632895333 0.02479706491742815 0.19218167662620544
0 0.10573290927069527 0.5394643034253802 0.006841557366507394 0.02819047655378069 0.1693936437368393
0 0.09610651220594134 0.5360477311270577 0.006644802434103829 0.027985198157174245 0.16586557030677795
0 0.1082332900592259 0.5340091160365513 0.006667103086199079 0.028465441295078824 0.14746928215026855
0 0.09328127758843559 0.5354677268436977 0.006739258766174316 0.028359276907784597 0.13651897013187408
0 0.10165080002376012 0.5393332072666713 0.006849340030125209 0.02799459866115025 0.13528399169445038
0 0.11194419860839844 0.5375048092433384 0.007265210151672363 0.02990450177873884 0.13231481611728668
0 0.367419821875436 0.5347825459071568 0.0073958805629185265 0.03410567556108747 0.12950555980205536
0 0.36379497391836985 0.5370112827845982 0.007716383252825055 0.034159490040370395 0.1058397963643074
0 0.08281316076006208 0.5344394275120327 0.005945844309670585 0.024916682924543108 0.09803709387779236
0 0.37126217569623676 0.5344290733337402 0.007275240761893136 0.03382270676749093 0.08895556628704071
0 0.382453373500279 0.5335134438105992 0.0068553175245012555 0.0337550299508231 0.08430089056491852
0 0.9560003280639648 0.535933085850307 0.00664036614554269 0.036738497870309014 0.07994930446147919
0 0.374401330947876 0.5342112268720355 0.0072923387799944195 0.03324995722089495 0.07573932409286499
0 0.08941698925835746 0.5316403593335833 0.0063816649573189875 0.027492727552141463 0.06735746562480927
0 0.37770465442112516 0.5337023053850446 0.006893089839390346 0.03326507977076939 0.0655059963464737
0 0.38768584387642996 0.5270988941192627 0.006283181054251534 0.026837621416364397 0.0653410330414772
0 0.5706927095140729 0.5380809647696358 0.008189133235386439 0.038261856351579936 0.06481027603149414
0 0.09167672055108207 0.5290609768458775 0.005960021700177874 0.025451387677873884 0.06209614500403404
0 0.09422494683946882 0.5292769840785435 0.005897734846387591 0.025701829365321567 0.0617208331823349
0 0.434866087777274 0.5189988272530692 0.005149739129202706 0.01753899029323033 0.05772539973258972
0 0.35322162083217074 0.5404626982552665 0.008501052856445312 0.03787010056631906 0.0573020875453949
0 0.40048602649143766 0.5243575913565499 0.0055550166538783485 0.022983789443969727 0.05663205683231354
0 0.5672170094081334 0.5388871601649693 0.007870844432285853 0.036326510565621514 0.0535518154501915
0 0.3948183400290353 0.5324769020080566 0.006630080086844308 0.032282658985682895 0.05316344276070595
0 0.08558573041643415 0.5305359704153878 0.005725766931261335 0.02558755874633789 0.052236706018447876
0 0.9312284333365304 0.5419345923832485 0.007701737540108817 0.0383122307913644 0.052178479731082916
0 0.38598782675606863 0.5378103256225586 0.007130282265799386 0.03331136703491211 0.05203718692064285
0 0.3951421465192522 0.5218702725001744 0.005580152784075055 0.02346747262137277 0.05124073103070259
0 0.9482056753976005 0.538588319505964 0.006804398127964565 0.036010299410138814 0.0506712906062603
