0 0.546184744153704 0.526268754686628 0.0072519779205322266 0.039606264659336636 0.6381014585494995
0 0.5414998871939523 0.5250316347394671 0.006976910999843052 0.035963739667619975 0.6356241106987
0 0.5497290066310337 0.532226698739188 0.008428096771240234 0.04558328219822475 0.63414466381073
0 0.5483523096357074 0.5184909275599888 0.007479088647024972 0.037028414862496514 0.6309467554092407
0 0.5440561771392822 0.5164498261043003 0.005926609039306641 0.0262082644871303 0.629928708076477
0 0.538271290915353 0.5226180894034249 0.007240363529750279 0.03516411781311035 0.6286761164665222
0 0.5549252373831612 0.53532988684518 0.008586747305733817 0.04708061899457659 0.573223888874054
0 0.5544658729008266 0.5194401059831891 0.006800174713134766 0.036987406866891046 0.4587235152721405
0 0.43241732461111887 0.520442008972168 0.005489519664219448 0.021673066275460378 0.38470667600631714
0 0.9336385726928711 0.545443058013916 0.008286271776471819 0.028595890317644392 0.37023621797561646
0 0.42922122137887136 0.5203205517360142 0.005601951054164341 0.021865436008998325 0.3498217761516571
0 0.5358531815665108 0.5338193348475865 0.008473907198224748 0.04568137441362653 0.31061139702796936
0 0.540008578981672 0.5130954469953265 0.006442955562046596 0.034032583236694336 0.29111018776893616
0 0.5594057355608258 0.5274751526968819 0.007774795804704938 0.04080060550144741 0.26764097809791565
0 0.5419599328722272 0.5120650018964495 0.005139010293143136 0.022416012627737864 0.2552885115146637
0 0.4259741987500872 0.5251115049634661 0.006134169442313058 0.023989132472446988 0.2493939995765686
0 0.5334792137145996 0.5188091823032924 0.007130588803972516 0.03652112824576242 0.2456655502319336
0 0.9305863380432129 0.5397053446088519 0.007511275155203683 0.03789632661002023 0.22655442357063293
0 0.4358577047075544 0.5239430495670864 0.00609656742640904 0.025398867470877513 0.2261911928653717
0 0.5510465758187431 0.5126408168247768 0.006849731717790876 0.04553614343915667 0.22111496329307556
0 0.9361143112182617 0.5390246595655169 0.007452487945556641 0.038702692304338725 0.21184755861759186
0 0.947646004813058 0.541912385395595 0.008689267294747489 0.03747694832938058 0.19518043100833893
0 0.9240239007132394 0.5432205881391253 0.007999420166015625 0.03643853323800223 0.1925334930419922
0 0.4345013414110456 0.5158024515424456 0.00492300306047712 0.02045144353594099 0.19212773442268372
0 0.5311902250562396 0.5154902253832135 0.005207606724330357 0.0222015380859375 0.18920937180519104
0 0.43092850276402067 0.515690837587629 0.004648515156337193 0.02093451363699777 0.18519006669521332
0 0.9416412625994001 0.5367200715201241 0.007500171661376953 0.037773234503609796 0.18367217481136322
0 0.4231994492667062 0.5253819397517613 0.006134475980486188 0.024054254804338728 0.1714295744895935
0 0.5619150911058698 0.535337107522147 0.00866562979561942 0.04733589717320034 0.16699394583702087
0 0.43704077175685335 0.5162242480686733 0.0051059722900390625 0.020447390420096263 0.16006408631801605
0 0.8327454158238002 0.5461798054831368 0.008638313838413783 0.03318166732788086 0.15699705481529236
0 0.08500568355832781 0.5418857506343296 0.007157291684831891 0.03218705313546317 0.15014201402664185
0 0.5228222778865269 0.5194434779030936 0.005896295819963727 0.02458810806274414 0.14579656720161438
0 0.08846277850014823 0.5419659614562988 0.007187800748007638 0.03236297198704311 0.1457182615995407
0 0.08028662204742432 0.5416100025177002 0.007072295461382184 0.031838689531598775 0.1453881412744522
0 0.8280615125383649 0.5451582499912807 0.009262834276471819 0.034064803804670064 0.14089030027389526
0 0.9546138218470982 0.5393178803580148 0.008434295654296875 0.04485923903329032 0.1397695541381836
0 0.07651029314313616 0.53882782799857 0.006843864917755127 0.031034333365304128 0.12469497323036194
0 0.09301971537726265 0.5420349666050502 0.0072285277502877375 0.03237741334097726 0.120811827480793
0 0.9447416578020368 0.5331504685538155 0.00773695537022182 0.03783454213823591 0.11655516922473907
0 0.43323183059692383 0.5301339966910226 0.007201228822980609 0.03466970579964774 0.1067788377404213
0 0.43971736090523855 0.5163209097726005 0.004874025072370257 0.02069122450692313 0.10387281328439713
0 0.919071878705706 0.5431515489305768 0.007980210440499442 0.03654282433646066 0.10305549204349518
0 0.961963244846889 0.5395364080156598 0.00838817868913923 0.04282661846705845 0.10095230489969254
0 0.09712326526641846 0.5424420492989677 0.007289281913212368 0.032457283564976284 0.09356806427240372
0 0.07288144315992083 0.5357636043003627 0.006307921239307949 0.030609982354300364 0.09350111335515976
0 0.5297186034066337 0.5339272703443255 0.008446863719395228 0.045343875885009766 0.0903644859790802
0 0.8223446437290737 0.5449614524841309 0.009492533547537667 0.0338897705078125 0.08789046853780746
0 0.5361701420375279 0.5118491309029716 0.004904712949480329 0.021432876586914062 0.08383627980947495
0 0.3903247288295201 0.5387943131583077 0.007828542164393834 0.03471616336277553 0.08333110809326172
0 0.9637443678719657 0.5206350258418492 0.005964551653180804 0.028139114379882812 0.0823279470205307
0 0.3868945326123919 0.5413236958639962 0.00817040034702846 0.03543594905308315 0.08145918697118759
0 0.813922609601702 0.5449175834655762 0.009131499699183874 0.03481834275381906 0.08077996969223022
0 0.5288177898951939 0.5173267636980329 0.0071637289864676336 0.04156088829040527 0.08041958510875702
0 0.383354731968471 0.5414139883858817 0.00813330922807966 0.03538789067949567 0.08018947392702103
0 0.0675533754484994 0.5349512100219727 0.006514549255371094 0.029239790780203685 0.08006339520215988
0 0.10102208171572004 0.5428928647722516 0.007351108959742955 0.03264955111912319 0.07890727370977402
0 0.9611068453107562 0.5220449311392648 0.006423337118966239 0.030049562454223633 0.07865789532661438
0 0.955620356968471 0.5259034974234444 0.006981032235281808 0.032610177993774414 0.07733528316020966
0 0.37966809953962055 0.541583640234811 0.008129732949393136 0.03519180842808315 0.0769323855638504
0 0.41967010498046875 0.5291947637285505 0.006982054029192243 0.0290921756199428 0.07388944923877716
0 0.37505599430629183 0.5417097636631557 0.008087464741298131 0.035147394452776225 0.07375165820121765
0 0.42927959987095426 0.5329481874193464 0.0076650891985212055 0.03740637642996652 0.07166031748056412
0 0.3614871842520578 0.5436493328639439 0.008681467601231166 0.034701483590262275 0.07118824124336243
0 0.8381521361214774 0.5460818835667202 0.007770538330078125 0.03398200443812779 0.07055822014808655
0 0.36514302662440706 0.543283326285226 0.008417436054774694 0.03500434330531529 0.07013031840324402
0 0.35675477981567383 0.5437279088156564 0.008776562554495675 0.03450523103986468 0.06999378651380539
0 0.10653431074959892 0.5435996736798968 0.007594142641339984 0.03305281911577497 0.06991811841726303
0 0.37013544355119976 0.5423173904418945 0.0079869202205113 0.03541483197893415 0.06947629898786545
0 0.8087490626743862 0.5449777330671038 0.009183815547398158 0.034694978169032505 0.06797122955322266
0 0.3950857434953962 0.5375278336661202 0.007784264428274972 0.03487767492021833 0.06752566993236542
0 0.8181987489972796 0.5506818294525146 0.008726051875523158 0.02306563513619559 0.06740981340408325
0 0.07862404414585658 0.5317550727299282 0.006087039198194232 0.02879469735281808 0.062034692615270615
0 0.06996868337903704 0.5409978457859584 0.007181133542742048 0.03204154968261719 0.06178803741931915
0 0.3726299149649484 0.5350940568106515 0.007736308234078544 0.03455615043640137 0.061459336429834366
0 0.3516879081726074 0.5438304969242641 0.008837461471557617 0.03429297038487026 0.060869473963975906
0 0.9145723070417132 0.5432191576276507 0.008005959647042411 0.036425624574933736 0.05998504161834717
0 0.5693281718662807 0.5361451080867222 0.008665731975010462 0.04616805485316685 0.05995192378759384
0 0.41644811630249023 0.5294297422681536 0.006971733910696847 0.029319967542375838 0.05986783653497696
0 0.06379033412252154 0.5308164869035993 0.006266593933105469 0.027805226189749583 0.058848485350608826
0 0.10375147206442696 0.5375683988843646 0.0068059563636779785 0.03326899664742606 0.05806535482406616
0 0.08283897808619908 0.5319531304495675 0.0060626183237348285 0.029043265751429966 0.05743519589304924
0 0.9281353950500488 0.5321692058018276 0.0071081433977399555 0.03929087093898228 0.05556931719183922
0 0.05493198122297015 0.5253017970493862 0.005426453692572457 0.023372207369123186 0.05415157601237297
0 0.050944200583866665 0.5250837462288993 0.005474107606070382 0.02315575735909598 0.05349186062812805
0 0.949319566999163 0.5291416985648019 0.007529599325997489 0.03742759568350656 0.05301667004823685
0 0.8045175416128976 0.5462042944771903 0.00918715340750558 0.033676590238298686 0.052420467138290405
0 0.9332419804164341 0.5319607257843018 0.007156848907470703 0.03908395767211914 0.052160222083330154
0 0.3461189270019531 0.543834754398891 0.00885704585484096 0.03411957195826939 0.05138782039284706
0 0.05869987181254795 0.530073710850307 0.006275121654782977 0.027358089174543108 0.051248401403427124
0 0.41695710590907503 0.5207892826625279 0.0053560733795166016 0.022497892379760742 0.05099402740597725
0 0.39918834822518484 0.534797191619873 0.0072574615478515625 0.03266944204057966 0.050746042281389236
