0 0.5634440694536481 0.5341675622122628 0.009672982352120536 0.050172124590192525 0.5778492093086243
0 0.5594288962227958 0.5316399165562221 0.00877281597682408 0.041244609015328546 0.5516986846923828
0 0.5571141924176898 0.5272266864776611 0.008884123393467494 0.041196959359305244 0.2966805696487427
0 0.564983436039516 0.5268216814313617 0.007476431982857841 0.0338477407182966 0.2670291066169739
0 0.5663316590445382 0.5383133207048688 0.01000870977129255 0.04850690705435617 0.20928093791007996
0 0.4060487747192383 0.5372765745435443 0.007715429578508649 0.03392512457711356 0.12662158906459808
0 0.5552886554173061 0.534358092716762 0.008953571319580078 0.04078446115766253 0.11285704374313354
0 0.4330547877720424 0.5243029594421387 0.006070239203316825 0.02227609498160226 0.11146021634340286
0 0.579695497240339 0.5381772858755929 0.01010268075125558 0.04820070947919573 0.10002001374959946
0 0.5532588958740234 0.5246037415095738 0.007601601736886161 0.032809053148542135 0.09856981784105301
0 0.40242270060947966 0.5347949436732701 0.007875749043055944 0.03393857819693429 0.09536778181791306
0 0.41078117915562223 0.5336609567914691 0.007796628134591239 0.033556222915649414 0.08921125531196594
0 0.5747121402195522 0.5380666596548898 0.01013319832938058 0.048068421227591376 0.08912278711795807
0 0.4142047337123326 0.535766635622297 0.0076002734048025945 0.03233282906668527 0.08654006570577621
0 0.9299968991960798 0.5403130735669818 0.009644576481410436 0.04402310507638114 0.08319707214832306
0 0.5838038580758231 0.5391567093985421 0.010523183005196708 0.0472562313079834 0.07375727593898773
0 0.42647552490234375 0.524108852658953 0.006327084132603237 0.022891317095075334 0.07140473276376724
0 0.5381179537091937 0.5193208285740444 0.006243501390729632 0.024265153067452565 0.06474443525075912
0 0.9653197697230748 0.5276170458112445 0.006605557032993862 0.03104499408176967 0.06384045630693436
0 0.5441853318895612 0.5207220486232212 0.006775038582938058 0.027102197919573103 0.06383030116558075
0 0.43656958852495464 0.519989149911063 0.0056520189557756695 0.02001711300441197 0.0568256713449955
0 0.9239213126046317 0.5405598367963519 0.009571552276611328 0.044331210000174384 0.05579106882214546
0 0.5488030569893974 0.524127721786499 0.007604667118617466 0.032129219600132534 0.05552401393651962
0 0.42831625257219585 0.5251716886247907 0.006805590220860073 0.027146850313459123 0.0547003298997879
0 0.5679129191807338 0.5291862487792969 0.008816446576799666 0.040889126913888116 0.0538821704685688
0 0.4080486978803362 0.5303453036717006 0.007645096097673688 0.03348548071725028 0.05375099554657936
0 0.42387809072222027 0.5244048322950091 0.006512301308768136 0.024013042449951172 0.051027607172727585
0 0.5401862689426967 0.5202137061527797 0.006760937826974052 0.027094432285853794 0.050333958119153976
