0 0.42576490129743305 0.5179032598223005 0.00597555296761649 0.024306433541434153 0.5921998023986816
0 0.4294049058641706 0.5178546564919608 0.005961758749825614 0.023910318102155412 0.5514791011810303
0 0.43347937720162527 0.5144451686314174 0.005730118070329938 0.022277934210641042 0.2981925308704376
0 0.4210054874420166 0.5224660124097552 0.006739275796072823 0.026065894535609653 0.2618928849697113
0 0.4345595496041434 0.5222946235111782 0.006508861269269671 0.024302142007010325 0.24883612990379333
0 0.4254140853881836 0.5281596183776855 0.007742064339773995 0.032509020396641324 0.19194765388965607
0 0.43052966254098074 0.5107714448656354 0.004867179053170341 0.022122791835239956 0.1897592395544052
0 0.9573141506740025 0.5366999081202916 0.0074449266706194195 0.03986726488385882 0.16772156953811646
0 0.43575750078473774 0.5141619954790387 0.005410705293927874 0.02414076668875558 0.15616753697395325
0 0.9621985299246651 0.5399249281202044 0.00830984115600586 0.039494923182896206 0.1359095424413681
0 0.9527665546962193 0.5380332469940186 0.007716519492013114 0.04173530851091657 0.1284421682357788
0 0.08445053441183907 0.5356574399130685 0.006879116807665143 0.03127983638218471 0.1279952973127365
0 0.5526606014796666 0.5303177152361188 0.008944988250732422 0.04169549260820661 0.1202116310596466
0 0.548713071005685 0.5267250537872314 0.008116585867745536 0.03471449443272182 0.11732348054647446
0 0.08733229977743966 0.538546255656651 0.006951408726828439 0.032806396484375 0.1172773689031601
0 0.07947268656321935 0.5353258677891323 0.0064536333084106445 0.029616696493966237 0.11603841930627823
0 0.10626434428351265 0.5419272695268903 0.007990564618791853 0.033809355327061245 0.11158336699008942
0 0.5565453938075474 0.5331420217241559 0.009255647659301758 0.04253591809953962 0.11057015508413315
0 0.10288781779153007 0.5417003631591797 0.007834936891283308 0.033839021410260885 0.10854800790548325
0 0.08158801283155169 0.5418261119297573 0.007442627634320941 0.033279861722673686 0.10527654737234116
0 0.9492913654872349 0.5394844327654157 0.007480144500732422 0.04071967942374093 0.10526248812675476
0 0.10999814101627894 0.5423744746616909 0.00808412688119071 0.03516418593270438 0.09970563650131226
0 0.37998110907418386 0.5404142652239118 0.008924790791102819 0.035962275096348355 0.09955118596553802
0 0.0983788285936628 0.5415501935141427 0.007782689162663051 0.03420822960989816 0.09904932975769043
0 0.3757667200905936 0.5406548636300224 0.008887427193777902 0.03539443016052246 0.09700402617454529
0 0.09047353267669678 0.5411534990583148 0.007668946470533099 0.034759078707013814 0.09687191247940063
0 0.43824236733572824 0.5146171706063407 0.005762713296072823 0.022933108466012136 0.09603724628686905
0 0.09449965613228935 0.5413520676749093 0.00771456105368478 0.03450689996991839 0.09388183802366257
0 0.3853204590933664 0.5378397532871791 0.008596045630318778 0.03507086208888462 0.09056736528873444
0 0.8078413009643555 0.5435047149658203 0.008673872266496931 0.0366537230355399 0.09026122093200684
0 0.8039570535932269 0.5442272594996861 0.008466175624302455 0.03607736315046038 0.08875197917222977
0 0.537630558013916 0.5196389470781598 0.006350687571934291 0.024555819375174388 0.08711318671703339
0 0.5604203769138881 0.5351957593645368 0.009740352630615234 0.04427054950169155 0.08586529642343521
0 0.4296696867261614 0.5313222067696708 0.00809342520577567 0.03373374257768903 0.08582869917154312
0 0.944873537336077 0.539783273424421 0.007567473820277623 0.04088936533246722 0.08548303693532944
0 0.345120974949428 0.5439354010990688 0.009193726948329381 0.03438765662057059 0.0828121155500412
0 0.545698983328683 0.5219934327261788 0.0072127410343715125 0.031613860811506 0.08131948113441467
0 0.3694648742675781 0.5417394638061523 0.008750098092215402 0.034801176616123745 0.07905159890651703
0 0.34928369522094727 0.5438462666102818 0.009198767798287528 0.03435696874346052 0.07837017625570297
0 0.5402727808271136 0.5212414605276925 0.007261650902884347 0.030063492911202565 0.07819367200136185
0 0.39002139227730886 0.5376734733581543 0.008641208921160017 0.03506050791059222 0.07796276360750198
0 0.11453180653708321 0.5489176341465541 0.008378122534070696 0.0233457088470459 0.07673563063144684
0 0.34095008032662527 0.544046436037336 0.009120634623936244 0.03464439937046596 0.07530702650547028
0 0.11737620830535889 0.5427506651197161 0.008487113884517125 0.03554228373936245 0.07489237189292908
0 0.9377196175711495 0.5407619816916329 0.007788998740059989 0.039804935455322266 0.07277945429086685
0 0.38230534962245394 0.5322636195591518 0.008070434842790877 0.03254457882472447 0.07081369310617447
0 0.12141408239092145 0.542832442692348 0.0085541946547372 0.035405124936785014 0.06974036991596222
0 0.07695446695600237 0.5313496589660645 0.0062593647411891395 0.028399365288870677 0.06960788369178772
0 0.3830102171216692 0.5458151612962995 0.009506974901471819 0.026869024549211775 0.06952212750911713
0 0.39608137948172434 0.5364633968898228 0.008681127003261022 0.03535849707467215 0.0694182738661766
0 0.7996279171534947 0.5437455177307129 0.008421625409807478 0.036291497094290595 0.06929188221693039
0 0.6961638586861747 0.5447229657854352 0.009567669459751673 0.0363034861428397 0.06859931349754333
0 0.08193337917327881 0.5267533234187535 0.006261817046574184 0.025853565761021206 0.06853081285953522
0 0.564680780683245 0.5375327723366874 0.01013146127973284 0.045846053532191684 0.06759265810251236
0 0.35670954840523855 0.5437600953238351 0.00923882211957659 0.03409947667803083 0.06615147739648819
0 0.5699587549482074 0.5379902975899833 0.01006068502153669 0.046315601893833706 0.06584177166223526
0 0.5460859026227679 0.5362467765808105 0.009747471128191267 0.0455167293548584 0.06560512632131577
0 0.934316907610212 0.5469244548252651 0.008056300027029855 0.025890793119158064 0.06543299555778503
0 0.4182953153337751 0.5314228534698486 0.008322204862322127 0.03406579153878348 0.06512309610843658
0 0.12568698610578263 0.5430213383265904 0.008638628891536168 0.0352475643157959 0.06435868889093399
0 0.7039492470877511 0.5449010304042271 0.009874003274100167 0.03530716896057129 0.06285523623228073
0 0.09248899562018258 0.5320344652448382 0.007141641208103725 0.030942371913364956 0.0625666081905365
0 0.1308516263961792 0.5432216780526298 0.00865002189363752 0.03525464875357492 0.06196766346693039
0 0.3613711765834263 0.5433550902775356 0.009138209479195731 0.03402008329119001 0.0612717866897583
0 0.3995600087302072 0.5336051668439593 0.008206163133893694 0.03290023122514997 0.06017664447426796
0 0.365236759185791 0.5440939494541713 0.009257963725498744 0.03455689975193569 0.05981214717030525
0 0.1347912379673549 0.5435218811035156 0.008667102881840296 0.035169056483677456 0.059486087411642075
0 0.10074005808149065 0.5328517641339984 0.007399005549294608 0.03238143239702497 0.05946159362792969
0 0.4156266621180943 0.5259373528616769 0.007703406470162528 0.031579903193882534 0.058268290013074875
0 0.5286367280142648 0.5190870421273368 0.005859817777361188 0.023001773016793386 0.055727116763591766
0 0.3364041192190988 0.5441668374197823 0.009074551718575614 0.034808806010654995 0.05557328835129738
0 0.9313837460109166 0.5417017255510602 0.008127621241978236 0.03832847731454032 0.05556603893637657
0 0.9411960329328265 0.5363881928580148 0.007818562643868583 0.03725211960928781 0.05521335452795029
0 0.41881465911865234 0.5123671122959682 0.005428995404924665 0.027219465800694058 0.05182108283042908
0 0.578275203704834 0.5384215286799839 0.009946005684988839 0.045916352953229635 0.051696497946977615
0 0.07412629468100411 0.5311517374856132 0.006221038954598563 0.028379031590053012 0.05121169239282608
0 0.756364277430943 0.5450575692313058 0.009216581072126116 0.03440325600760324 0.050913117825984955
0 0.6916236196245465 0.5446236474173409 0.009904180254255022 0.037613902773175924 0.050886791199445724
0 0.5350292750767299 0.5161407334463937 0.0064083848680768695 0.026328257152012417 0.05075468868017197
0 0.7619237899780273 0.5449145180838448 0.009140219007219588 0.0346853392464774 0.05060122162103653
