0 0.4216503415788923 0.5337750911712646 0.008231673921857561 0.03540549959455218 0.23337596654891968
0 0.4265293393816267 0.526907239641462 0.007015296391078404 0.030880893979753767 0.22337226569652557
0 0.7026752744402204 0.5458616529192243 0.010576588766915458 0.03720160893031529 0.21926774084568024
0 0.781855855669294 0.5458545003618512 0.010842187064034598 0.03711860520499093 0.21783415973186493
0 0.42343613079616 0.525822639465332 0.006699221474783761 0.02882119587489537 0.19345355033874512
0 0.7873770850045341 0.5460208484104702 0.011259896414620536 0.03631223951067243 0.1837831288576126
0 0.7073899677821568 0.5462712900979179 0.010699476514543806 0.03641230719430106 0.1832060068845749
0 0.432215758732387 0.5315538474491665 0.0077637604304722375 0.03853396006992885 0.15867722034454346
0 0.3458399772644043 0.5449865886143276 0.009427240916660853 0.03301276479448591 0.14594562351703644
0 0.34145593643188477 0.5449660846165248 0.009547063282557897 0.03317093849182129 0.13935571908950806
0 0.10296763692583356 0.5430082593645368 0.00784323045185634 0.034463507788521905 0.13545982539653778
0 0.29021293776375906 0.5455959183829171 0.0100250244140625 0.033768415451049805 0.13500133156776428
0 0.5511986187526158 0.5271069662911552 0.0071353912353515625 0.034074408667428155 0.13291937112808228
0 0.5470174040113177 0.5266283580235073 0.007130282265799386 0.033802952085222514 0.13063575327396393
0 0.1067948511668614 0.543262277330671 0.007970963205610002 0.034511872700282505 0.13054795563220978
0 0.6987276077270508 0.5422156538282122 0.010384763990129744 0.042139598301478794 0.128388449549675
0 0.2947568893432617 0.5459120614188058 0.009903464998517717 0.03363602502005441 0.12653236091136932
0 0.41866847446986605 0.5278292383466449 0.00710296630859375 0.03210043907165527 0.1264437735080719
0 0.5805285998753139 0.5392579691750663 0.008672169276646205 0.04046426500592913 0.12552356719970703
0 0.0992178235735212 0.5428034237452916 0.007704198360443115 0.0344785281590053 0.12495812028646469
0 0.2848752226148333 0.5451171738760812 0.010031632014683314 0.03363462856837681 0.12310726940631866
0 0.5767100197928292 0.5391385895865304 0.008673463548932756 0.040662595203944614 0.12305936962366104
0 0.3872588702610561 0.5427961349487305 0.00947669574192592 0.0360290663582938 0.11953025311231613
0 0.35248684883117676 0.5447589669908796 0.00927802494594029 0.033213956015450616 0.11780703067779541
0 0.3944642203194754 0.5422018596104213 0.009364094052995955 0.03666513306753976 0.11769992858171463
0 0.5564234597342355 0.5300305230276925 0.007920060838971819 0.03891706466674805 0.11541923880577087
0 0.06499706421579633 0.5352957248687744 0.006129835333142962 0.03139543533325195 0.11513730138540268
0 0.9747896194458008 0.5261175632476807 0.006147725241524833 0.02851172855922154 0.11392930150032043
0 0.977381842476981 0.5262062208993095 0.005953039441789899 0.027772903442382812 0.11204550415277481
0 0.11074447631835938 0.5436911582946777 0.008466873850141252 0.03422025271824428 0.11152645945549011
0 0.06131701810019357 0.5349645614624023 0.006164180380957467 0.031341416495186944 0.1113881841301918
0 0.38259005546569824 0.5429431370326451 0.009480816977364677 0.03577140399387905 0.1103440448641777
0 0.7923392568315778 0.5450817516871861 0.01057284218924386 0.0373319217136928 0.10794004797935486
0 0.09412131990705218 0.5427680356161935 0.00771080596106393 0.03460305077689035 0.1073857769370079
0 0.06773243631635394 0.5357238224574498 0.006118059158325195 0.03203095708574567 0.10717953741550446
0 0.42740280287606375 0.5417096274239677 0.009174346923828125 0.03536827223641532 0.10669952630996704
0 0.33344227927071707 0.5449925831386021 0.009677648544311523 0.03347250393458775 0.10454726964235306
0 0.7758594240461077 0.54526458467756 0.01016582761492048 0.03768096651349749 0.10414227843284607
0 0.4163944721221924 0.5362823350088937 0.008582932608468192 0.037749256406511576 0.10346829891204834
0 0.562997545514788 0.5338950838361468 0.008028030395507812 0.03889015742710659 0.10335610806941986
0 0.5448432990482875 0.5216714314052037 0.00638655253819057 0.02918267250061035 0.10080362856388092
0 0.3013241631644113 0.5457822254725865 0.009762900216238839 0.03362774848937988 0.10078535228967667
0 0.37730891363961355 0.5429939201899937 0.009416886738368444 0.03558349609375 0.09839412569999695
0 0.43664492879595074 0.5247293540409633 0.006366865975516183 0.02837508065359933 0.09747184067964554
0 0.089411803654262 0.5427735533033099 0.007668989045279366 0.03472069331577846 0.09615465998649597
0 0.971008437020438 0.5259992054530552 0.006227561405726841 0.02937354360307966 0.09601439535617828
0 0.9686529295785087 0.5300947598048619 0.007188115801130023 0.03395019258771624 0.09561040997505188
0 0.5705024174281529 0.5387608664376395 0.008605105536324638 0.04188575063432966 0.09521753340959549
0 0.3282837186540876 0.5450819560459682 0.009655305317470006 0.03361473764692034 0.094569630920887
0 0.7119760513305664 0.5465138980320522 0.010619095393589564 0.03504020827157157 0.0941072478890419
0 0.3911330359322684 0.5484956673213414 0.009867463793073381 0.026054314204624722 0.09406774491071701
0 0.11540204286575317 0.5441006932939801 0.008943046842302595 0.03396568979535784 0.09339764714241028
0 0.5670615604945591 0.5361247062683105 0.008356400898524694 0.04154256411961147 0.09294656664133072
0 0.0485645021711077 0.5256295204162598 0.004921789680208478 0.02378746441432408 0.09019722044467926
0 0.5418907574244908 0.5213353974478585 0.006339141300746373 0.028783491679600308 0.0900079756975174
0 0.3224292482648577 0.5451873370579311 0.009697130748203822 0.033582448959350586 0.08980029821395874
0 0.4311338833400181 0.5209387370518276 0.005768026624407087 0.024681261607578824 0.08974789083003998
0 0.43409500803266254 0.5214800153459821 0.005969524383544922 0.0261688232421875 0.08958075195550919
0 0.37188754762922016 0.5433033534458706 0.009259871074131556 0.0353611877986363 0.08894552290439606
0 0.04286753705569676 0.5247359275817871 0.004981356007712228 0.02397595133100237 0.08844362944364548
0 0.4008667128426688 0.5406787736075265 0.009103536605834961 0.038147415433611186 0.08786394447088242
0 0.30571842193603516 0.5456951005118233 0.009780100413731166 0.03344307626996722 0.08723405748605728
0 0.965259483882359 0.5379083497183663 0.008145468575613839 0.03729305948529925 0.08649636805057526
0 0.05679833037512643 0.5307009220123291 0.0056706709521157405 0.029819965362548828 0.08591606467962265
0 0.2795157091958182 0.5449976921081543 0.010035327502659388 0.03348006520952497 0.08542896062135696
0 0.05062018121991839 0.5256670543125698 0.004704139062336513 0.023877927235194614 0.08527596294879913
0 0.08524795940944127 0.5427275385175433 0.007637679576873779 0.034899813788277764 0.0851307287812233
0 0.3365909031459263 0.5388233661651611 0.010056870324271066 0.03996270043509347 0.08484788984060287
0 0.9741637366158622 0.538053171975272 0.007002285548618862 0.036352293831961494 0.08351420611143112
0 0.5880390575953892 0.5401670592171806 0.008774076189313616 0.04049590655735561 0.08339901268482208
0 0.053068390914372036 0.5296475206102643 0.005828504051480975 0.02924278804234096 0.08075801283121109
0 0.3594516004834856 0.5443234443664551 0.00914907455444336 0.033924409321376255 0.07985915243625641
0 0.3165193966456822 0.545370170048305 0.009769848414829798 0.03334832191467285 0.07930775731801987
0 0.3659418651035854 0.5436679976327079 0.009170838764735631 0.034947565623692105 0.07832872122526169
0 0.5445879868098668 0.5340265546526227 0.008720942905970983 0.04576935086931501 0.07827664166688919
0 0.3108713286263602 0.545518125806536 0.009826149259294783 0.033260345458984375 0.0770840272307396
0 0.07208897386278425 0.5388374669211251 0.006640749318259103 0.03339433670043945 0.0768887847661972
0 0.12173645836966378 0.5445160184587751 0.009224951267242432 0.03383810179574149 0.07580304145812988
0 0.08137686763490949 0.5423906871250698 0.007491418293544224 0.034988233021327426 0.07537887990474701
0 0.5387001037597656 0.521038123539516 0.006268978118896484 0.02838233539036342 0.07442817091941833
0 0.06002349938665118 0.5263745444161552 0.004805811813899449 0.024640730449131558 0.0715879499912262
0 0.9627918515886579 0.5317707742963519 0.007696832929338727 0.03441030638558524 0.07049431651830673
0 0.05878990888595581 0.5383983680180141 0.006928550345557076 0.035441534859793525 0.06993941962718964
0 0.12713772909981863 0.5446175166538784 0.00926004137311663 0.033931425639561245 0.0688963383436203
0 0.1334325075149536 0.5447733742850167 0.009248026779719762 0.03400366646902902 0.06432731449604034
0 0.5586516516549247 0.5231874329703194 0.006582021713256836 0.0316953318459647 0.06414321064949036
0 0.43858660970415386 0.5200859478541783 0.005500180380684989 0.024256365639822825 0.06360936909914017
0 0.046350525958197455 0.5318574564797538 0.005923765046255929 0.030861377716064453 0.06332865357398987
0 0.9602492196219308 0.5408859934125628 0.008328233446393694 0.03805930273873465 0.0633268728852272
0 0.06290672506604876 0.5268945693969727 0.005167854683739799 0.027395248413085938 0.06165611371397972
0 0.6228006226675851 0.5425746100289481 0.009867395673479353 0.03910156658717564 0.06144784763455391
0 0.07639803205217634 0.5416116033281598 0.0069631678717476985 0.03448098046439035 0.06119922548532486
0 0.9560978072030204 0.538785457611084 0.008471352713448661 0.03596411432538714 0.061005599796772
0 0.4069255420139858 0.5392872265407017 0.00884910992213658 0.03977959496634347 0.060705624520778656
0 0.33683947154453825 0.5516763414655413 0.009590251105172294 0.021296773638044084 0.05968454107642174
0 0.1684164319719587 0.5454365866524833 0.009838291576930456 0.03279992512294224 0.05887807160615921
0 0.16249077660696848 0.5453414235796247 0.009842004094805037 0.0327331679207938 0.057649195194244385
0 0.6298755918230329 0.5435403074537005 0.010010378701346261 0.039108685084751675 0.05661793053150177
0 0.4110612188066755 0.5388241154806954 0.008860383714948381 0.03977400915963309 0.0558164156973362
0 0.32573090280805317 0.5515672138759068 0.009550026484898158 0.021400962557111467 0.05572149157524109
