0 0.922076906476702 0.5398255075727191 0.00912060056413923 0.043535164424351284 0.11671140789985657
0 0.5802427019391742 0.5350997447967529 0.009539808545793806 0.05076537813459124 0.10713917762041092
0 0.5422815595354352 0.5166854517800468 0.005763837269374302 0.02406031744820731 0.10524829477071762
0 0.5937739780970982 0.5384366852896554 0.010428088051932198 0.04778327260698591 0.09533672034740448
0 0.5870543888636998 0.5389902932303292 0.010125296456473214 0.04765456063406808 0.08632128685712814
0 0.9177171162196568 0.5410541806902204 0.008985587528773717 0.04289426122392927 0.08620255440473557
0 0.5461844035557338 0.5169941016605922 0.005710431507655552 0.023930277143205916 0.08154446631669998
0 0.9120997020176479 0.5414585386003766 0.00908511025565011 0.04094154494149344 0.08132342994213104
0 0.5836192539760044 0.5388589927128383 0.009974547794886999 0.04796804700578962 0.08098804950714111
0 0.40768211228506906 0.5344711712428502 0.007940905434744698 0.03466687883649554 0.08096005022525787
0 0.4384054115840367 0.5195188181740897 0.005653313228062221 0.019399711063929966 0.07806709408760071
0 0.4234837804521833 0.5245023454938617 0.0065386976514543805 0.0244842597416469 0.071256622672081
0 0.10890153476170131 0.5471012932913644 0.0083091173853193 0.02905341557094029 0.06920196115970612
0 0.4268577439444406 0.5244342940194267 0.0066798414502825055 0.02558234759739467 0.068747378885746
0 0.8827321188790458 0.5399542536054339 0.008826323917933874 0.040646450860159736 0.06826551258563995
0 0.4299065044948033 0.5258773394993373 0.0069610050746372765 0.027851785932268416 0.06405771523714066
0 0.4237392970493862 0.5352216448102679 0.007654360362461635 0.03212342943464007 0.06319406628608704
0 0.9632955278669085 0.5272361210414341 0.006323814392089844 0.029844726834978377 0.059890538454055786
0 0.5442479678562709 0.5204380920955113 0.0066226209912981305 0.02649634225027902 0.05973973497748375
0 0.3937010424477713 0.5434361185346331 0.008710861206054688 0.035412754331316264 0.055745285004377365
0 0.6208139147077288 0.5390345709664481 0.010070937020438058 0.04801109858921596 0.054985929280519485
0 0.40340352058410645 0.5350603376116071 0.007877894810267858 0.03499082156590053 0.05372832715511322
0 0.44120192527770996 0.5191318648202079 0.005522387368338448 0.01856841359819685 0.053436774760484695
0 0.10572332995278495 0.545753002166748 0.008162694317953927 0.030194248471941267 0.0515313483774662
0 0.42810276576450895 0.5319335801260812 0.007497174399239677 0.031973464148385186 0.05041242763400078
