0 0.5596180643354144 0.5339507375444684 0.008859566279820033 0.0490269660949707 0.6359702944755554
0 0.5641617774963379 0.5313786779131208 0.008803537913731166 0.0456087589263916 0.6352678537368774
0 0.40515211650303434 0.5231399536132812 0.006738288061959403 0.029680558613368442 0.6324464678764343
0 0.40292160851614817 0.5285920756203788 0.007597446441650391 0.033320018223353794 0.6321914792060852
0 0.5563409669058663 0.5264103753226144 0.008217777524675642 0.041864871978759766 0.6317171454429626
0 0.40806565965924946 0.5221645491463798 0.006642511912754604 0.029213871274675642 0.6294134259223938
0 0.5533554894583566 0.533980165209089 0.0087148802621024 0.049574817929949076 0.6264249086380005
0 0.3987348420279367 0.5287532125200544 0.007268530981881278 0.03389058794294085 0.6243186593055725
0 0.5612811020442418 0.518042768750872 0.007350240434919085 0.03768236296517508 0.6186784505844116
0 0.5681250435965401 0.5348853383745465 0.010257823126656669 0.05584624835423061 0.607630729675293
0 0.4106223242623465 0.5208700043814523 0.0061122008732387 0.027827841894967214 0.5664172768592834
0 0.550426721572876 0.5268962723868233 0.008520194462367467 0.04045619283403669 0.5619508028030396
0 0.4061345713479178 0.5390005792890277 0.009855338505336217 0.038352523531232564 0.4059867262840271
0 0.41049017224993023 0.5356762068612235 0.008598021098545619 0.04326605796813965 0.3830795884132385
0 0.5738605090550014 0.5404131753104073 0.008531808853149414 0.04099696023123605 0.3672853112220764
0 0.5470517703465053 0.5230959483555385 0.007450035640171596 0.03599367822919573 0.3145153522491455
0 0.41323232650756836 0.5187455586024693 0.006307227270943778 0.028271164212908064 0.268081933259964
0 0.6835492679050991 0.542682307107108 0.00848538534981864 0.03724888392857143 0.26584213972091675
0 0.5439667701721191 0.5321930476597377 0.00887819698878697 0.04458246912275042 0.2647404670715332
0 0.41638387952532085 0.5216286523001534 0.006263903209141323 0.029019696371895925 0.2557760775089264
0 0.9605789184570312 0.533243111201695 0.007058688572474888 0.03558509690420968 0.21885478496551514
0 0.3943603379385812 0.5241556167602539 0.0062252793993268695 0.031672818320138116 0.2170996218919754
0 0.6878513608660016 0.543198687689645 0.008681501661028181 0.0375760623386928 0.19729666411876678
0 0.5722183500017438 0.5247472354343959 0.007103613444737026 0.04585685048784528 0.18623606860637665
0 0.6765052931649345 0.5426675251552037 0.009015083312988281 0.037803547722952704 0.1820887178182602
0 0.9568390165056501 0.5333897726876395 0.006779466356549945 0.03573461941310337 0.1790207475423813
0 0.4188602311270578 0.5308520112718854 0.0078007493700299945 0.037585394723074775 0.17357665300369263
0 0.39390672956194195 0.5355757304600307 0.009062324251447405 0.04253949437822614 0.17169588804244995
0 0.5780783380780902 0.5454298428126744 0.00844778333391462 0.029948983873639787 0.1563100963830948
0 0.9630797931126186 0.5287967068808419 0.00672149658203125 0.033216544560023716 0.1490759402513504
0 0.9539010184151786 0.5391069820949009 0.007050446101597377 0.03837735312325614 0.14324355125427246
0 0.5805421556745257 0.5366385323660714 0.011583123888288225 0.05274650028773716 0.14058621227741241
0 0.5431318623679025 0.518665109361921 0.006969928741455078 0.03302001953125 0.1356179267168045
0 0.9681965964181083 0.5252624579838344 0.005737781524658203 0.027835300990513394 0.1324305385351181
0 0.39786665780203684 0.5431249141693115 0.009638071060180664 0.030618667602539062 0.12859007716178894
0 0.5315424374171666 0.5190865652901786 0.006010668618338448 0.02432976450238909 0.1272471398115158
0 0.692225728716169 0.5433468818664551 0.008823531014578683 0.037495510918753486 0.12666669487953186
0 0.9656590053013393 0.5257246153695243 0.006241457802908761 0.02854292733328683 0.12203066051006317
0 0.4259307725088937 0.5199580533163888 0.0058596134185791016 0.02453742708478655 0.11692295223474503
0 0.9659333910260882 0.5401593617030552 0.00792694091796875 0.03927370480128697 0.11676828563213348
0 0.5903340748378209 0.5413650785173688 0.008581774575369698 0.0396688665662493 0.10878470540046692
0 0.9749762671334403 0.5209644862583706 0.005465235028948102 0.0248934200831822 0.10802905261516571
0 0.4188289982931955 0.5173701899392265 0.005917276654924665 0.02636010306222098 0.10187811404466629
0 0.6716819490705218 0.5428217479160854 0.009062153952462333 0.03764959744044712 0.09665519744157791
0 0.9507555961608887 0.539433343069894 0.006961958748953683 0.038460765566144674 0.09511803090572357
0 0.9774344308035714 0.5203617640904018 0.005024569375174386 0.02464423860822405 0.09202440828084946
0 0.9716126578194755 0.5215581144605365 0.005789824894496373 0.025470597403390065 0.09126952290534973
0 0.18644264766148158 0.5456275939941406 0.009263225964137487 0.03315142222813198 0.09088876098394394
0 0.19030771936689103 0.5472182886941093 0.009420173508780343 0.03135313306535993 0.08400565385818481
0 0.18264942509787424 0.5424677644457135 0.009387969970703125 0.03955582209995815 0.0819355696439743
0 0.4217325619288853 0.5180887494768415 0.00597102301461356 0.028879472187587192 0.0813705325126648
0 0.17914479119437082 0.5454550811222622 0.00912524972643171 0.03315986905779157 0.08074500411748886
0 0.4225630760192871 0.5334349359784808 0.008265869958060128 0.040626696177891324 0.079372838139534
0 0.5387932913643974 0.5230806214468819 0.008279868534633092 0.05201499802725656 0.07779765874147415
0 0.5367345809936523 0.5153860364641462 0.00535508564540318 0.02254305567060198 0.0767693966627121
0 0.9472806113106864 0.5397051402500698 0.006855215345110212 0.03837493487766811 0.07358179241418839
0 0.15315049035208567 0.5451160839625767 0.008774025099618095 0.03299910681588309 0.07337877154350281
0 0.157716018812997 0.5452982016972133 0.00886671883719308 0.03285271780831473 0.0733492448925972
0 0.39023079190935406 0.5387300082615444 0.008434500013078963 0.03940864971705845 0.07307343184947968
0 0.5282094478607178 0.5150996276310512 0.005156176430838448 0.021154403686523438 0.0716695487499237
0 0.34125471115112305 0.5439630917140416 0.0087061950138637 0.0347048214503697 0.0712716281414032
0 0.3453113010951451 0.5439502852303642 0.008706535611833845 0.034598316465105326 0.07069289684295654
0 0.1717792238507952 0.5454903330121722 0.00923454761505127 0.03290963172912598 0.07062031328678131
0 0.41544900621686665 0.5404532977512905 0.009261165346418108 0.03768188612801688 0.07038369029760361
0 0.0868473904473441 0.5423952170780727 0.007142816271100726 0.030933243887765065 0.06853248924016953
0 0.16219329833984375 0.5454001426696777 0.009058185986110143 0.03272639002118792 0.06850523501634598
0 0.09133906023842948 0.5424949782235282 0.007134224687303815 0.0312413147517613 0.06835117936134338
0 0.14813494682312012 0.5450224195207868 0.008743541581290109 0.03310479436601911 0.06790641695261002
0 0.5311984675271171 0.5293078422546387 0.008258070264543806 0.04020094871520996 0.06752080470323563
0 0.16692488534109934 0.5455221108027867 0.009217756135123116 0.03271368571690151 0.06666439771652222
0 0.5242096015385219 0.5191373143877301 0.006012507847377232 0.024091414042881558 0.06631135940551758
0 0.08903534923280988 0.5364081518990653 0.006333010537283761 0.030188901083809987 0.06508760899305344
0 0.9423422132219587 0.5398968287876674 0.006806032998221261 0.03812323297773089 0.0650658831000328
0 0.6987983158656529 0.5436879566737584 0.008826732635498047 0.03668379783630371 0.06381390988826752
0 0.35326528549194336 0.5436571666172573 0.008813074656895228 0.03450713838849749 0.06339594721794128
0 0.3337789944240025 0.5444808006286621 0.008955751146589006 0.03426521165030343 0.06211653724312782
0 0.9391939980643136 0.540520327431815 0.00681652341570173 0.03779670170375279 0.06195008382201195
0 0.3858728749411447 0.5289839335850307 0.006926059722900391 0.03307625225612095 0.06151080131530762
0 0.5546956743512835 0.5109793799264091 0.006837912968226841 0.03869850294930594 0.06117002293467522
0 0.9325455256870815 0.5426997457231794 0.007236957550048828 0.036441496440342495 0.06059732288122177
0 0.08308579240526472 0.542102609361921 0.007058918476104736 0.0305328369140625 0.060476019978523254
0 0.6679307392665318 0.5488308838435582 0.008932181767054967 0.025257042476109097 0.05988743528723717
0 0.1975909812109811 0.5471671649387905 0.00913034166608538 0.031248841966901506 0.05986237898468971
0 0.9359823635646275 0.5412277153560093 0.00684152330671038 0.03756066731044224 0.05979614332318306
0 0.4281482015337263 0.5170972687857491 0.0057414259229387555 0.02853362900870187 0.05969025939702988
0 0.0962046810558864 0.5425380638667515 0.007148776735578265 0.03155449458530971 0.05896211415529251
0 0.38432066781180246 0.5390663828168597 0.008397136415754045 0.039118051528930664 0.05876275897026062
0 0.14324586732046946 0.5449278695242745 0.008709899016789027 0.03316831588745117 0.05865585431456566
0 0.08026908976691109 0.5394087518964495 0.006636313029697963 0.030566624232700894 0.05834114924073219
0 0.04932992798941476 0.5253174304962158 0.0048103417669023785 0.0213101931980678 0.05787704139947891
0 0.6648837498256138 0.5427047184535435 0.009071690695626395 0.03754762240818569 0.05636507272720337
0 0.05311128071376255 0.5253778866359166 0.004681778805596488 0.02084009987967355 0.05587199702858925
0 0.34873151779174805 0.5501487255096436 0.009128740855625697 0.022579124995640347 0.054459527134895325
0 0.17605250222342356 0.5398765291486468 0.009273273604256766 0.042285612651279995 0.05374710261821747
0 0.05562079804284232 0.5255392960139683 0.004741860287530082 0.021151883261544362 0.05348561331629753
0 0.05834341049194336 0.5305204050881522 0.005473996911730085 0.02513749258858817 0.053298331797122955
0 0.32849318640572683 0.5450307301112584 0.008923428399222237 0.03384886469159808 0.05280350148677826
0 0.045010779585157125 0.5249542168208531 0.005081427948815482 0.02336958476475307 0.052775654941797256
0 0.06236651114055088 0.5310234342302594 0.0055354791028159 0.025731801986694336 0.051845844835042953
0 0.37954092025756836 0.5398824214935303 0.00847867556980678 0.0383796010698591 0.05083340406417847
