0 0.9624129022870745 0.5362922123500279 0.006167139325823102 0.03328619684491839 0.45042508840560913
0 0.9688318797520229 0.5277770587376186 0.0061337607247488836 0.02970985003880092 0.2503412961959839
0 0.9722329548427037 0.5260165759495327 0.005702495574951172 0.027614048549107144 0.24991214275360107
0 0.9704240390232631 0.525329623903547 0.005548885890415737 0.026554584503173828 0.24000132083892822
0 0.976179940359933 0.5202884333474296 0.00471571513584682 0.02005502155848912 0.23757398128509521
0 0.97416809626988 0.5201858792986188 0.004790306091308594 0.0211005551474435 0.21440814435482025
0 0.9563535962785993 0.5304290226527623 0.006914206913539341 0.0319326605115618 0.2062338888645172
0 0.9540704999651227 0.5401505061558315 0.008108207157679967 0.038371188299996514 0.17989489436149597
0 0.9583343778337751 0.5285301208496094 0.006390503474644252 0.029196092060634067 0.1671552062034607
0 0.0826402221407209 0.5379318169185093 0.006942144462040493 0.030878748212541853 0.16458146274089813
0 0.9657957894461495 0.5251815659659249 0.005394595009940011 0.025593927928379605 0.1324121057987213
0 0.9606277602059501 0.5306448936462402 0.006839888436453683 0.03689912387302944 0.12698839604854584
0 0.08938222272055489 0.5422141892569405 0.007390286241258893 0.03014983449663435 0.1264612376689911
0 0.5483340195247105 0.5333140918186733 0.007477964673723493 0.03678039142063686 0.11320699751377106
0 0.9499826431274414 0.5400070462908063 0.008188315800258092 0.03596435274396624 0.10308091342449188
0 0.16881779261997767 0.5470267704554966 0.008655122348240443 0.02957871982029506 0.10212759673595428
0 0.5354505947657994 0.5252494812011719 0.005901745387486049 0.02576657703944615 0.10127528756856918
0 0.5414553029196603 0.5253392628261021 0.006223065512520927 0.028633969170706614 0.09921145439147949
0 0.10089612858636039 0.5441144193921771 0.007608090128217425 0.03195960181100028 0.09497455507516861
0 0.08578014373779297 0.541569573538644 0.007640761988503593 0.029264450073242188 0.09418469667434692
0 0.0949388827596392 0.5429577146257673 0.007315788950238909 0.03143927029200962 0.09094246476888657
0 0.09758852209363665 0.5439410209655762 0.007639765739440918 0.031303984778268 0.08886291086673737
0 0.10734379291534424 0.5457000391823905 0.007954469748905726 0.030275753566196988 0.08664383739233017
0 0.5450427532196045 0.5258171558380127 0.006228787558419364 0.03004469190325056 0.08520153909921646
0 0.10429046835218157 0.5402826581682477 0.007717209202902657 0.03275670324053083 0.07911527156829834
0 0.9467597688947406 0.5399718284606934 0.007885592324393136 0.03469116347176688 0.07751841843128204
0 0.0682185845715659 0.5310094697134835 0.006242590291159493 0.026807614735194614 0.0749812051653862
0 0.5720842906406948 0.5397211142948696 0.00836845806666783 0.04126596450805664 0.07444429397583008
0 0.928274427141462 0.5410113334655762 0.008762563977922713 0.04373315402439663 0.07325573265552521
0 0.552325998033796 0.5360924175807408 0.00794877324785505 0.03745780672345843 0.0727681815624237
0 0.9826099531991142 0.5197968482971191 0.004641396658761161 0.021784203393118724 0.072380430996418
0 0.06162064416067941 0.535294600895473 0.006524848086493356 0.02774841444832938 0.07236216962337494
0 0.9413878577096122 0.5403432846069336 0.008237770625523158 0.03990745544433594 0.06938489526510239
0 0.579026630946568 0.5407189982278007 0.008913380759102958 0.041727542877197266 0.06610403209924698
0 0.11105913775307792 0.5469168594905308 0.007642788546425956 0.02940314156668527 0.06352244317531586
0 0.08723149980817523 0.5358726978302002 0.007053639207567487 0.03256559371948242 0.062200628221035004
0 0.5384468351091657 0.5216258934565953 0.006000893456595284 0.02619246074131557 0.06201351433992386
0 0.16582860265459334 0.5466106959751674 0.008565511022295271 0.029634850365774974 0.06169743090867996
0 0.5264485563550677 0.5199803624834333 0.0049125126429966515 0.019315242767333984 0.060431186109781265
0 0.17636571611676896 0.5469705377306256 0.00852978229522705 0.029075009482247487 0.05997125059366226
0 0.5751398631504604 0.5401427064623151 0.008614335741315569 0.0404731205531529 0.05967947468161583
0 0.9651342800685337 0.5412288733891079 0.006794112069266183 0.03690508433750698 0.058305609971284866
0 0.5691017423357282 0.5399731227329799 0.008394547871180944 0.040116344179425924 0.0581347681581974
0 0.558563232421875 0.5347981452941895 0.0076743534633091515 0.03777555056980678 0.05440474674105644
0 0.06408189024244036 0.528287410736084 0.00557128872190203 0.02299938883100237 0.053755633533000946
0 0.5623885563441685 0.5371268817356655 0.008025339671543666 0.0374671391078404 0.05197061598300934
0 0.9846868515014648 0.519827161516462 0.00475590569632394 0.021255970001220703 0.05020638182759285
0 0.938459941319057 0.5415632724761963 0.008363042558942522 0.04037925175258091 0.05005335435271263
