0 0.9691596712384906 0.5273288318089077 0.006116526467459542 0.031112057822091237 0.23839111626148224
0 0.9654392514910016 0.5275184086390904 0.005993025643484933 0.031925507954188755 0.19971957802772522
0 0.9716140883309501 0.5277951104300362 0.0061337607247488836 0.03184018816266741 0.18666735291481018
0 0.08228628976004464 0.538827623639788 0.00691986083984375 0.02977020399911063 0.13659915328025818
0 0.959580625806536 0.534876789365496 0.007252965654645648 0.0390667234148298 0.11478320509195328
0 0.9619481222970145 0.5304379463195801 0.007090772901262555 0.0358147280556815 0.11153772473335266
0 0.07932224443980626 0.5367662906646729 0.006514055388314384 0.029429708208356584 0.10716328769922256
0 0.9547194072178432 0.5392443111964634 0.007841042109898158 0.038333075387137275 0.09630320966243744
0 0.08649027347564697 0.5396298340388707 0.006995482104165214 0.02893761226109096 0.08992069959640503
0 0.9498093468802316 0.5393158367701939 0.008051599775041853 0.03658628463745117 0.0863468125462532
0 0.9573420797075544 0.5387787137712751 0.0077223096575055805 0.037587063653128486 0.08524448424577713
0 0.9460812296186175 0.5398087842123849 0.007789475577218192 0.039486544472830634 0.0823633149266243
0 0.9518677847726005 0.5357561792646136 0.007246358054024833 0.04041198321751186 0.08017060160636902
0 0.9425013405936105 0.5405035018920898 0.008286271776471819 0.04070397785731724 0.07440703362226486
0 0.9325558798653739 0.5409479141235352 0.00801992416381836 0.041773319244384766 0.07347121834754944
0 0.3666619913918631 0.5423932756696429 0.008615493774414062 0.03711305345807757 0.06679559499025345
0 0.39522218704223633 0.5363493306296212 0.007238013403756278 0.0343958990914481 0.06265859305858612
0 0.3699567658560617 0.5439106396266392 0.007972887584141322 0.03450182506016323 0.06190961226820946
0 0.5425511768886021 0.5213595117841449 0.0052912916455950055 0.02170859064374651 0.05744195729494095
0 0.9353204454694476 0.5415402139936175 0.008400372096470423 0.0399172306060791 0.05510624498128891
0 0.5879568372453962 0.5409161703927177 0.008999075208391463 0.03771216528756278 0.05461064726114273
0 0.58512054170881 0.5416243416922433 0.008593014308384486 0.03710968153817313 0.05449128523468971
0 0.5454287528991699 0.5261832645961216 0.005862133843558175 0.025203466415405273 0.05111493170261383
