0 0.1227770107133048 0.5434587342398507 0.00897533552987235 0.03528196471078055 0.45978447794914246
0 0.12729124511991227 0.5428904124668666 0.008972968373979841 0.036232164927891324 0.35658347606658936
0 0.11918417045048305 0.5410454954419818 0.007863453456333705 0.034596034458705356 0.3095211982727051
0 0.12090579952512469 0.55269684110369 0.010312063353402274 0.022987978799002513 0.2719249725341797
0 0.1333411591393607 0.5429108142852783 0.009112051555088587 0.03598642349243164 0.21029417216777802
0 0.11449458769389562 0.5432038988385882 0.008056793894086565 0.034913948604038784 0.18981491029262543
0 0.13888379505702428 0.5432906150817871 0.009045864854540144 0.03570498738970075 0.15094660222530365
0 0.547846930367606 0.5264274733407157 0.006619283131190709 0.030770574297223772 0.14049196243286133
0 0.5456043992723737 0.5209458555494036 0.005688394818987165 0.025823184422084262 0.1374656856060028
0 0.13076317310333252 0.5522865567888532 0.010398822171347482 0.024538278579711914 0.13607484102249146
0 0.14413433415549143 0.5434512751443046 0.009107087339673723 0.03560699735369001 0.13259322941303253
0 0.5419384411403111 0.5208320617675781 0.005674566541399274 0.025567020688738142 0.12822379171848297
0 0.14786587442670548 0.5399206025259835 0.008827975818089076 0.038782290049961636 0.11824296414852142
0 0.5513671125684466 0.5304046358380999 0.0076721736363002235 0.03595573561532157 0.11526530236005783
0 0.5440682343074253 0.5294325011117118 0.007603236607142857 0.03614272390093122 0.11381924897432327
0 0.5387253761291504 0.5206607069287982 0.00560307502746582 0.025411742074148997 0.10984720289707184
0 0.2493929692677089 0.5450144154684884 0.009589569909232003 0.03302397046770368 0.10689529031515121
0 0.15223496300833567 0.5436688831874302 0.009232572146824427 0.035304716655186245 0.10547608137130737
0 0.10973799228668213 0.5431536946977887 0.00795513391494751 0.034906251089913506 0.10225094109773636
0 0.9648545128958566 0.5260702201298305 0.0060907091413225445 0.027989728110177175 0.09875547885894775
0 0.535435676574707 0.5205432346888951 0.005527496337890625 0.02524168150765555 0.09036577492952347
0 0.24489799567631312 0.5453643117632184 0.009231124605451311 0.033292906624930244 0.0855058953166008
0 0.10435088191713605 0.5430947712489537 0.007956334522792272 0.03489143507821219 0.0846719816327095
0 0.2575594357081822 0.5448825699942452 0.009781428745814733 0.03324750491550991 0.08393087238073349
0 0.5486786706107003 0.5386508532932827 0.008569410869053431 0.04233772414071219 0.07606258243322372
0 0.6057232448032924 0.5431995391845703 0.009465830666678292 0.037640435355050225 0.0760335624217987
0 0.6099367822919574 0.5433707237243652 0.009463037763323103 0.037664788109915595 0.07478881627321243
0 0.08854689768382482 0.5396410397120884 0.006634984697614398 0.03240762438092913 0.07478749752044678
0 0.36834113938467844 0.5427062170846122 0.008246149335588728 0.03388251577104841 0.07379016280174255
0 0.09965355055672782 0.5429197379520961 0.007951489516666957 0.03463663373674665 0.07366889715194702
0 0.08373829296657018 0.5391837528773716 0.006519036633627755 0.031608751841953824 0.07229502499103546
0 0.09541781459535871 0.5426948070526123 0.007739475795200893 0.034231867109026225 0.06852449476718903
0 0.09137878247669765 0.543180091040475 0.00775785105569022 0.035282679966517856 0.06787877529859543
0 0.5543638978685651 0.5217680249895368 0.006451742989676339 0.02887793949672154 0.0677640363574028
0 0.3617931434086391 0.5437566212245396 0.009055341993059431 0.033679110663277764 0.06752648949623108
0 0.2522618089403425 0.5520755904061454 0.009892702102661133 0.021501847675868442 0.0671796128153801
0 0.40094406264168875 0.53537460735866 0.0066035134451729914 0.0278146607535226 0.0633925274014473
0 0.15735394614083426 0.5437585966927665 0.009230358260018485 0.03535866737365723 0.06310164928436279
0 0.04226704154695783 0.5249744824000767 0.004944648061479841 0.023435865129743303 0.061443254351615906
0 0.532884052821568 0.5158871923174176 0.004643474306379046 0.021933351244245256 0.060264818370342255
0 0.5567811557224819 0.5392778260367257 0.00870370864868164 0.042302097593035014 0.05982892960309982
0 0.9610135214669364 0.5298471110207694 0.00717442376273019 0.03385857173374721 0.05941420793533325
0 0.2626666682107108 0.5447722843715123 0.00987342425755092 0.03328626496451242 0.05908245965838432
0 0.04547282627650669 0.5249279567173549 0.005007914134434291 0.02241349220275879 0.05888964235782623
0 0.2523883070264544 0.5386713572910854 0.008936473301478795 0.04044999395098005 0.05710446834564209
0 0.4059255463736398 0.526421342577253 0.0055849552154541016 0.023417370659964427 0.0568467453122139
0 0.6150379180908203 0.5494628633771624 0.009334768567766463 0.025912012372698103 0.056687645614147186
0 0.3980166230882917 0.5387751715523856 0.007229260035923549 0.030657121113368442 0.05580170825123787
0 0.03632557392120361 0.5243612698146275 0.004805390323911395 0.023848465510777066 0.05527067929506302
0 0.40380750383649555 0.5381401947566441 0.007152182715279716 0.03052595683506557 0.05522172152996063
0 0.5973011425563267 0.5419489656175885 0.009127208164760045 0.03852019991193499 0.054699353873729706
0 0.6186699186052594 0.5436559404645648 0.009482315608433314 0.03730017798287528 0.0539584644138813
0 0.43533124242510113 0.5202087674822126 0.004863739013671875 0.018644775663103377 0.05365077406167984
0 0.23733789580208914 0.5455701691763741 0.009034020560128348 0.03351133210318429 0.05364752560853958
0 0.9705167497907367 0.5209886346544538 0.005227770124162946 0.025273663657052175 0.05360041931271553
0 0.12942945957183838 0.5334741728646415 0.008336910179683141 0.0402249949319022 0.05354897305369377
0 0.43099866594587055 0.5204900332859584 0.004926988056727818 0.01895979472569057 0.053521085530519485
0 0.4287541593824114 0.5282425199236188 0.006189550672258649 0.026460136686052595 0.05297423526644707
0 0.4068585123334612 0.5378167969839913 0.0071103572845458984 0.03054513250078474 0.052890561521053314
0 0.37416137967790875 0.5423023360116142 0.007962431226457869 0.033574070249285014 0.05243590474128723
0 0.15459568159920828 0.534419093813215 0.008543457303728377 0.041330269404820034 0.05215782672166824
0 0.39758184977940153 0.5271025385175433 0.005682434354509626 0.025036914008004323 0.05184805020689964
0 0.5361552919660296 0.5358082566942487 0.00797234262738909 0.03780726024082729 0.051808472722768784
0 0.4234088148389544 0.5256445748465401 0.005552087511335101 0.021687848227364675 0.05125178024172783
0 0.5621041910988944 0.5368820258549282 0.008269241877964564 0.04110166004725865 0.051213283091783524
0 0.40892015184674946 0.5262618064880371 0.005692311695643834 0.021905183792114258 0.05105038359761238
0 0.07851130621773857 0.5386451312473842 0.00643465348652431 0.030948877334594727 0.05033574253320694
