0 0.37356172289167133 0.5402112007141113 0.009151288441249303 0.04016784259251186 0.6283583641052246
0 0.36935928889683317 0.5401537758963448 0.008875438145228795 0.04041222163609096 0.6267245411872864
0 0.37808057240077425 0.5342093535831997 0.00892812865121024 0.041407925742013116 0.6222119927406311
0 0.36471329416547504 0.5400385856628418 0.00883552006312779 0.04086899757385254 0.6209759712219238
0 0.38235957281930105 0.5361736161368233 0.0076699938092912945 0.03548516545976911 0.6138556003570557
0 0.38477836336408344 0.5448947634015765 0.009026799883161272 0.032453911645071845 0.5699415802955627
0 0.38678223746163504 0.5358410222189767 0.007598502295357841 0.035472324916294644 0.5097113251686096
0 0.3907363074166434 0.5384024211338588 0.008055789130074638 0.037643330437796454 0.47338318824768066
0 0.3598566395895822 0.5417575495583671 0.009094851357596261 0.04032332556588309 0.46101880073547363
0 0.37222085680280415 0.5270139830453056 0.00752432005746024 0.03990425382341657 0.36053046584129333
0 0.3553412982395717 0.5411367075783866 0.008840765271868025 0.039903572627476284 0.2537795603275299
0 0.9588298797607422 0.5312085151672363 0.006923266819545201 0.03490935053144183 0.2375372350215912
0 0.9553170204162598 0.5372917992728097 0.007366316659109933 0.036784512656075616 0.23111191391944885
0 0.548201356615339 0.526160648890904 0.006343466894967216 0.029424054282052175 0.23063722252845764
0 0.5521971838814872 0.5297831467219761 0.007189103535243443 0.03468520300728934 0.22097577154636383
0 0.39385264260428293 0.5318965571267265 0.007232155118669782 0.0344001225062779 0.2081853449344635
0 0.3848479134695871 0.5282442569732666 0.006818090166364398 0.03092820303780692 0.19773918390274048
0 0.14135120596204484 0.5452092375074115 0.008266244615827287 0.03424303872244699 0.19149614870548248
0 0.13713601657322474 0.5454094069344657 0.008174053260258265 0.03425955772399902 0.18641957640647888
0 0.10521491084780012 0.54389374596732 0.0072508880070277625 0.03246191569737026 0.1738072633743286
0 0.5579391547611782 0.5359343120029995 0.007935796465192522 0.03946907179696219 0.1733996421098709
0 0.10164346013750349 0.5437286240713937 0.007159309727805001 0.03256644521440778 0.16994424164295197
0 0.10937731606619698 0.543999331338065 0.0072244831493922645 0.03253820964268276 0.16733556985855103
0 0.5442967414855957 0.5211959566388812 0.005650554384504046 0.02595506395612444 0.16664442420005798
0 0.09802378926958356 0.5435670784541539 0.007106116839817592 0.03262199674333845 0.16252125799655914
0 0.14777673993791854 0.5452308654785156 0.008571199008396693 0.03392430714198521 0.15937013924121857
0 0.5417697089059013 0.5209873744419643 0.005657809121268136 0.025668995720999583 0.15526360273361206
0 0.1328439371926444 0.5455030713762555 0.008191219397953578 0.03438741820199149 0.15282265841960907
0 0.9608592987060547 0.5405139241899762 0.00816495077950614 0.04047196252005441 0.1508508175611496
0 0.9518944876534599 0.5369815145220075 0.007676737649100167 0.03695900099618094 0.14942561089992523
0 0.5647059849330357 0.5342411994934082 0.007632085255214146 0.03693747520446777 0.14643530547618866
0 0.960949352809361 0.5262744086129325 0.006090368543352399 0.03055535043988909 0.14171814918518066
0 0.09357494115829468 0.5406475067138672 0.006723557199750628 0.032107761928013394 0.13989701867103577
0 0.5617919649396624 0.5380432605743408 0.008219752992902483 0.04040322984967913 0.13911212980747223
0 0.5388790198734829 0.5208868299211774 0.005629335130964007 0.025282587323869978 0.13761630654335022
0 0.3505101203918457 0.5417634419032505 0.008730173110961914 0.03935578891209194 0.12873701751232147
0 0.11515537330082484 0.5445724214826312 0.007418019430977958 0.03355574607849121 0.12861469388008118
0 0.09069262232099261 0.5402629716055733 0.0066016146114894324 0.03170684405735561 0.12655124068260193
0 0.5678901672363281 0.5387630803244454 0.00813596589224679 0.04104757308959961 0.118088498711586
0 0.12876011644090926 0.5454886300223214 0.008213520050048828 0.03451034000941685 0.11318199336528778
0 0.5728608540126255 0.5397603852408273 0.007984365735735213 0.040330512183053155 0.11082044988870621
0 0.08736117397035871 0.5398544243403843 0.006391593388148716 0.031201635088239397 0.10866886377334595
0 0.5433904102870396 0.5323421614510673 0.007700341088431222 0.038409267153058736 0.10236717760562897
0 0.34628214154924664 0.5424786295209613 0.008586440767560686 0.03862953186035156 0.09763962775468826
0 0.1541165624346052 0.5453152656555176 0.008667247635977609 0.03382529531206403 0.09658615291118622
0 0.39787115369524273 0.5313852855137416 0.007147141865321568 0.03367553438459124 0.09477531164884567
0 0.12012800148555211 0.5451344081333706 0.008045579705919539 0.034521477563040595 0.09454870969057083
0 0.35267244066510883 0.5505447387695312 0.00975489616394043 0.02552243641444615 0.09284470230340958
0 0.5312447547912598 0.5195867674691337 0.005345310483660016 0.022364037377493724 0.09271444380283356
0 0.1123246465410505 0.5389463560921806 0.006957590579986572 0.03381310190473284 0.09080459922552109
0 0.12406562907355172 0.5454174450465611 0.008187464305332728 0.034671238490513394 0.09040872007608414
0 0.5776303155081612 0.5409185545785087 0.008420058659144811 0.03884802545819964 0.0899769514799118
0 0.08397185802459717 0.5394370896475655 0.006362208298274449 0.030740976333618164 0.08858020603656769
0 0.5368050166538784 0.5163278239113944 0.005002805164882115 0.02252210889543806 0.08572159707546234
0 0.3406007630484445 0.5437530108860561 0.008788960320608956 0.03639868327549526 0.08565089106559753
0 0.872506959097726 0.5527552195957729 0.008751664842878069 0.020489658628191267 0.07959665358066559
0 0.559035164969308 0.5214911188398089 0.006093604224068778 0.028177874428885325 0.07571666687726974
0 0.36801215580531527 0.5235502379281181 0.00666734150477818 0.0399808543069022 0.07539945840835571
0 0.8697850363595145 0.5473770414079938 0.009156022753034319 0.0314943790435791 0.07470080256462097
0 0.5370140075683594 0.5273438181195941 0.007080691201346261 0.03476432391575405 0.07204152643680573
0 0.5465189729418073 0.5166918550218854 0.005451951708112445 0.027064050946916853 0.07201453298330307
0 0.9459634508405413 0.5399425370352608 0.007564544677734375 0.03759591920035226 0.07052186131477356
0 0.9647984504699707 0.5232105936322894 0.005710601806640625 0.0277923515864781 0.06860074400901794
0 0.8769207681928363 0.547227314540318 0.008956636701311384 0.031612702778407505 0.06695158034563065
0 0.8952259336199079 0.5439284188406808 0.008405889783586775 0.0349149363381522 0.06567734479904175
0 0.900338854108538 0.5437498773847308 0.008446080344063895 0.03507147516523089 0.06433701515197754
0 0.2394357408796038 0.5469615800040108 0.009374737739562988 0.031540359769548686 0.06340917199850082
0 0.33679022107805523 0.5413964475904193 0.008807148252214705 0.03999716894967215 0.06183275207877159
0 0.24323160307747976 0.5457534449441093 0.009193454469953264 0.033508437020438056 0.061195556074380875
0 0.9110557692391532 0.5436200754983085 0.008701324462890625 0.03488785879952567 0.060688529163599014
0 0.9057704380580357 0.5436295100620815 0.008578164236886161 0.03498496328081403 0.060383595526218414
0 0.9406770978655133 0.5401013919285366 0.007638863154820034 0.03776407241821289 0.059451520442962646
0 0.524674483707973 0.5195189203534808 0.0053713321685791016 0.021969079971313477 0.05891817808151245
0 0.1596763985497611 0.5453558649335589 0.008638075419834681 0.03390145301818848 0.057860277593135834
0 0.5518717084612165 0.5168106215340751 0.005563838141305106 0.0272587708064488 0.05726683512330055
0 0.9369000026157924 0.5406620161873954 0.007745947156633649 0.03777153151375907 0.056534044444561005
0 0.36424081666128977 0.5242723737444196 0.00656890869140625 0.04040891783578055 0.05641807243227959
0 0.0794980696269444 0.5360903739929199 0.005866689341408866 0.029204402651105608 0.05624174699187279
0 0.8617713110787528 0.5473300388881138 0.009101458958217077 0.03168395587376186 0.055616095662117004
0 0.3323502540588379 0.5447400978633335 0.009084599358694894 0.034840243203299384 0.054351210594177246
0 0.40059804916381836 0.5449223518371582 0.008891139711652483 0.031906025750296454 0.05355454981327057
0 0.8553203174046108 0.5474411078861782 0.00878143310546875 0.03165129252842495 0.05305102840065956
0 0.8895909445626395 0.5456241539546421 0.00858163833618164 0.033382415771484375 0.051687899976968765
0 0.09629850728171212 0.5335354123796735 0.0062503984996250695 0.03033546039036342 0.051364120095968246
0 0.932699475969587 0.5412703922816685 0.007714475904192243 0.03756042889186314 0.05063528195023537
