0 0.165638872555324 0.5460646493094308 0.009663581848144531 0.03321409225463867 0.18910884857177734
0 0.1734140259878976 0.5460623332432338 0.009691970688956124 0.033408675874982564 0.16453012824058533
0 0.5571207318987165 0.5303577014378139 0.007213217871529716 0.03638574055262974 0.12856629490852356
0 0.1701371669769287 0.5524119649614606 0.00981785569872175 0.021985871451241628 0.12358561903238297
0 0.5538366862705776 0.5268878936767578 0.006345374243600028 0.03206362043108259 0.12333794683218002
0 0.9328142574855259 0.5420130320957729 0.007941927228655134 0.03713842800685337 0.120023712515831
0 0.15901403767721994 0.5456286157880511 0.009045124053955078 0.03353973797389439 0.11963555216789246
0 0.23935440608433314 0.5450152329036168 0.010483895029340471 0.03378609248570034 0.11251527070999146
0 0.5488561902727399 0.5255775111062186 0.006230933325631278 0.029559203556605747 0.11215528845787048
0 0.9258913312639508 0.5426032883780343 0.00798170907156808 0.03713829176766532 0.11045760661363602
0 0.17797023909432547 0.5447532108851841 0.009961741311209542 0.036030122212001255 0.1094094067811966
0 0.8277038846697126 0.5451469421386719 0.009569099971226283 0.0347717148917062 0.1073911190032959
0 0.9375932557242257 0.5420288358415876 0.007993153163364955 0.03712984493800572 0.10676252841949463
0 0.2457364627293178 0.5450337273733956 0.010456579072134835 0.03410346167428153 0.10627832263708115
0 0.9205876759120396 0.5432840074811663 0.008480957576206751 0.036331312997000556 0.10560464859008789
0 0.32032299041748047 0.5442550182342529 0.009814194270542689 0.03529419217790876 0.10531926155090332
0 0.31454222542898996 0.5448571613856724 0.010573455265590124 0.0341494083404541 0.10518970340490341
0 0.9611292566571917 0.5372553552900042 0.007275853838239398 0.036674329212733676 0.10388148576021194
0 0.8320844514029366 0.5451333182198661 0.00959914071219308 0.03474654470171247 0.10335277020931244
0 0.8233903476170131 0.5452266420636859 0.009541920253208705 0.034794773374285014 0.1018286794424057
0 0.23269271850585938 0.5454985414232526 0.010460172380719866 0.03351340975080218 0.10118687897920609
0 0.9146559579031808 0.5438498088291713 0.008938040052141463 0.03589068140302386 0.10016020387411118
0 0.2148353202002389 0.5471275874546596 0.010275261742728097 0.031395128795078824 0.10013989359140396
0 0.9290135928562709 0.5471017701285226 0.00875241415841239 0.027492625372750417 0.09833008050918579
0 0.21972649438040598 0.5470802443368095 0.010260462760925293 0.031440564564296176 0.09599945694208145
0 0.25064609731946674 0.546126093183245 0.010356869016374861 0.03257124764578683 0.09586289525032043
0 0.8720204489571708 0.5451374735151019 0.009459563664027624 0.03538918495178223 0.09418972581624985
0 0.560950756072998 0.5362447329929897 0.007833038057599748 0.04166054725646973 0.0931432843208313
0 0.8366219656808036 0.5451457841055733 0.009615625653948103 0.034740141459873745 0.09267935901880264
0 0.2087360109601702 0.547168527330671 0.010216832160949707 0.03143981524876186 0.09256000071763992
0 0.964076314653669 0.5418876239231655 0.008112226213727678 0.039107288633074076 0.09064363688230515
0 0.22514782633100236 0.5458793980734689 0.010476265634809221 0.03336708886282785 0.0903727114200592
0 0.8187341690063477 0.5453180244990757 0.009523187364850725 0.03484916687011719 0.0899328887462616
0 0.25513323715754915 0.5451061385018485 0.010417631694248744 0.0341404846736363 0.08590846508741379
0 0.9672705105372837 0.5429703848702567 0.007403918675013951 0.03762016977582659 0.08569672703742981
0 0.32596220288957867 0.5438344138009208 0.009439911161150252 0.035917963300432475 0.08497584611177444
0 0.866905689239502 0.5452455111912319 0.009596552167619978 0.035314696175711494 0.08460268378257751
0 0.8774287360055106 0.5449997356959752 0.009335517883300781 0.03556435448782785 0.08437910676002502
0 0.30658204214913504 0.545041561126709 0.010538203375680106 0.034159694399152486 0.083617202937603
0 0.5646965844290597 0.5363426889692035 0.007842472621372767 0.0416780880519322 0.08334844559431076
0 0.1820965153830392 0.5459979261670794 0.009733319282531738 0.03361436298915318 0.08325204998254776
0 0.5465066092354911 0.5209195954459054 0.005576644624982562 0.02590012550354004 0.08212437480688095
0 0.9647442953927177 0.5301109041486468 0.006158896854945591 0.0320305483681815 0.08195958286523819
0 0.1548938070024763 0.545395987374442 0.008739181927272252 0.033764192036220005 0.080425925552845
0 0.8141275814601353 0.5453811373029437 0.009566988263811384 0.03470587730407715 0.0802018791437149
0 0.5517858777727399 0.5219645500183105 0.005702052797589984 0.02910161018371582 0.07949060946702957
0 0.567664384841919 0.5280026708330426 0.0062408447265625 0.03444181169782366 0.0772663876414299
0 0.2019850185939244 0.5471912111554827 0.010110855102539062 0.031556946890694756 0.0768522396683693
0 0.8823721068246024 0.5447852952139718 0.009248052324567522 0.035819019590105326 0.0744229406118393
0 0.5505832263401577 0.534963744027274 0.0077719007219587055 0.04187750816345215 0.07408928126096725
0 0.5431889806474958 0.5205958230154855 0.005506822041102818 0.02500295639038086 0.07394969463348389
0 0.9582127162388393 0.5417814595358712 0.00817108154296875 0.03896781376429966 0.07365632057189941
0 0.8097960608346122 0.5454183987208775 0.009560721261160714 0.03459017617361886 0.07356590777635574
0 0.9079344613211495 0.5441563129425049 0.009041309356689453 0.036085196903773716 0.0733422264456749
0 0.8623208999633789 0.5452595438276019 0.009604658399309431 0.03549964087350028 0.07298976927995682
0 0.38401576450892855 0.5370371341705322 0.006949390683855329 0.03249025344848633 0.07289621233940125
0 0.9428744316101074 0.542079039982387 0.008050101143973214 0.03738059316362653 0.07128368318080902
0 0.5745440891810826 0.5386945860726493 0.008241040366036552 0.04298179490225656 0.07122115045785904
0 0.3015752519880022 0.546182496207101 0.010503530502319336 0.03273933274405343 0.07034347206354141
0 0.3655517441885812 0.5351448059082031 0.007412876401628766 0.03526101793561663 0.07016625255346298
0 0.18824977534157888 0.5459855284009661 0.009857518332345145 0.033578804561070034 0.07002295553684235
0 0.5589497429983956 0.5226533753531319 0.005741732461111886 0.030221632548740933 0.06958625465631485
0 0.8403493336268834 0.5509820665631976 0.009205477578299386 0.02269036429268973 0.06895694136619568
0 0.3613220282963344 0.543353693825858 0.008494104657854353 0.03570263726370675 0.06886277347803116
0 0.8445581708635602 0.5452831813267299 0.009617328643798828 0.03524810927254813 0.06884603947401047
0 0.19475550310952322 0.545975889478411 0.009982143129621233 0.03359474454607282 0.06861799955368042
0 0.8571776662554059 0.5452238491603306 0.009564808436802455 0.035682269505092075 0.06813287734985352
0 0.37733660425458637 0.540806497846331 0.00759192875453404 0.034238576889038086 0.06775816529989243
0 0.38093113899230957 0.5406924997057233 0.007470403398786273 0.03405632291521345 0.06763170659542084
0 0.29713405881609234 0.5451276642935616 0.01060795783996582 0.03393728392464774 0.06722038984298706
0 0.5700329371861049 0.5385064397539411 0.00821995735168457 0.043092046465192525 0.06707480549812317
0 0.9555683817182269 0.5344125883919852 0.007077489580426898 0.036270311900547574 0.06681805104017258
0 0.8877380916050502 0.5445825713021415 0.009175096239362444 0.0359621388571603 0.06667676568031311
0 0.3565378189086914 0.5434063502720424 0.008930274418422155 0.03610314641680036 0.06629345566034317
0 0.9688985688345773 0.5301994596208844 0.00612640380859375 0.0319669246673584 0.06567589938640594
0 0.8050618171691895 0.5454293659755162 0.009455408368791853 0.03435690062386649 0.06504422426223755
0 0.8518830708095005 0.5452245303562709 0.009564195360456194 0.03574064799717495 0.06445226818323135
0 0.5796702929905483 0.5392068454197475 0.00825091770717076 0.04262505258832659 0.06406223028898239
0 0.36934239523751394 0.5433017185756138 0.008121558598109655 0.03517821856907436 0.06395580619573593
0 0.9035310745239258 0.5441813468933105 0.008982862745012556 0.036231279373168945 0.06386874616146088
0 0.9703633444649833 0.5446350915091378 0.007249764033726284 0.03875984464372907 0.06368137896060944
0 0.12588647433689662 0.5447725568498883 0.008235037326812744 0.03420829772949219 0.062365103513002396
0 0.1324079888207572 0.5449486119406564 0.008427236761365618 0.03415938786097935 0.061348289251327515
0 0.5436241967337472 0.5314271790640694 0.007169042314801898 0.03728059359959194 0.06093840301036835
0 0.26217647961207796 0.5450928211212158 0.010422893932887487 0.0340092522757394 0.06089220941066742
0 0.28891256877354216 0.5450951371874128 0.010495475360325404 0.0340602057320731 0.060399528592824936
0 0.372924736567906 0.5432114601135254 0.008077621459960938 0.03505873680114746 0.06025509908795357
0 0.8933115005493164 0.5443485804966518 0.009094851357596261 0.03608870506286621 0.060109175741672516
0 0.2421229907444545 0.5516455514090401 0.010238340922764369 0.022052628653390065 0.0599832646548748
0 0.8988425391060966 0.5442589691707066 0.009020532880510603 0.0362212998526437 0.059724923223257065
0 0.7786916324070522 0.5454966340746198 0.009562628609793527 0.0342564582824707 0.05918120592832565
0 0.23675031321389334 0.5517757960728237 0.010306698935372489 0.0219576358795166 0.05904069170355797
0 0.11984806401388985 0.5445500782557896 0.007835541452680315 0.03371773447309222 0.05857294425368309
0 0.14956511769975936 0.5451833861214774 0.008525848388671875 0.03401436124529157 0.05818790942430496
0 0.7835615703037807 0.5454321588788714 0.009555339813232422 0.03414116586957659 0.05815960094332695
0 0.10806478772844587 0.5440035547528949 0.007223452840532575 0.03213013921465192 0.0580730140209198
0 0.22907488686697824 0.552217858178275 0.010153617177690779 0.02178192138671875 0.057774752378463745
0 0.546921798161098 0.5346567971365792 0.0077143737248012 0.04151201248168945 0.057597242295742035
0 0.774531636919294 0.5455490180424282 0.009553773062569755 0.0341860226222447 0.05757993459701538
0 0.13830840587615967 0.5449963978358677 0.008444181510380335 0.03407059397016253 0.056297581642866135
