0 0.5883248192923409 0.5410715511866978 0.009302139282226562 0.040365900312151225 0.5601669549942017
0 0.5938117163521903 0.5427168437412807 0.009682655334472656 0.03931144305637905 0.5542704463005066
0 0.5980006626674107 0.5428924219948905 0.009611810956682478 0.03663185664585659 0.4376314878463745
0 0.5835403714861188 0.5401277882712228 0.009312084742954798 0.04292610713413784 0.4324329197406769
0 0.5901827130998883 0.5517935752868652 0.009890215737479073 0.02437424659729004 0.34951481223106384
0 0.579153333391462 0.5362122399466378 0.008774280548095703 0.040646416800362725 0.25520753860473633
0 0.05834011094910758 0.5346054349626813 0.006598055362701416 0.031237431934901645 0.2016633301973343
0 0.9998283386230469 0.5168679101126534 0.000343254634312221 0.022869859422956194 0.19509707391262054
0 0.05423721245356968 0.5305400916508266 0.006287451301302228 0.029480797903878347 0.1931263655424118
0 0.9437460899353027 0.5425190925598145 0.008847645350864955 0.03463946069989886 0.19279921054840088
0 0.6045982497079032 0.5431239945547921 0.009707450866699219 0.036641836166381836 0.18116122484207153
0 0.06153265919004168 0.5349110194614956 0.006543282951627459 0.03121794973100935 0.18021762371063232
0 0.948930059160505 0.5398432867867606 0.008808135986328125 0.03429474149431501 0.17323169112205505
0 0.9512647220066616 0.5471436977386475 0.00905745370047433 0.029102393559047153 0.1720276027917862
0 0.05600996954100473 0.5259321757725307 0.005317228181021554 0.024311167853219167 0.16968779265880585
0 0.9579591751098633 0.5417994771684919 0.007886818477085658 0.03557702473231724 0.16811779141426086
0 0.9365039552961077 0.5425284930637905 0.00865725108555385 0.03510148184640067 0.16598133742809296
0 0.05186275924955096 0.5256792477199009 0.00537979177066258 0.0241483279636928 0.15851150453090668
0 0.9544593266078404 0.5360766819545201 0.008042267390659876 0.03359198570251465 0.15137998759746552
0 0.06455807174955096 0.5350767203739711 0.006445284400667463 0.031392301831926615 0.14850516617298126
0 0.3235316957746233 0.5454989160810199 0.010155303137642997 0.03445158685956683 0.14333981275558472
0 0.06060844659805298 0.5261073112487793 0.005215955632073539 0.024754558290754045 0.14285634458065033
0 0.9314785003662109 0.543116535459246 0.008515017373221261 0.035905769893101284 0.14266154170036316
0 0.9475927352905273 0.5497147015162877 0.009586129869733537 0.024297850472586497 0.1421588957309723
0 0.9403680392674038 0.5387865815843854 0.008397102355957031 0.037342071533203125 0.13703113794326782
0 0.11781939438411168 0.5443039621625628 0.008887018476213728 0.03444593293326242 0.13703034818172455
0 0.13292898450578963 0.5447045734950474 0.00920654194695609 0.03494375092642648 0.13558056950569153
0 0.31830852372305735 0.5458957467760358 0.010096005031040736 0.034313814980643134 0.1339927464723587
0 0.12843401091439383 0.544694083077567 0.00916041646684919 0.03479456901550293 0.1339874416589737
0 0.12441413743155343 0.5446260316031319 0.009077089173453195 0.034754787172589986 0.13348186016082764
0 0.11340350764138359 0.5438299860273089 0.008166968822479248 0.03420874050685337 0.1327841430902481
0 0.1082278915813991 0.5434955869402204 0.007859502519880022 0.03417113849094936 0.12255433201789856
0 0.1206181389944894 0.54936797278268 0.008648165634700231 0.02527451515197754 0.12179737538099289
0 0.360999482018607 0.543717520577567 0.009374754769461495 0.034613030297415595 0.11861865967512131
0 0.13736853429249354 0.5457391738891602 0.009402939251491002 0.033816984721592495 0.1157132089138031
0 0.067338513476508 0.5380620956420898 0.007066173212868827 0.03337553569248745 0.11497709155082703
0 0.6109662055969238 0.543605123247419 0.009750502450125558 0.036234889711652486 0.11345785111188889
0 0.04579945121492658 0.5246239049094064 0.0054787227085658485 0.02519089835030692 0.11328072845935822
0 0.3693790776388986 0.5431256294250488 0.009278638022286552 0.03480642182486398 0.11317308992147446
0 0.10339043821607317 0.5433801582881382 0.007830330303737096 0.03438881465366909 0.11252813041210175
0 0.9267710277012416 0.5453787531171527 0.009198188781738281 0.033906255449567525 0.11206023395061493
0 0.3561892509460449 0.5442352635519845 0.009495632989065987 0.03448629379272461 0.11157659441232681
0 0.31091090611049105 0.5458317484174456 0.00996392113821847 0.03458625929696219 0.10400891304016113
0 0.3300938606262207 0.5450242246900286 0.01000251088823591 0.03440727506365095 0.10205536335706711
0 0.3767557825360979 0.5430912971496582 0.009276730673653739 0.03517488070896694 0.09895239025354385
0 0.9599357332502093 0.5317575590951102 0.007630280085972377 0.03211249623979841 0.09878239035606384
0 0.6158801487513951 0.5441908836364746 0.009662423815046037 0.03555662291390555 0.09736287593841553
0 0.35113767215183805 0.544597693852016 0.00968864985874721 0.03447914123535156 0.09731616824865341
0 0.5741363252912249 0.5320419584001813 0.0084489073072161 0.03832077980041504 0.09705157577991486
0 0.07030852777617318 0.538555451801845 0.007039589541299003 0.033664703369140625 0.09632587432861328
0 0.30578017234802246 0.5466171673366002 0.010113375527518136 0.03266654695783343 0.09599893540143967
0 0.09845494372504097 0.5433110850197929 0.00781869888305664 0.03455720629010882 0.09229709953069687
0 0.047414685998644145 0.5349694660731724 0.00675838759967259 0.035102742058890204 0.09004906564950943
0 0.381556579044887 0.543140138898577 0.009218897138323103 0.03546874863760812 0.08953408151865005
0 0.6241466658455985 0.5450643130711147 0.00970050266810826 0.03441108976091657 0.08912218362092972
0 0.14078167506626674 0.5507216453552246 0.009495471205030168 0.023529904229300364 0.08850943297147751
0 0.050200419766562324 0.5373150621141706 0.007132376943315778 0.037007808685302734 0.08553829044103622
0 0.9644252913338798 0.5421139172145298 0.0075212206159319195 0.034769535064697266 0.08198676258325577
0 0.1452178614480155 0.5450349875858852 0.009232980864388602 0.03434194837297712 0.07998283952474594
0 0.3859127589634487 0.5401773793356759 0.008736269814627511 0.035228116171700616 0.07800909876823425
0 0.3456568717956543 0.5447777339390346 0.009827784129551478 0.03449416160583496 0.076564259827137
0 0.07350313663482666 0.5390607970101493 0.006954235689980643 0.034108877182006836 0.07639329880475998
0 0.5662203856876918 0.5421384402683803 0.009629590170724052 0.03700120108468192 0.07582055032253265
0 0.300450256892613 0.5466794286455426 0.010139056614467077 0.03258735792977469 0.07581384479999542
0 0.9674295697893415 0.5382644789559501 0.008440698896135603 0.03735259601048061 0.0751868188381195
0 0.03779476881027222 0.5202085631234306 0.004850315196173531 0.021510703223092214 0.07471189647912979
0 0.034906740699495585 0.5243805476597377 0.005751277719225202 0.0255239691053118 0.07353769242763519
0 0.3354524203709194 0.5448496341705322 0.009904793330601283 0.03450087138584682 0.07286690175533295
0 0.0939859322139195 0.5432939529418945 0.007838496140071325 0.03462328229631696 0.0694943219423294
0 0.5622010231018066 0.5325206007276263 0.00844877106802804 0.03972768783569336 0.0692608579993248
0 0.3896214280809675 0.5414209025246757 0.008689471653529577 0.036590780530657084 0.06715252995491028
0 0.3405491965157645 0.5447614533560616 0.009852511542184013 0.03455492428370884 0.06656995415687561
0 0.3661987440926688 0.5342726026262555 0.00897216796875 0.04135659762791225 0.06398148834705353
0 0.03953638247081211 0.5326638902936663 0.00620106714112418 0.03154196058000837 0.06307107210159302
0 0.6640903609139579 0.5476596014840263 0.009918076651436942 0.03112929207938058 0.06203616037964821
0 0.3720449038914272 0.5332796573638916 0.008780820029122489 0.03926849365234375 0.0597730353474617
0 0.15286660194396973 0.5451033455984933 0.009309274809701102 0.03401749474661691 0.05949491634964943
0 0.39333711351667133 0.5408481189182827 0.00853729248046875 0.0369288580758231 0.059354670345783234
0 0.920902933393206 0.546097823551723 0.009661129542759486 0.03292230197361538 0.059183456003665924
0 0.9669139044625419 0.5267071723937988 0.006611006600516183 0.02788376808166504 0.05882907658815384
0 0.5941949571881976 0.5269124507904053 0.0073266710553850445 0.04782111304146903 0.05866093933582306
0 0.07862552574702672 0.5397796971457345 0.007151186466217041 0.03444467272077288 0.05859867110848427
0 0.049510657787323 0.5205394199916294 0.0046993281160082135 0.020946059908185686 0.058329418301582336
0 0.9704773085457938 0.5264338765825544 0.006319727216448102 0.025975567953927175 0.05789615958929062
0 0.6342995507376534 0.5438968794686454 0.009913785117013114 0.03644279071262905 0.05763445049524307
0 0.29493461336408344 0.5468511581420898 0.010137523923601423 0.03239045824323382 0.055849481374025345
0 0.5557568754468646 0.536743027823312 0.009080205644880022 0.044699634824480326 0.055180586874485016
0 0.05318787268229893 0.5205747740609306 0.004591426679066249 0.020854336874825612 0.05487403646111488
0 0.6598577499389648 0.5475484643663678 0.009934357234409876 0.03125252042497907 0.053072284907102585
0 0.6715498651776995 0.5476534366607666 0.010014806474958147 0.030827317919049944 0.051608797162771225
0 0.6293144226074219 0.5514003208705357 0.009396553039550781 0.022816215242658342 0.050943080335855484
