0 0.5528991562979562 0.5307526588439941 0.00866450582231794 0.0439730031149728 0.6212729811668396
0 0.5563770021711077 0.5348705564226423 0.009510176522391183 0.04921630450657436 0.6178784370422363
0 0.5500119413648333 0.525277818952288 0.007641928536551339 0.03820112773350307 0.5276248455047607
0 0.5590856415884835 0.5266566276550293 0.007751294544764927 0.04365590640476772 0.526948094367981
0 0.5615724495479039 0.535750014441354 0.009156499590192522 0.04946974345615932 0.5045986175537109
0 0.5494632720947266 0.5399949210030692 0.01030581338065011 0.04295257159641811 0.32583653926849365
0 0.09751972130366734 0.5363074711390904 0.007732748985290527 0.03341398920331683 0.3066377639770508
0 0.09480769293648857 0.5408340862819127 0.008145638874598913 0.03460965837751116 0.2975110411643982
0 0.5447448321751186 0.5243838514600482 0.007486411503383091 0.0372340338570731 0.2911120355129242
0 0.5667857101985386 0.5360543387276786 0.009027481079101562 0.0493319034576416 0.2882850170135498
0 0.9423408508300781 0.5383620262145996 0.006815229143415179 0.03449014254978725 0.27913615107536316
0 0.9374853542872837 0.5407651151929583 0.0070885249546595985 0.035026414053780694 0.2779046297073364
0 0.9454329354422433 0.5381480625697544 0.00687483378819057 0.03443033354622977 0.2649500072002411
0 0.9342902047293526 0.5411499908992222 0.006973743438720703 0.03496497017996652 0.256015419960022
0 0.08944850308554513 0.5385047027042934 0.007727972098759243 0.034183502197265625 0.2553190588951111
0 0.10052617107118879 0.5407772745404925 0.008309040750776018 0.034951244081769674 0.23161587119102478
0 0.08649243627275739 0.5359443937029157 0.007138822759900775 0.03350516727992466 0.21519166231155396
0 0.5570135116577148 0.5173741068158831 0.006823199135916573 0.035275118691580634 0.21463389694690704
0 0.950901712690081 0.5342963763645717 0.005978720528738839 0.030443872724260603 0.21080364286899567
0 0.9309004374912807 0.5445094789777484 0.007876259940011161 0.034106356757027764 0.2105032205581665
0 0.5539425441196987 0.5167373929704938 0.006689855030604771 0.034269707543509345 0.20992258191108704
0 0.5707718304225377 0.5367322649274554 0.008864028113228934 0.0482663767678397 0.20653057098388672
0 0.9532368523733956 0.5410854475838798 0.006698744637625558 0.03326501165117536 0.20201434195041656
0 0.5424149717603411 0.5345924922398159 0.009458678109305245 0.04695555141993931 0.18649232387542725
0 0.09516259602137975 0.5283645561763218 0.006541192531585693 0.030090263911655972 0.17898164689540863
0 0.9257613590785435 0.544292824608939 0.008130209786551339 0.03392716816493443 0.1784030944108963
0 0.09144312994820732 0.52829452923366 0.006481800760541644 0.029882022312709262 0.1711488664150238
0 0.08327353000640869 0.5319329670497349 0.0065590739250183105 0.03178886004856655 0.16507281363010406
0 0.9483822413853237 0.5456557273864746 0.007756028856549945 0.030334983553205217 0.15424902737140656
0 0.10510284560067314 0.541433470589774 0.008190836225237166 0.036364589418683736 0.15391536056995392
0 0.9217138290405273 0.5443822996956962 0.008056300027029855 0.033825772149222236 0.1408548504114151
0 0.9476859228951591 0.5316034044538226 0.006319114140101841 0.031588656561715264 0.13875986635684967
0 0.5750889096941266 0.5375161170959473 0.009014333997453963 0.04970826421465192 0.1315218210220337
0 0.10929914883204869 0.538313456944057 0.007895869868142264 0.03754769052777972 0.12920401990413666
0 0.39640436853681293 0.530386243547712 0.007459027426583427 0.0317345346723284 0.1163044273853302
0 0.12012437411717006 0.5425903456551688 0.008177953107016427 0.03681090899876186 0.11469447612762451
0 0.3999617440359933 0.5263974325997489 0.006817000252859933 0.027294158935546875 0.11362674832344055
0 0.07632159335272652 0.5314916883196149 0.006350278854370117 0.031192881720406667 0.11197425425052643
0 0.11267929417746407 0.5422344207763672 0.008277952671051025 0.03667722429547991 0.11192188411951065
0 0.11648390974317278 0.542393548148019 0.008215410368783134 0.03678297996520996 0.11146178841590881
0 0.4033146585736956 0.5299023219517299 0.007420335497174945 0.03172523634774344 0.11034718155860901
0 0.07837556089673724 0.5379509244646344 0.007002983774457659 0.03564705167497907 0.10920583456754684
0 0.4060522828783308 0.5259729794093541 0.006693295070103237 0.026742526463099887 0.10722779482603073
0 0.5414601734706334 0.5173088823046003 0.006325755800519671 0.02906090872628348 0.10701010376214981
0 0.12534778458731516 0.5427994728088379 0.008190265723637171 0.036782843726021905 0.10661839693784714
0 0.3691529205867222 0.541118826184954 0.008956296103341239 0.038262946265084405 0.10475321859121323
0 0.9169597625732422 0.5445489202226911 0.008150645664760045 0.03336051532200405 0.10412885248661041
0 0.5798394339425224 0.5389927455357143 0.00852830069405692 0.04406053679330008 0.10402372479438782
0 0.08029775960104805 0.5272955894470215 0.005807186876024518 0.02743233953203474 0.10305935889482498
0 0.9598914555140904 0.525960990360805 0.005023479461669922 0.02319169044494629 0.0999193862080574
0 0.9566125869750977 0.5263145310538155 0.005355494362967355 0.02578629766191755 0.09884022921323776
0 0.5474036421094622 0.5154074260166713 0.006423813956124442 0.03211869512285505 0.09808408468961716
0 0.3738464627947126 0.540445259639195 0.008924177714756556 0.03839836801801409 0.09388293325901031
0 0.12955495289393834 0.5432712691170829 0.008270510605403356 0.03629340444292341 0.0926157608628273
0 0.3635534218379429 0.5423340797424316 0.009122099195207869 0.037341560636247904 0.0918433666229248
0 0.5390334810529437 0.5161875997270856 0.005812065941946847 0.02536310468401228 0.08866054564714432
0 0.5851432936532157 0.5374039241245815 0.008129664829799108 0.04249603407723563 0.08439336717128754
0 0.5332847322736468 0.5231506483895438 0.007132189614432198 0.031191417149135044 0.08401022106409073
0 0.07261521475655693 0.5311219011034284 0.006248359169278826 0.031004701341901506 0.0823722779750824
0 0.39139795303344727 0.5322249276297433 0.007801158087594169 0.034396512167794366 0.08103682100772858
0 0.37824617113385883 0.5404691355569022 0.008918932506016322 0.0383779661996024 0.08083987236022949
0 0.5310866151537214 0.5190551621573312 0.006210803985595703 0.02547621726989746 0.07853127270936966
0 0.3883416312081473 0.5352552958897182 0.008071150098528181 0.035386119570050924 0.0761767327785492
0 0.359215327671596 0.5428682735988072 0.009194340024675642 0.037046568734305244 0.07394246011972427
0 0.1333808728626796 0.5437908172607422 0.008303259100232805 0.035655362265450616 0.07171481102705002
0 0.39988609722682406 0.5380257197788784 0.008639471871512277 0.038871935435703824 0.07110938429832458
0 0.3851156915937151 0.5403945105416434 0.00882714135306222 0.0383519104548863 0.07058586925268173
0 0.5346529824393136 0.5155227524893624 0.005428246089390346 0.02346696172441755 0.06846042722463608
0 0.4085550989423479 0.533156258719308 0.007722241537911552 0.03388776097978864 0.06658193469047546
0 0.9521435328892299 0.5262819358280727 0.005175658634730748 0.02646439416067941 0.06525906920433044
0 0.4089557783944266 0.5212363515581403 0.006058113915579659 0.02411154338291713 0.06414888054132462
0 0.9609932218279157 0.5415474006107875 0.00734785624912807 0.03643792016165597 0.06386381387710571
0 0.9111025674002511 0.5446820940290179 0.008235182080950056 0.033047028950282505 0.06339139491319656
0 0.5899718829563686 0.5400726795196533 0.008726392473493303 0.042253358023507256 0.06335324048995972
0 0.3546060834612165 0.5429554326193673 0.009156738008771623 0.036945956093924384 0.06128997355699539
0 0.38238791057041716 0.5327019010271344 0.007957151957920619 0.03465042795453753 0.060314930975437164
0 0.0651457565171378 0.5262846265520368 0.005405762365886143 0.025637660707746233 0.05938428267836571
0 0.39337362561907085 0.5431110518319267 0.009232078279767717 0.032789298466273716 0.05934520065784454
0 0.06879016331263951 0.5264303343636649 0.005462488957813808 0.02593428747994559 0.059057917445898056
0 0.06177520326205662 0.5261133057730538 0.005453237465449742 0.025205918720790317 0.05852814018726349
0 0.07040319272450038 0.5372311728341239 0.006980474506105695 0.03500846454075405 0.05742494761943817
0 0.41260463850838797 0.5291579450879779 0.007341657366071429 0.03201798030308315 0.057253625243902206
0 0.4164641925266811 0.5253801005227225 0.006610734122140067 0.025870868137904575 0.055467087775468826
0 0.3490176200866699 0.5431234836578369 0.009176697049822127 0.03666816438947405 0.05311104655265808
0 0.06379384653908866 0.5338352748325893 0.006700600896562848 0.03211815016610282 0.05279892683029175
0 0.5257203238351005 0.5151087215968541 0.005315337862287249 0.022355147770472934 0.052633136510849
0 0.13706772668021067 0.5448122705732074 0.008521786757877894 0.03486357416425433 0.050374411046504974
