0 0.6684437479291644 0.5433143207005092 0.01098006112234933 0.03689094952174595 0.41819557547569275
0 0.8645041329520089 0.5418517930167062 0.009852613721575056 0.039326565606253486 0.4147963523864746
0 0.8691373552594867 0.5414790766579765 0.009302207401820592 0.04045983723231724 0.3970019519329071
0 0.8596767698015485 0.5421346936907087 0.009821619306291853 0.03989243507385254 0.31659260392189026
0 0.6617215701511928 0.5434692246573312 0.010856764657156808 0.03796029090881348 0.3081548511981964
0 0.6580048288617816 0.5472591263907296 0.010470254080636161 0.02896843637738909 0.30495449900627136
0 0.8762298311505999 0.5412466185433524 0.008996759142194475 0.04349923133850098 0.2830301821231842
0 0.6758345195225307 0.5431444985525948 0.009720461709158761 0.038687671933855326 0.22034087777137756
0 0.10711612020220075 0.5424539021083287 0.00815002407346453 0.03463101387023926 0.21450617909431458
0 0.8805577414376395 0.5411007063729423 0.009045260293143136 0.04439766066414969 0.20812225341796875
0 0.6659677369253976 0.551480770111084 0.010679926191057478 0.025002922330583845 0.2070828378200531
0 0.5288476262773786 0.5150590283530099 0.005464417593819755 0.022259439740862166 0.19670704007148743
0 0.10319398130689349 0.5419050625392369 0.008020477635519845 0.03444562639508929 0.1940985918045044
0 0.10984180654798235 0.5480801037379673 0.008843285696847098 0.02506187983921596 0.19296160340309143
0 0.11407896450587682 0.5434598241533551 0.008797109127044678 0.03499398912702288 0.19073043763637543
0 0.6532059397016253 0.5428895269121442 0.01075608389718192 0.03937567983354841 0.18622653186321259
0 0.8567020552498954 0.5477067402430943 0.008924211774553572 0.029236759458269392 0.17988069355487823
0 0.09941313947950091 0.5418202536446708 0.00796255043574742 0.034550258091517856 0.17468956112861633
0 0.9384632110595703 0.539574384689331 0.008196285792759486 0.03827980586460659 0.16803617775440216
0 0.8537693704877581 0.5429464408329555 0.009625434875488281 0.04086875915527344 0.16484610736370087
0 0.09578371899468559 0.5417651789528983 0.007784707205636161 0.03482886723109654 0.1596314162015915
0 0.5345070362091064 0.5153623308454242 0.005840437752859933 0.02344376700265067 0.1516926884651184
0 0.5540321213858468 0.5322503362383161 0.009400606155395508 0.0435633659362793 0.1504533290863037
0 0.5310497965131488 0.5162538800920758 0.0066149234771728516 0.02776101657322475 0.14667977392673492
0 0.09176908220563616 0.5417291096278599 0.00775453874043056 0.03470730781555176 0.14617949724197388
0 0.0871561084474836 0.5393764972686768 0.007545411586761475 0.0336266245160784 0.14468449354171753
0 0.5368694577898298 0.5213558333260673 0.0073996612003871375 0.03162223952157157 0.14249713718891144
0 0.9438074656895229 0.5374696595328194 0.00818020956856864 0.03763801710946219 0.14130978286266327
0 0.11905200140816825 0.5433910914829799 0.008734362465994698 0.035239185605730326 0.13850151002407074
0 0.1107715197971889 0.536073991230556 0.008296949522835868 0.03662034443446568 0.13605068624019623
0 0.5497326850891113 0.5286003862108503 0.009170770645141602 0.04160819734845843 0.1350894719362259
0 0.9348381587437221 0.5397884164537702 0.008169106074741908 0.038464205605643134 0.13356226682662964
0 0.544597830091204 0.5264960016523089 0.008366482598440987 0.036216293062482564 0.13149210810661316
0 0.08038849490029472 0.5357987199510846 0.006740663732801165 0.031518254961286275 0.1303221732378006
0 0.849360466003418 0.5439331531524658 0.008952208927699499 0.03892721448625837 0.12528394162654877
0 0.5406328950609479 0.5220516068594796 0.007494177137102399 0.0326603821345738 0.12096130847930908
0 0.8449467250279018 0.544064998626709 0.008872509002685547 0.03855810846601214 0.11928783357143402
0 0.873082160949707 0.532886300768171 0.009193624768938338 0.047956841332571845 0.11598611623048782
0 0.8407205854143415 0.5439529418945312 0.00879519326346261 0.038764749254499166 0.11361368745565414
0 0.5598980358668736 0.5343375887189593 0.00936119897024972 0.045399631772722514 0.11151266098022461
0 0.5268144266945975 0.5120256968906948 0.006152629852294922 0.026668991361345564 0.1020302027463913
0 0.38621221269880024 0.5372454438890729 0.009069749287196569 0.03944846561976841 0.1009950265288353
0 0.12439312253679548 0.5433370045253209 0.008665578705923898 0.03546595573425293 0.10070370137691498
0 0.8365481240408761 0.5437632969447544 0.008767332349504744 0.03860558782305036 0.09899954497814178
0 0.8859660284859794 0.5410466534750802 0.009183202471051897 0.04446417944771903 0.09839112311601639
0 0.38041864122663227 0.5390523501804897 0.009239367076328822 0.04066627366202218 0.09675332903862
0 0.08378354140690394 0.5328781264168876 0.007196801049368722 0.03197343008858817 0.09598527103662491
0 0.5637831687927246 0.5363823686327253 0.009649276733398438 0.04567016874040876 0.09179189801216125
0 0.671398435320173 0.5334923607962472 0.009903703417096819 0.05141523906162807 0.09150639176368713
0 0.3750537463596889 0.539618900844029 0.009291376386369978 0.04075135503496442 0.08589813113212585
0 0.07636489186968122 0.5319347040993827 0.006428931440625872 0.03057098388671875 0.08569853752851486
0 0.07299682072230748 0.5378379481179374 0.006853022745677403 0.030787808554513112 0.084635429084301
0 0.05928659439086914 0.5260335377284459 0.005344160965510777 0.0238281318119594 0.08184929937124252
0 0.5213345800127301 0.5152430534362793 0.005498817988804409 0.022307498114449636 0.0814223363995552
0 0.8320843832833427 0.5436299187796456 0.008888721466064453 0.03817146165030343 0.08139844983816147
0 0.130310697214944 0.5433016504560199 0.00862722737448556 0.035507031849452426 0.07937555015087128
0 0.0677227292742048 0.5310906001499721 0.00630071759223938 0.028563601630074636 0.07928968966007233
0 0.07110775794301714 0.531367438180106 0.006338298320770264 0.02883812359401158 0.07924292236566544
0 0.36973401478358675 0.5419133050101144 0.008947610855102539 0.03854097638811384 0.0791192501783371
0 0.09364563226699829 0.5332749911717006 0.007332801818847656 0.03242806025913784 0.07884788513183594
0 0.06262362854821342 0.530616181237357 0.0061972907611301965 0.028413091387067522 0.07797906547784805
0 0.36644370215279715 0.5386679172515869 0.008442844663347517 0.03765310559953962 0.07726126909255981
0 0.9532626015799386 0.5385891028812954 0.007454804011753627 0.036826951163155694 0.07629832625389099
0 0.44239956992013113 0.5152865818568638 0.005931683949061802 0.02238617624555315 0.075791135430336
0 0.3908958435058594 0.532092979976109 0.008717468806675501 0.03655195236206055 0.07507796585559845
0 0.056313199656350274 0.5258423941476005 0.005339145660400391 0.02352104868207659 0.07503050565719604
0 0.9304522105625698 0.5400082724434989 0.008237906864711217 0.038651500429425924 0.07324527204036713
0 0.8640903745378766 0.5274285248347691 0.007376738956996373 0.0454742567879813 0.07161656022071838
0 0.36299633979797363 0.5424522672380719 0.008918898446219308 0.03789114952087402 0.07080140709877014
0 0.5701037134443011 0.5373054572514125 0.009744678224836077 0.04559918812343052 0.069294773042202
0 0.6814306122916085 0.5431629589625767 0.009613037109375 0.03893790926252093 0.06885936111211777
0 0.44806058066231863 0.5152925082615444 0.005733489990234375 0.021902152470179966 0.06685282289981842
0 0.13537257058279856 0.5435547828674316 0.008633324078151159 0.03517992155892508 0.06537627428770065
0 0.06482906426702227 0.5345298222133091 0.006469334874834333 0.029445341655186245 0.06472066789865494
0 0.7702001162937709 0.542994499206543 0.009035382952008928 0.037148509706769674 0.06406772136688232
0 0.3964170387813023 0.5293354988098145 0.008379050663539342 0.03530423981802804 0.06395605951547623
0 0.9506770542689732 0.5436206885746547 0.007967063358851842 0.0320160048348563 0.06150021031498909
0 0.4394982542310442 0.5153872626168388 0.006090913500104632 0.023488078798566545 0.06126125156879425
0 0.08208467279161726 0.5461005823952811 0.008346123354775565 0.030752590724400113 0.060937948524951935
0 0.05235494886125837 0.5253949165344238 0.005412616900035313 0.02274353163582938 0.06012719124555588
0 0.7641878128051758 0.5429912635258266 0.009121962956019811 0.036877495901925225 0.060053374618291855
0 0.13964565311159408 0.5439299174717495 0.008609073502676827 0.03462127276829311 0.05970407649874687
0 0.7745338167463031 0.5430365971156529 0.008835043225969588 0.03755041531154087 0.05851312354207039
0 0.5748623439243862 0.5374282428196498 0.00971991675240653 0.045337983540126255 0.058457743376493454
0 0.585566520690918 0.5391992160252163 0.009652750832693917 0.04315689631870815 0.058445774018764496
0 0.14647299902779715 0.5445454801831927 0.008739360741206579 0.033837590898786275 0.058397624641656876
0 0.8268232345581055 0.540764399937221 0.008753844669886999 0.04099311147417341 0.05773824080824852
0 0.7591421944754464 0.5433878898620605 0.009437765393938338 0.03638298170907157 0.057044755667448044
0 0.5935010228838239 0.5407332352229527 0.00983279091971261 0.041301114218575616 0.05689040198922157
0 0.357574462890625 0.5425940581730434 0.008936234882899694 0.03766059875488281 0.05622829869389534
0 0.8233362606593541 0.543475730078561 0.008805956159319197 0.03812210900442941 0.0560016855597496
0 0.4032929965427944 0.52599150793893 0.007633890424455915 0.030591113226754323 0.05541476607322693
0 0.2547824723379953 0.545088393347604 0.00910583564213344 0.03369651521955218 0.05385185405611992
0 0.23848932129996164 0.5451974187578473 0.008943864277430944 0.033809968403407505 0.05382150039076805
0 0.2591135501861572 0.5433353015354702 0.009080665452139718 0.03494422776358468 0.05345624312758446
0 0.5278714384351458 0.5248595646449498 0.007901464189801897 0.03873215402875628 0.05335933342576027
0 0.24502522604806082 0.5450720105852399 0.009080392973763602 0.0340968200138637 0.052893225103616714
0 0.6449078151157924 0.5426176616123745 0.010514054979596819 0.03993827956063407 0.05218916013836861
0 0.9470045907156808 0.531055177961077 0.007771287645612445 0.034448248999459405 0.05188894271850586
0 0.2506169761930193 0.5450431278773716 0.009098666054861886 0.03376460075378418 0.05132187530398369
