0 0.9655136380876813 0.5277952126094273 0.005657945360456195 0.025725705283028737 0.12622232735157013
0 0.3936541761670794 0.5358375481196812 0.006434100014822823 0.03193800789969308 0.11455762386322021
0 0.39167628969464985 0.5380043302263532 0.006853580474853516 0.03229355812072754 0.09764503687620163
0 0.971146651676723 0.5279252869742257 0.00551605224609375 0.02571899550301688 0.08823078125715256
0 0.9540191377912249 0.5408773081643241 0.008164201463971819 0.04004601069859096 0.08323491364717484
0 0.37186104910714285 0.5367099898202079 0.0076716627393450055 0.03426987784249442 0.08251521736383438
0 0.967620849609375 0.5299603598458427 0.0061522892543247765 0.031144414629255022 0.07968097180128098
0 0.9339518547058105 0.541445084980556 0.008492742265973772 0.04268074035644531 0.07311733067035675
0 0.9371610369001117 0.5415421894618443 0.008599417550223214 0.042471306664603095 0.06868748366832733
0 0.9295103890555245 0.5413111277988979 0.008522783006940569 0.042271273476736884 0.06438247114419937
0 0.9500690187726702 0.540966408593314 0.007989679064069475 0.0404052734375 0.05696001648902893
0 0.9623090199061802 0.5321294920785087 0.006686687469482422 0.0349360534123012 0.05602182820439339
0 0.9407057080950055 0.5414480481828962 0.007834775107247489 0.04046668325151716 0.05283425748348236
0 0.3690087114061628 0.5426827158246722 0.008633204868861608 0.037939139774867466 0.05252907797694206
0 0.376028094972883 0.5353781836373466 0.007103579384940011 0.033013922827584405 0.0508243627846241
0 0.9594527653285435 0.5304924419948033 0.0060983385358537945 0.0315709114074707 0.05065898597240448
0 0.9574103355407715 0.5414613315037319 0.006970541817801339 0.033037934984479635 0.05024873837828636
