0 0.9608940396990094 0.5340330260140556 0.006028924669538226 0.031176464898245677 0.378543496131897
0 0.9644068309238979 0.5294919013977051 0.005883216857910156 0.02847320692879813 0.21403326094150543
0 0.9583757264273507 0.5297468049185616 0.005908966064453125 0.028959853308541433 0.159635528922081
0 0.9604941776820591 0.5261837414332798 0.005169391632080078 0.024552890232631137 0.09505389630794525
0 0.9554892948695591 0.5329246520996094 0.007069860185895648 0.03503486088344029 0.08177129924297333
0 0.9371049063546317 0.5416100365774972 0.008316516876220703 0.04147958755493164 0.0805949941277504
0 0.9686025891985212 0.529172420501709 0.005807944706508091 0.028317008699689592 0.07736168056726456
0 0.07909736463001796 0.5367987837110247 0.005938308579581124 0.028928075517926897 0.07600154727697372
0 0.9550789424351284 0.5264462743486676 0.005151680537632534 0.024983985083443776 0.06968480348587036
0 0.9281455448695591 0.5418750899178642 0.008305822099958147 0.041097402572631836 0.06847671419382095
0 0.0842006972857884 0.5371413912091937 0.005946925708225795 0.028936249869210378 0.066571444272995
0 0.9335637773786273 0.541975838797433 0.008508750370570592 0.0398432867867606 0.059965092688798904
0 0.09667730331420898 0.5368655749729702 0.006938559668404716 0.030409608568464006 0.05484467372298241
