0 0.3257887704031808 0.5535009247916085 0.002852848597935268 0.04518553188868931 0.27737540006637573
0 0.32879611424037386 0.555304833820888 0.0027892248971121652 0.04336977005004883 0.2633764445781708
0 0.3243603025163923 0.5554520743233817 0.0028218882424490793 0.04308990069798061 0.25770559906959534
0 0.3275203023638044 0.5558491774967739 0.0027209350040980746 0.043019771575927734 0.2561914920806885
0 0.32314923831394743 0.5560063634599958 0.0027516228812081473 0.04233935901096889 0.2460799366235733
0 0.3340116909572056 0.5552241461617606 0.002775805337088449 0.043727023260934014 0.2439347505569458
0 0.3322014808654785 0.5558420589991978 0.0026930059705461773 0.043118340628487725 0.24391396343708038
0 0.32134859902518137 0.5560217244284493 0.002713918685913086 0.04303543908255441 0.2357863187789917
0 0.3299382073538644 0.5573431423732212 0.0028631346566336496 0.04496284893580845 0.22018158435821533
0 0.3386679376874651 0.555185079574585 0.002759626933506557 0.04401649747576032 0.21354003250598907
0 0.33709791728428434 0.5558807509286063 0.00268517221723284 0.04348301887512207 0.21307802200317383
0 0.3353614125932966 0.5571191310882568 0.0028324127197265625 0.045309134892054966 0.19840185344219208
0 0.34752144132341656 0.5505873475755964 0.003495863505772182 0.04450627735682896 0.19300991296768188
0 0.343858003616333 0.5486457007271903 0.0023728779384068082 0.051848411560058594 0.17601193487644196
0 0.34050144468035015 0.5571347645350865 0.0028201511928013395 0.04560426303318569 0.1675516813993454
0 0.34234401157924105 0.5572981834411621 0.002405473164149693 0.05175130707877023 0.1521206945180893
0 0.350339412689209 0.5563357216971261 0.002947637013026646 0.045863560267857144 0.13168716430664062
0 0.3306741033281599 0.5444952760423932 0.0029537337166922434 0.0460942132132394 0.13001391291618347
0 0.33311619077410015 0.5445305960518974 0.0028555052621023996 0.046323333467756 0.12733380496501923
0 0.3169776712145124 0.5595473561968122 0.002719129834856306 0.05179909297398159 0.12456120550632477
0 0.32818927083696636 0.544346707207816 0.0034687178475516184 0.04847260883876255 0.11281075328588486
0 0.3154708317347935 0.5589466776166644 0.0027855123792375836 0.052292823791503906 0.10815329849720001
0 0.3346193858555385 0.545034374509539 0.002350705010550363 0.05249357223510742 0.10699838399887085
0 0.35412563596452984 0.550281320299421 0.0038242340087890625 0.043395280838012695 0.10695651173591614
0 0.3395521981375558 0.5449872016906738 0.0024625914437430246 0.05032236235482352 0.10476916283369064
0 0.3523642676217215 0.5575477055140904 0.0030028479439871652 0.049113103321620395 0.09018511325120926
0 0.33321714401245117 0.5640340873173305 0.0025607177189418246 0.051600251879010885 0.08751489967107773
0 0.3412470136369978 0.5452079432351249 0.00250969614301409 0.05572639192853655 0.08151322603225708
0 0.3450728825160435 0.5451439448765346 0.0025070394788469586 0.05522206851414272 0.07737376540899277
0 0.3365704672677176 0.5443234784262521 0.0031925950731549945 0.054380484989711216 0.07700366526842117
0 0.32512576239449636 0.5652620111192975 0.002700056348528181 0.047749996185302734 0.07114873826503754
0 0.331073454448155 0.5661477020808628 0.002773216792515346 0.049258572714669366 0.061943601816892624
0 0.3428284100123814 0.5439060756138393 0.0028551646641322543 0.057945830481393 0.050499483942985535
