0 0.27794480323791504 0.5584225654602051 0.003996695790972028 0.052261182240077426 0.3846901059150696
0 0.2754454953329904 0.5596664292471749 0.004522749355861119 0.053266661507742744 0.3802633583545685
0 0.27331737109592985 0.5584422520228794 0.003969618252345494 0.05255797931126186 0.37269189953804016
0 0.28100504193987164 0.5579808098929269 0.004288264683314732 0.05340777124677386 0.33379578590393066
0 0.2705351284572056 0.559959956577846 0.004528250013078962 0.05339159284319196 0.28404027223587036
0 0.28301734583718435 0.5583688872201102 0.004027707236153739 0.051626239504132955 0.27050071954727173
0 0.28534763199942453 0.5575381687709263 0.00406597341809954 0.051181486674717495 0.23789620399475098
0 0.29978506905691965 0.5557925360543388 0.0039484500885009766 0.04688600131443569 0.2281784564256668
0 0.30695325987679617 0.5557355199541364 0.0038276399884905133 0.045644215175083706 0.22695380449295044
0 0.3047534397670201 0.555861336844308 0.0037992681775774273 0.04619789123535156 0.22501826286315918
0 0.2962150573730469 0.5567383084978376 0.00396418571472168 0.04862298284258161 0.22458557784557343
0 0.29440232685634066 0.5569730145590646 0.003922632762363979 0.04809958594185965 0.22361606359481812
0 0.2903595651899065 0.5577173914228167 0.003970452717372349 0.05037525721958706 0.22116456925868988
0 0.30890018599373953 0.5553568090711322 0.0038908549717494418 0.04614850452968052 0.21839353442192078
0 0.2882180554526193 0.5582500185285296 0.004045758928571429 0.0517054625919887 0.21788710355758667
0 0.31089132172720774 0.5554964882986886 0.003825392041887556 0.045420782906668525 0.19321098923683167
0 0.25832407815115793 0.5620121274675641 0.004444616181509835 0.056312152317592075 0.1925821155309677
0 0.24639095578874862 0.5622000013078962 0.004423243658883231 0.05597308703831264 0.18623672425746918
0 0.24889184747423446 0.5632686614990234 0.004400832312447684 0.0580317633492606 0.18112653493881226
0 0.2764698266983032 0.5476658003670829 0.004191126142229352 0.054293223789760044 0.17328360676765442
0 0.25440852982657297 0.5637515613010952 0.004585640771048409 0.056988682065691264 0.16760693490505219
0 0.2515308516366141 0.5639184543064663 0.004472647394452777 0.0562962463923863 0.16602444648742676
0 0.27922558784484863 0.5477578980582101 0.0042650529316493446 0.0552370548248291 0.1622234582901001
0 0.26051056385040283 0.5520367622375488 0.004494598933628627 0.06201393263680594 0.15565986931324005
0 0.2555128676550729 0.5517376491001674 0.0044569628579275945 0.06128243037632534 0.14891646802425385
0 0.3133271762302944 0.554931504385812 0.0038852010454450336 0.045940978186471124 0.14875824749469757
0 0.9998335838317871 0.7451205934797015 0.00033283233642578125 0.10771703720092773 0.12364687025547028
0 0.2719808646610805 0.5475531305585589 0.004107390131269183 0.05436992645263672 0.12156970798969269
0 0.26860904693603516 0.5672589710780552 0.0044514792306082586 0.05622240475245884 0.12102508544921875
0 0.29248114994594027 0.5485804762159076 0.004402773720877511 0.05689123698643276 0.1113097295165062
0 0.9998035430908203 0.2773979391370501 0.000392845698765346 0.09687047345297677 0.10216198861598969
0 0.3161536966051374 0.5550364766802106 0.0037797519138881137 0.045799085072108676 0.1013917326927185
0 0.24234495844159806 0.5626320157732282 0.004466618810381208 0.05589713369097028 0.10043933987617493
0 0.5568289756774902 0.5440805298941476 0.006174325942993164 0.04376074245997837 0.09938400983810425
0 0.2791979653494699 0.5697902951921735 0.004278336252485003 0.054665599550519674 0.09809880703687668
0 0.25332709721156527 0.5515339033944267 0.004579765456063407 0.06616697992597308 0.09645441174507141
0 0.2867528370448521 0.5657627241952079 0.00402379035949707 0.0527259281703404 0.09362088888883591
0 0.5524368626730782 0.5438990592956543 0.006174019404820034 0.043832199914114814 0.08569139987230301
0 0.561370985848563 0.544269255229405 0.0062029361724853516 0.04350151334490095 0.08298789709806442
0 0.2930631296975272 0.566157443182809 0.003947053636823382 0.05077695846557617 0.08071650564670563
0 0.31838648659842356 0.5544208117893764 0.0038480418069022043 0.04578287260872977 0.07466983795166016
0 0.5436271258762905 0.5400260516575405 0.0060269151415143695 0.04213493210928781 0.07195841521024704
0 0.5366948672703334 0.545098100389753 0.005239009857177734 0.040514230728149414 0.07044725865125656
0 0.5400190012795585 0.5394385542188372 0.005645275115966797 0.041776112147739956 0.07015436142683029
0 0.5336599690573556 0.5392766680036273 0.005478041512625558 0.04097322055271694 0.07013410329818726
0 0.726038932800293 0.5573068686894008 0.00694758551461356 0.09465524128505162 0.0635828897356987
0 0.5667007310049874 0.5442724909101214 0.006276096616472516 0.04334487233843122 0.06354925781488419
0 0.5489564623151507 0.5452198301042829 0.005879981177193778 0.043276275907244 0.0631968080997467
0 0.5826726640973773 0.5438270228249686 0.005484444754464286 0.04513059343610491 0.06262874603271484
0 0.2820343290056501 0.5702784061431885 0.004523703030177525 0.05683061054774693 0.062261734157800674
0 0.24447390011378697 0.5514652388436454 0.004631757736206055 0.06572440692356654 0.061832379549741745
0 0.7210321426391602 0.5575496128627232 0.006983143942696708 0.09480840819222587 0.06117375195026398
0 0.3145359584263393 0.5619656699044364 0.0038540022713797434 0.05057365553719657 0.061071157455444336
0 0.5726413726806641 0.54283721106393 0.0061163221086774555 0.046949216297694614 0.060839761048555374
0 0.5885842868259975 0.5445867265973773 0.005650520324707031 0.04513495309012277 0.058551888912916183
0 0.7308609145028251 0.5571460042681012 0.006978716169084821 0.093996490750994 0.057558171451091766
0 0.5752098900931222 0.5441235133579799 0.006230490548270089 0.04842230251857212 0.055923283100128174
0 0.5781800406319755 0.5445309025900704 0.005994728633335659 0.04885734830583845 0.05458217114210129
0 0.3120944840567453 0.5454987457820347 0.004355430603027344 0.051306452069963725 0.05120737478137016
0 0.5472618852342878 0.5359687464577811 0.0065016065325055805 0.042661190032958984 0.050855159759521484
0 0.27659317425319124 0.5617506844656808 0.03230723312922886 0.10702691759381976 0.05038649961352348
0 0.7353658676147461 0.5570433139801025 0.006978239331926618 0.09406328201293945 0.05037076398730278
