0 0.6964178085327148 0.5690960202898298 0.00982046127319336 0.10867432185581752 0.5857024788856506
0 0.6916924885341099 0.5691638333456857 0.009947844914027624 0.10864550726754325 0.57663494348526
0 0.7007085255214146 0.5688825334821429 0.009838717324393136 0.10846587589808873 0.557494580745697
0 0.7067661285400391 0.568526199885777 0.009236880711146764 0.11064696311950684 0.5184038281440735
0 0.6867990493774414 0.5688706125531878 0.00989879880632673 0.10859898158482142 0.5134764313697815
0 0.7038341249738421 0.5677603653499058 0.007817336491176061 0.08559492656162807 0.47778743505477905
0 0.7123195103236607 0.5685662882668632 0.009307861328125 0.11033991404942103 0.37960970401763916
0 0.6809695107596261 0.5677328450339181 0.010220187050955636 0.10967792783464704 0.36250069737434387
0 0.696119853428432 0.565572806767055 0.02621323721749442 0.11783467020307269 0.35470038652420044
0 0.6855606351579938 0.5674531800406319 0.025348186492919922 0.1228419372013637 0.31785711646080017
0 0.7063675607953753 0.5661901065281459 0.028190340314592634 0.15698484012058803 0.20382429659366608
0 0.7164122717721122 0.569082396371024 0.009167126246861048 0.12007321630205427 0.1483461856842041
0 0.6758498464311872 0.5667476994650704 0.009435244968959264 0.09642512457711357 0.12503394484519958
0 0.9998911448887416 0.44735002517700195 0.00021771022251674106 0.17970504079546248 0.12488609552383423
0 0.5762942177908761 0.5437271595001221 0.006323746272495815 0.042514256068638394 0.0937892347574234
0 0.5674469811575753 0.542691707611084 0.006347724369594029 0.04314262526375907 0.08559022843837738
0 0.5794730867658343 0.545142548424857 0.005726746150425502 0.0437194960457938 0.08426828682422638
0 0.57270690373012 0.5462362766265869 0.006046090807233538 0.04352998733520508 0.07870884239673615
0 0.5864851815359933 0.545043809073312 0.00660290036882673 0.04614152227129255 0.07435280084609985
0 0.5828732081821987 0.5401550701686314 0.007048266274588448 0.044830117906842916 0.06287795305252075
0 0.5702161107744489 0.5392240456172398 0.006653206689017159 0.0427398681640625 0.061935633420944214
0 0.5612494604928153 0.542497055871146 0.00655290058680943 0.04284804207938058 0.061204295605421066
0 0.5646976743425641 0.5392021451677594 0.006615604673113141 0.04275141443525042 0.05266866087913513
0 0.6840686798095703 0.5579445702689034 0.009260313851492745 0.11699543680463519 0.05241392180323601
