0 0.598325252532959 0.5560592923845563 0.004332951136997768 0.05053860800606864 0.37325459718704224
0 0.6005798067365374 0.5560800688607352 0.0049544743129185265 0.04682646478925433 0.3661119341850281
0 0.603116648537772 0.5558148452213832 0.004321915762765067 0.0506664684840611 0.3355407416820526
0 0.5941384860447475 0.5543202332087925 0.0050258636474609375 0.0427182742527553 0.3165268898010254
0 0.6083053861345563 0.5556233951023647 0.00432934079851423 0.04980097498212542 0.3039817214012146
0 0.6045961380004883 0.5487796238490513 0.004845687321254185 0.05403515270778111 0.2909044325351715
0 0.610346930367606 0.5562056132725307 0.005082947867257255 0.047529595238821845 0.28799402713775635
0 0.5967807769775391 0.5471796308244977 0.00522266115461077 0.04863248552594866 0.2854105532169342
0 0.6129962376185826 0.5556627001081195 0.00432661601475307 0.049562420163835795 0.28485727310180664
0 0.601848942892892 0.546886512211391 0.0044536590576171875 0.05110328538077218 0.26710838079452515
0 0.6151026317051479 0.5563335759299142 0.005057266780308315 0.04764972414289202 0.2627388834953308
0 0.6241663524082729 0.5548191751752581 0.004812921796526227 0.04999055181230817 0.25685861706733704
0 0.6070316859654018 0.5467479228973389 0.004737922123500279 0.04961020605904715 0.2426454871892929
0 0.6175543921334403 0.5567656585148403 0.004583767482212612 0.04812329156058175 0.24189724028110504
0 0.629504884992327 0.554724931716919 0.00480931145804269 0.04959658214024135 0.2372722625732422
0 0.6221562794276646 0.5568841525486538 0.004566941942487445 0.048105784824916294 0.22359080612659454
0 0.6271704265049526 0.5569865362984794 0.0045719146728515625 0.04810098239353725 0.21838028728961945
0 0.6260221345084054 0.5464100156511579 0.004684856959751674 0.04999429838997977 0.19251634180545807
0 0.5995255878993443 0.5435385704040527 0.005075522831508091 0.04418356078011649 0.16355592012405396
0 0.5761871337890625 0.5534663881574359 0.004929133823939732 0.041385923113141744 0.1480502039194107
0 0.5715334756033761 0.5535845756530762 0.004932335444859096 0.041481188365391324 0.14594030380249023
0 0.5671319620949882 0.5536457811083112 0.004882267543247768 0.04193735122680664 0.14324158430099487
0 0.6316561017717633 0.546156678880964 0.004808494022914341 0.05047569956098284 0.13535332679748535
0 0.5896921839032855 0.5585919448307582 0.0052411215645926336 0.04572071347917829 0.1270889937877655
0 0.6329665865216937 0.5564634799957275 0.004704202924455915 0.04828132901872907 0.12362875789403915
0 0.6199660982404437 0.5454790251595634 0.004808017185756138 0.055878094264439175 0.11455465853214264
0 0.5645331995827811 0.5542218685150146 0.004861218588692802 0.04047482354300363 0.09975403547286987
0 0.2654122625078474 0.5535050119672503 0.005448903356279645 0.04492415700639997 0.09421779215335846
0 0.26036689962659565 0.553558383669172 0.00545886584690639 0.0449707167489188 0.09327057749032974
0 0.24298761572156632 0.5480649130684989 0.005070243562970843 0.05363345146179199 0.0872022807598114
0 0.2461895772389003 0.5477789810725621 0.0050286224910191125 0.05197232110159738 0.08501039445400238
0 0.23945396287100656 0.5548382827213832 0.00476769038609096 0.0564748900277274 0.07510156184434891
0 0.2703352655683245 0.5533567496708461 0.0054574523653302875 0.04485750198364258 0.07427775114774704
0 0.23723881585257395 0.5545918600899833 0.005025437899998256 0.05368379184177944 0.073765829205513
0 0.6161597115652901 0.5444656099591937 0.004673617226736886 0.06078597477504185 0.06950600445270538
0 0.6041504996163505 0.5686417988368443 0.005143778664725167 0.05337602751595633 0.06714621931314468
0 0.5968871116638184 0.5688369955335345 0.005162784031459263 0.05294874736240932 0.0666837990283966
0 0.27313852310180664 0.5494684491838727 0.005402496882847377 0.04435304233006069 0.0663299411535263
0 0.25564730167388916 0.5557427746909005 0.0050356388092041016 0.05160461153302874 0.06541100889444351
0 0.6019276210239956 0.5692965984344482 0.005165713174002511 0.05287231717790876 0.06370031088590622
0 0.2519141265324184 0.55538923399789 0.005162545612880162 0.05073268072945731 0.0635935515165329
0 0.24919477530888148 0.5552223409925189 0.004990237099783761 0.05097205298287528 0.062342241406440735
0 0.2337766034262521 0.5550714901515416 0.004772765295846122 0.05677056312561035 0.05688551440834999
0 0.6070457186017718 0.5695293630872454 0.005096299307686942 0.053417818886893134 0.05434391275048256
0 0.6113907950265067 0.5697620936802456 0.005130904061453683 0.05395112718854632 0.05394016206264496
0 0.5619130475180489 0.5535760266440255 0.004855428423200335 0.04173285620553153 0.05174567922949791
0 0.2532674925667899 0.5456011976514544 0.0054105860846383235 0.05478198187691825 0.05149419605731964
