0 0.6679173197065081 0.5759246008736747 0.006629807608468192 0.08624468530927386 0.44995591044425964
0 0.6731087820870536 0.5758675847734723 0.006598949432373047 0.08603981563023158 0.4450984001159668
0 0.6631499699183873 0.5757371357509068 0.006074973515101841 0.08816899572099958 0.4411852955818176
0 0.6585561207362584 0.5747021266392299 0.005286693572998047 0.08452739034380231 0.37995481491088867
0 0.6561851501464844 0.5747299194335938 0.005280154091971261 0.08525575910295759 0.3621610999107361
0 0.6701454435076032 0.5821460996355329 0.00601271220615932 0.08923424993242536 0.3552645444869995
0 0.6654306820460728 0.5820730754307338 0.005990709577287946 0.08930322102137975 0.3527348041534424
0 0.6535453796386719 0.5746963364737374 0.00528717041015625 0.08453515597752162 0.3391034007072449
0 0.6509782246180943 0.5746427944728306 0.00525249753679548 0.08550170489719935 0.33005550503730774
0 0.6487072535923549 0.5747417722429548 0.005257129669189453 0.0850278650011335 0.32220327854156494
0 0.6609799521309989 0.5819692611694336 0.005938598087855748 0.08921316691807338 0.32087254524230957
0 0.6455949374607631 0.5746103014264788 0.005248069763183594 0.085505553654262 0.3043339252471924
0 0.6758366993495396 0.5823569978986468 0.00605085917881557 0.08833023480006627 0.2952599823474884
0 0.6788443156651088 0.5757788930620465 0.006634507860456195 0.08586553164890834 0.2530529499053955
0 0.663790225982666 0.5709421294076102 0.02473313467843192 0.1050938538142613 0.24514558911323547
0 0.6410611697605678 0.5743669782366071 0.005330358232770648 0.08446250643048968 0.20536768436431885
0 0.6430661337716239 0.5686065810067313 0.005739143916538784 0.08177665301731654 0.1457909494638443
0 0.6510302679879325 0.5706155981336322 0.024997847420828685 0.10623543603079659 0.13481251895427704
0 0.6382314137050084 0.5735170500619071 0.005486965179443359 0.0811528137751988 0.12218240648508072
0 0.6809214183262416 0.5852903638567243 0.006784643445696149 0.09166288375854492 0.08369230479001999
0 0.647181510925293 0.5888345582144601 0.007463523319789341 0.0873826231275286 0.07776300609111786
0 0.6765180315290179 0.5710244519369942 0.03076185498918806 0.11675759724208287 0.0771244615316391
0 0.6345678738185337 0.5728667804173061 0.005510193961007255 0.07948156765529088 0.05295267328619957
