0 0.7537570680890765 0.5866156305585589 0.015541689736502511 0.14121205466134207 0.6539289951324463
0 0.7444752284458706 0.5863265310014997 0.015481063297816686 0.1406525203159877 0.5633410811424255
0 0.7366352081298828 0.5857443809509277 0.01537173134940011 0.1311934334891183 0.44147107005119324
0 0.7610582624162946 0.5860375676836286 0.015808377947126116 0.13795392853873117 0.41361528635025024
0 0.7285840170724052 0.5855464254106794 0.014999866485595703 0.13245677947998047 0.3651149868965149
0 0.7335549082074847 0.5836727959769112 0.02976499285016741 0.13910726138523646 0.311247318983078
0 0.7714193889072963 0.5858359336853027 0.030848094395228794 0.176499605178833 0.2048012763261795
0 0.7679915428161621 0.5857932226998466 0.012111527579171317 0.13329948697771346 0.15435504913330078
0 0.7327234404427665 0.5837838309151786 0.010199274335588728 0.08994347708565849 0.14145611226558685
0 0.7734176771981376 0.585742882319859 0.012095178876604353 0.1330209800175258 0.12654174864292145
0 0.7832408632550921 0.5856838226318359 0.012052740369524275 0.1334207398550851 0.11634807288646698
0 0.9998835154942104 0.2920264857155936 0.00023290089198521206 0.09736960274832589 0.09878120571374893
0 0.7782375471932548 0.5891640526907784 0.011801583426339286 0.13512260573250906 0.06782227754592896
0 0.789987291608538 0.5852381842476981 0.012286526816231864 0.13770760808672225 0.06651796400547028
0 0.7212509427751813 0.5812886101858956 0.013221127646309989 0.10179570743015834 0.054887671023607254
