0 0.5970439910888672 0.5554004056113107 0.007420335497174945 0.052954060690743585 0.5544769167900085
0 0.5925070898873466 0.5553293909345355 0.007410253797258649 0.053330421447753906 0.55326908826828
0 0.9999123300824847 0.42267697198050364 0.00017452239990234375 0.046274730137416294 0.4993778467178345
0 0.587714603969029 0.5553501333509173 0.00736515862601144 0.05368212291172573 0.49210649728775024
0 0.5844546045575824 0.555490221296038 0.007632528032575335 0.05311420985630581 0.474715918302536
0 0.5778534071786063 0.553351742880685 0.0062389373779296875 0.04756202016557966 0.4191719889640808
0 0.6017472403390067 0.5554723058428083 0.007439885820661273 0.05309500013078962 0.41647279262542725
0 0.5724361964634487 0.5534133911132812 0.006249598094395229 0.04770725114004953 0.395894855260849
0 0.5817465782165527 0.5597561427525112 0.00577340807233538 0.04974174499511719 0.3740495443344116
0 0.5900162288120815 0.5630358287266323 0.007329191480364118 0.05765332494463239 0.3429752588272095
0 0.5952508790152413 0.5661032540457589 0.007113320486886161 0.056895664760044644 0.2802092134952545
0 0.6153462273733956 0.5559194428580148 0.007234641483851841 0.05131721496582031 0.25950536131858826
0 0.6200647354125977 0.5559624263218471 0.007228374481201172 0.05123734474182129 0.24936534464359283
0 0.5997899600437709 0.5652525084359306 0.0072176797049386164 0.060565369469778876 0.24543124437332153
0 0.6249950272696358 0.555964640208653 0.0071958814348493305 0.0515225955418178 0.24389487504959106
0 0.5762889044625419 0.5641979490007673 0.005835260663713727 0.05002035413469587 0.19481654465198517
0 0.5951672962733677 0.5443971497671944 0.00676039287022182 0.049700566700526645 0.19349242746829987
0 0.6057863235473633 0.5631078311375209 0.007383823394775391 0.05709297316414969 0.1763216257095337
0 0.5864080701555524 0.5679514748709542 0.00580317633492606 0.049997500010899136 0.13899055123329163
0 0.6090644427708217 0.5643612657274518 0.007306098937988281 0.05841520854404995 0.1357227861881256
0 0.6017035075596401 0.5537843704223633 0.03580072947910854 0.0921079090663365 0.12659122049808502
0 0.630641256059919 0.561471802847726 0.007479054587227958 0.05466774531773159 0.12377430498600006
0 0.6085006168910435 0.5468781335013253 0.007399286542619977 0.05492292131696429 0.10141849517822266
0 0.6120828901018415 0.5663651057652065 0.007349218641008649 0.05551007815769741 0.09964273124933243
0 0.5884228433881488 0.5478916849408831 0.03465897696358817 0.07703655106680733 0.09892584383487701
0 0.5823186465672084 0.5434767518724714 0.006485530308314732 0.04847519738333566 0.09739077091217041
0 0.6130941935947963 0.5468870912279401 0.007346902574811663 0.05518538611275809 0.09709891676902771
0 0.5684362139020648 0.5680956840515137 0.006123679024832589 0.04991834504263742 0.09265647083520889
0 0.6222570283072335 0.5664973258972168 0.007340567452566964 0.05555496897016253 0.09258794039487839
0 0.5719352449689593 0.5683151313236782 0.005905117307390485 0.0500356810433524 0.09010305255651474
0 0.6271918160574776 0.5665484496525356 0.007361412048339844 0.055590970175606866 0.08998169004917145
0 0.5989480699811663 0.5452612808772496 0.007669176374162946 0.06764595849173409 0.08352728188037872
0 0.5575675623757499 0.5566194398062569 0.005155495234898159 0.0526667663029262 0.08092912286520004
0 0.617823600769043 0.5472047669546944 0.007383005959647042 0.060352018901279995 0.07441258430480957
0 0.6218030112130302 0.5458556583949498 0.007040296282087054 0.054496662957327704 0.0684128850698471
0 0.6288886070251465 0.5472758156912667 0.0074062347412109375 0.06036741392953055 0.062851682305336
0 0.5748371396745954 0.5424719538007464 0.006217479705810547 0.0499748843056815 0.06055331230163574
0 0.6040868077959333 0.5459797722952706 0.007349967956542969 0.0649254322052002 0.059939056634902954
0 0.5660354750497001 0.5430855751037598 0.00639516966683524 0.05386924743652344 0.053979817777872086
