0 0.6449944632393974 0.5675450393131801 0.008953980037144251 0.07769714082990374 0.26648685336112976
0 0.6401596069335938 0.5672242300851005 0.008498396192278181 0.07686141559055873 0.25968408584594727
0 0.6507951191493443 0.5669360160827637 0.00860043934413365 0.07654813357761928 0.2199093997478485
0 0.6558970042637416 0.5694074630737305 0.008394309452601842 0.07957230295453753 0.19662132859230042
0 0.6354950496128627 0.5673747062683105 0.008550098964146205 0.07687020301818848 0.16152749955654144
0 0.6595268249511719 0.5638467924935477 0.008547374180385045 0.07734738077436175 0.1564573347568512
0 0.664228984287807 0.5638664790562221 0.008535657610212053 0.07733505112784249 0.14510715007781982
0 0.668111937386649 0.5717036383492606 0.008283819471086775 0.07461411612374443 0.10739906877279282
0 0.36727373940604074 0.5414702551705497 0.005848441805158343 0.048738411494663784 0.08652938157320023
0 0.3713947023664202 0.5382850170135498 0.00586874144417899 0.04882424218314035 0.07484085857868195
0 0.3733376775469099 0.5449580124446324 0.005678653717041016 0.04784461430140904 0.0742097720503807
0 0.383843013218471 0.5414611271449498 0.005706957408360073 0.048052889960152764 0.07354586571455002
0 0.36265039443969727 0.5416348661695208 0.005833455494471959 0.04857546942574637 0.0725153237581253
0 0.3759347030094692 0.5382783753531319 0.0058956146240234375 0.0490335396357945 0.0721488669514656
0 0.3884429250444685 0.5413479804992676 0.00566932133265904 0.0480806827545166 0.07056868821382523
0 0.37807982308523996 0.544914722442627 0.005681003843035016 0.04772809573582241 0.07034671306610107
0 0.6401083809988839 0.5632115432194301 0.03748914173671177 0.09466368811471122 0.06762060523033142
0 0.6317595073154995 0.5670853682926723 0.007848807743617467 0.06915358134678432 0.06257519870996475
0 0.39243548257010324 0.5458292279924665 0.005022491727556501 0.04569070679800851 0.056234732270240784
0 0.38640601294381277 0.53658355985369 0.005639110292707171 0.049243382045200894 0.054540861397981644
0 0.3806514058794294 0.5356501170567104 0.005736010415213448 0.05150995935712542 0.051372889429330826
