0 0.21655488014221191 0.555034705570766 0.006123048918587821 0.058942828859601705 0.6433018445968628
0 0.21173392023359025 0.5549065726143974 0.006101489067077637 0.059037787573678155 0.6360439658164978
0 0.22132532937186106 0.5549988065447126 0.006092769759041923 0.058997665132795064 0.6351305842399597
0 0.22551725591932023 0.5549451283046177 0.006033863340105329 0.0592219488961356 0.6230875849723816
0 0.20514403070722306 0.5553303105490548 0.00628284045628139 0.06243331091744559 0.5963826179504395
0 0.22897727148873465 0.5561421939304897 0.005327718598502023 0.05965828895568848 0.5957199335098267
0 0.23131700924464635 0.5559568745749337 0.005234650203159877 0.05964531217302595 0.5682269334793091
0 0.20106915065220424 0.5549711499895368 0.006078839302062988 0.06562760898045131 0.5333513617515564
0 0.21421422277178084 0.5605648926326207 0.00591364928654262 0.06264216559273857 0.5273914337158203
0 0.2095348494393485 0.5605620316096714 0.0058950866971697125 0.06279161998203822 0.5066035389900208
0 0.234100375856672 0.556049006325858 0.005334087780543736 0.059236969266619 0.4841420352458954
0 0.6587821415492466 0.544255188533238 0.008745738438197545 0.06553380829947335 0.48182082176208496
0 0.648810795375279 0.5437874794006348 0.00581434794834682 0.054372549057006836 0.456967294216156
0 0.6649405615670341 0.551321199962071 0.008707591465541295 0.06555468695504325 0.4452129006385803
0 0.6692487171718052 0.5516166346413749 0.00870377676827567 0.06555427823747907 0.44110915064811707
0 0.22318496022905623 0.5628797667367118 0.0052793196269444054 0.06290309769766671 0.4285639822483063
0 0.21918477330889022 0.5471644401550293 0.006112149783543178 0.06066843441554478 0.39698687195777893
0 0.674462114061628 0.5518339020865304 0.008749825613839286 0.06556892395019531 0.38576558232307434
0 0.6514475686209542 0.5419384411403111 0.006585053035191127 0.056218624114990234 0.37887731194496155
0 0.2365072284426008 0.5557964188711983 0.005245821816580636 0.05957000596182687 0.36771300435066223
0 0.678574698311942 0.5482885837554932 0.010017258780343192 0.05676494325910296 0.3586885333061218
0 0.6532824380057198 0.5525863511221749 0.007504258837018695 0.058316946029663086 0.35282638669013977
0 0.20315163476126535 0.5636989048549107 0.006169063704354423 0.06817630359104701 0.32980483770370483
0 0.6560311998639788 0.5422295161655971 0.03493670054844448 0.09777365412030901 0.31477150321006775
0 0.6453144890921456 0.5409045900617327 0.0059294019426618305 0.057062387466430664 0.2964078187942505
0 0.1990175928388323 0.5616037505013602 0.005790591239929199 0.07337192126682826 0.29029718041419983
0 0.19595776285443986 0.5566826888493129 0.0061338118144444054 0.06778533118111747 0.28146615624427795
0 0.6560284750802177 0.5375242914472308 0.007216181073869977 0.07584731919424874 0.27709609270095825
0 0.6716368538992745 0.5396500996180943 0.03407621383666992 0.08283751351492745 0.26707151532173157
0 0.22696576799665177 0.5663704190935407 0.005404625620160784 0.0618483339037214 0.266092985868454
0 0.23898014000483922 0.5553697177342006 0.005240099770682198 0.05794290133884975 0.22969549894332886
0 0.6678642545427594 0.5335826192583356 0.008916786738804408 0.07877687045506068 0.1787915974855423
0 0.6627671377999442 0.5334941659654889 0.008868966783796037 0.07903146743774414 0.17636676132678986
0 0.6612022263663155 0.5606207166399274 0.00789996555873326 0.064882721219744 0.1687173843383789
0 0.6845564842224121 0.5444181646619525 0.03593172345842634 0.10441064834594727 0.16517989337444305
0 0.65659270967756 0.5603903361729213 0.007891246250697545 0.06530489240373884 0.1624114066362381
0 0.1930501971926008 0.5558169909885952 0.005991254534040179 0.06580311911446708 0.14096438884735107
0 0.6827128274100167 0.5510928290230888 0.010305745261056083 0.054760285786220005 0.1388513296842575
0 0.22372005667005265 0.5513995034354073 0.03295445442199707 0.14271140098571777 0.1311471313238144
0 0.6395323617117745 0.5573341505868095 0.005969456263950893 0.05450292995997837 0.1078759953379631
0 0.6477744238717216 0.5627064023699079 0.006847245352608817 0.061786072594778876 0.1002039834856987
0 0.6510084015982491 0.5632218633379255 0.007923126220703125 0.06427945409502302 0.09378481656312943
0 0.24243058477129256 0.5554665156773159 0.005083816392081124 0.05790121214730399 0.09205983579158783
0 0.6813245500837054 0.5340416772024972 0.008563859122140067 0.08867662293570382 0.07305721938610077
0 0.688556603022984 0.5467865126473563 0.009509086608886719 0.060939482280186245 0.07244730740785599
0 0.21380400657653809 0.5423616681780133 0.03308628286634173 0.07999941280909947 0.06532204896211624
0 0.6937646865844727 0.5471054485866002 0.009418691907610213 0.06608148983546666 0.06326079368591309
0 0.701434680393764 0.5507377896990094 0.009902613503592355 0.05472251347133091 0.06140492483973503
0 0.18933803694588797 0.5560131754193988 0.0061141082218715125 0.06623080798557826 0.05838412418961525
0 0.7069689205714634 0.550614425114223 0.00993755885532924 0.05465207781110491 0.05775763839483261
0 0.6398183958871024 0.5493926320757184 0.0355046136038644 0.11517289706638881 0.050118543207645416
