0 0.681715760912214 0.5801187242780413 0.01420743124825614 0.10457093375069755 0.5652756690979004
0 0.6918361527579171 0.579716546194894 0.014180455889020647 0.10465400559561593 0.45486515760421753
0 0.05501242620604379 0.567894424710955 0.0070604511669703895 0.06818655558994838 0.44530972838401794
0 0.05013312612261091 0.5678020545414516 0.007101940257208688 0.06812647410801478 0.430427223443985
0 0.059129110404423306 0.5678072656903949 0.007007036890302386 0.06849098205566406 0.42926234006881714
0 0.06666042123522077 0.5659618718283517 0.00618435229573931 0.0807879992893764 0.39294669032096863
0 0.6754388809204102 0.5803830964224679 0.014195101601736886 0.10592859131949288 0.3860822319984436
0 0.06337931326457433 0.5685068539210728 0.006512842008045742 0.06943467685154506 0.37411993741989136
0 0.045316994190216064 0.5678752149854388 0.007141168628420148 0.06886557170322963 0.3661283850669861
0 0.7011357716151646 0.5813419478280204 0.012519087110246931 0.10341947419302804 0.35547760128974915
0 0.6970018659319196 0.5750089372907367 0.011039257049560547 0.09673936026436943 0.3345308303833008
0 0.680110113961356 0.5780297688075474 0.03115769795009068 0.12033132144383021 0.33150047063827515
0 0.7068305696759906 0.5807194028581891 0.012038435254778181 0.10545822552272252 0.33052441477775574
0 0.6866649900163923 0.5845719064985003 0.012476308005196708 0.11161930220467704 0.31372135877609253
0 0.07016158955437797 0.5704358645847866 0.006769844463893345 0.06440050261361259 0.233941450715065
0 0.07317459583282471 0.56829833984375 0.005907842091151646 0.06455274990626744 0.23261375725269318
0 0.052459887095860074 0.5610348156520298 0.005718793187822614 0.08217944417681013 0.2002178579568863
0 0.04085038389478411 0.5690695898873466 0.006269569907869611 0.0860046659197126 0.19196884334087372
0 0.6928201402936663 0.5773593357631138 0.03337921415056501 0.13249380247933523 0.1869184821844101
0 0.03663032395499093 0.567197459084647 0.00874222389289311 0.07066590445382255 0.11107996851205826
0 0.07568499871662684 0.5705229895455497 0.006751911980765206 0.06393201010567802 0.10994202643632889
0 0.705150672367641 0.5792031288146973 0.03301838466099331 0.16222303254263742 0.09204114973545074
0 0.6691233771187919 0.5768661499023438 0.010331290108816964 0.08338757923671178 0.08858636021614075
0 0.6596505301339286 0.5760114533560616 0.03392839431762695 0.10593686785016741 0.07850860059261322
0 0.6621866226196289 0.5768481663295201 0.010269369397844588 0.0788968631199428 0.05295005813241005
0 0.6555946895054409 0.5766545704432896 0.009553568703787667 0.07936791011265346 0.050835296511650085
