0 0.28988357952662874 0.5538485390799386 0.004243237631661552 0.05293502126421247 0.10480787605047226
0 0.2874810014452253 0.5557487692151751 0.0037587029593331473 0.05033023016793387 0.10308008641004562
0 0.2927284240722656 0.5524783475058419 0.0038442271096365793 0.05218430927821568 0.10248424112796783
0 0.2946273258754185 0.5535228252410889 0.0038464750562395367 0.05257000241960798 0.10063039511442184
0 0.2844106469835554 0.557152271270752 0.004294208117893764 0.050317389624459405 0.09673751890659332
0 0.30515871729169575 0.5549286433628627 0.0037178312029157367 0.048986264637538364 0.09325385838747025
0 0.3030367238180978 0.5558054106576102 0.0038353375026157926 0.04922488757542202 0.08978104591369629
0 0.30701518058776855 0.5556154591696603 0.0038770948137555805 0.048095907483782084 0.0883839875459671
0 0.30106898716517855 0.5568774087088448 0.004055976867675781 0.05116186823163714 0.08486666530370712
0 0.28159492356436594 0.5581401756831578 0.004401138850620815 0.05035393578665597 0.0841287150979042
0 0.29812914984566824 0.55774644442967 0.00390934944152832 0.05281945637294224 0.08095008134841919
0 0.30917201723371235 0.555964606148856 0.003821032387869699 0.051075901303972514 0.08041989058256149
0 0.3132250649588449 0.5553464889526367 0.0038164002554757254 0.0495523384639195 0.06369361281394958
0 0.29149603843688965 0.5620161465236119 0.004211357661655971 0.050906283514840264 0.054846640676259995
0 0.31703172411237446 0.5546236719403949 0.0037719522203717914 0.04792789050510952 0.050320517271757126
0 0.27768562521253315 0.5592957224164691 0.004557950156075614 0.05166339874267578 0.050193220376968384
