0 0.35737572397504536 0.5586397307259696 0.007263115474155971 0.046498468944004605 0.4202558398246765
0 0.360769476209368 0.5586014475141253 0.007283312933785575 0.046915599278041294 0.4044133126735687
0 0.36619172777448383 0.5583780152457101 0.007220608847481864 0.04668031420026507 0.32365942001342773
0 0.3536372184753418 0.5620807238987514 0.007581949234008789 0.05048564502171108 0.3180772662162781
0 0.37127242769513813 0.5580902780805316 0.007179464612688337 0.04662091391427176 0.30104225873947144
0 0.3772730146135603 0.5550541196550641 0.007051025118146624 0.045080218996320455 0.28680750727653503
0 0.3817968709128244 0.5549275534493583 0.006971495492117745 0.045288222176688056 0.27599456906318665
0 0.3860600335257394 0.5547209467206683 0.006903069359915597 0.045296941484723775 0.26840731501579285
0 0.3501248359680176 0.5605057988848005 0.007753270012991769 0.04808006967817034 0.25765255093574524
0 0.36258935928344727 0.5486666134425572 0.007229975291660854 0.05031766210283552 0.24082930386066437
0 0.3408721855708531 0.5619193826402936 0.007163456508091518 0.04829318182809012 0.2120308130979538
0 0.39132789203098844 0.554574728012085 0.006941590990339007 0.04522848129272461 0.21006755530834198
0 0.36376939501081196 0.565408434186663 0.007381337029593331 0.051880870546613424 0.19224858283996582
0 0.3264538219996861 0.5621706417628697 0.00713906969342913 0.048489195959908624 0.18421660363674164
0 0.36815874917166574 0.547802346093314 0.007077319281441825 0.050016743796212335 0.18025308847427368
0 0.330411434173584 0.553591217313494 0.007005998066493443 0.05197858810424805 0.17133449018001556
0 0.34350558689662386 0.5549722399030413 0.040791715894426615 0.07412041936601911 0.1499583125114441
0 0.3521077973502023 0.5498245103018624 0.006764241627284459 0.05616620608738491 0.14565275609493256
0 0.3942187854221889 0.5532846450805664 0.0065261295863560265 0.04430879865373884 0.14065784215927124
0 0.3591560295649937 0.5694828033447266 0.007287297930036273 0.052903754370553155 0.13685978949069977
0 0.37416679518563406 0.5482596669878278 0.007143088749476841 0.058121681213378906 0.12963443994522095
0 0.34596518107822966 0.5504522323608398 0.006824868065970284 0.05199827466692243 0.12514325976371765
0 0.3455256393977574 0.5672665323529925 0.0073838915143694195 0.05202235494341169 0.12342607229948044
0 0.37413549423217773 0.5663137435913086 0.006192309515816825 0.05212031091962542 0.11854502558708191
0 0.37923993383135113 0.5664940220969064 0.006201403481619698 0.05192055021013532 0.10985144972801208
0 0.3221743106842041 0.5625086511884417 0.007166930607386998 0.04873085021972656 0.09549778699874878
0 0.3427753448486328 0.5702333109719413 0.0067076001848493305 0.0549499647957938 0.07279478013515472
0 0.3328972203390939 0.5712689672197614 0.006619180951799665 0.054028068270002096 0.0656207799911499
0 0.36991589409964426 0.5706414154597691 0.0069953032902308875 0.05179602759225028 0.0582718625664711
0 0.3372644696916853 0.5720693043300084 0.0071822234562465125 0.050824642181396484 0.05613929405808449
0 0.38976880482264925 0.5438110487801688 0.0071222782135009766 0.046588591166904995 0.05457422509789467
0 0.3236392225537981 0.5494711739676339 0.006757055010114398 0.05570081302097866 0.05103212967514992
0 0.38045542580740793 0.5437695298876081 0.007184607642037528 0.04987267085484096 0.05031309649348259
