0 0.6007105963570731 0.5621346746172223 0.005758762359619141 0.05970869745526995 0.16816304624080658
0 0.6173609324863979 0.5581521306719098 0.005998475211007255 0.06287387439182826 0.16365914046764374
0 0.62065247126988 0.5613514695848737 0.005628994532993862 0.06185007095336914 0.16049839556217194
0 0.6050752912248883 0.562068019594465 0.005805560520717076 0.05972433090209961 0.15893402695655823
0 0.6147033146449498 0.5619699614388602 0.005761623382568359 0.059347799846104214 0.15782426297664642
0 0.6242493220738002 0.5607038225446429 0.005920205797467913 0.06269921575273786 0.1573694795370102
0 0.6271989686148507 0.5617314747401646 0.005382401602608817 0.06103294236319406 0.15317843854427338
0 0.6102593285696847 0.5620159421648298 0.005761827741350446 0.05902688843863351 0.1514534056186676
0 0.6077883584158761 0.5622512953622001 0.005866118839808873 0.05899810791015625 0.14951767027378082
0 0.5977506637573242 0.5562413079398019 0.005673067910330636 0.060485397066388814 0.14116692543029785
0 0.6294390133449009 0.5616819177355085 0.0051833561488560265 0.06190824508666992 0.13775694370269775
0 0.6029388563973563 0.5527964319501605 0.005693708147321429 0.06115668160574777 0.10491377115249634
0 0.6129277093069894 0.5526446614946637 0.005637100764683315 0.06099414825439453 0.09913334995508194
0 0.5941953659057617 0.5603585243225098 0.005516256604875837 0.05189088412693569 0.09414844214916229
0 0.36671972274780273 0.5445940835135323 0.004633324486868722 0.04479074478149414 0.0865366980433464
0 0.3729793003627232 0.5447878156389508 0.0046389102935791016 0.04451721055167062 0.08605408668518066
0 0.37931605747767855 0.5451688085283551 0.0048863206590924945 0.043781280517578125 0.08560658246278763
0 0.37014869281223844 0.5455726555415562 0.005073479243687221 0.048184054238455634 0.0767919272184372
0 0.37709529059273855 0.5417070048195975 0.0049974918365478516 0.04356772559029715 0.07093654572963715
0 0.3643453461783273 0.5451298100607735 0.0050427913665771484 0.047894682203020365 0.07031522691249847
0 0.38198208808898926 0.5416970934186663 0.005050046103341239 0.04336159569876535 0.06957266479730606
0 0.38951226643153597 0.5414051328386579 0.004941020693097796 0.043499605996268134 0.06116577237844467
0 0.36118221282958984 0.5447220121111188 0.00463104248046875 0.044746228626796176 0.06095926836133003
0 0.38342550822666716 0.5487853118351528 0.004946061543055943 0.04331908907209124 0.060712896287441254
0 0.387958151953561 0.548619270324707 0.0049081529889787945 0.043505259922572544 0.058125805109739304
0 0.3927931785583496 0.5486621856689453 0.004902396883283343 0.043718201773507256 0.05559348687529564
0 0.39544248580932617 0.5480640275137765 0.005035025732857841 0.044810397284371514 0.05228573828935623
