0 0.5873384475708008 0.5552447863987514 0.00546680177961077 0.04873606136866978 0.1981801837682724
0 0.5826883316040039 0.5553240435464042 0.005401134490966797 0.0489192008972168 0.1944134384393692
0 0.577244758605957 0.5552017348153251 0.005432537623814174 0.049208368573869975 0.18223699927330017
0 0.579411234174456 0.5499446051461356 0.00548069817679269 0.05039048194885254 0.18176265060901642
0 0.5737893240792411 0.5555061612810407 0.005487169538225446 0.05043397630964007 0.17440977692604065
0 0.5925356319972447 0.5553258487156459 0.0054901668003627235 0.04876845223563058 0.16985315084457397
0 0.5659682410103934 0.5504792417798724 0.005153111049107143 0.04714032581874302 0.16801577806472778
0 0.5698577335902623 0.5587220873151507 0.005147763660975865 0.04726345198495047 0.13512247800827026
0 0.5638680458068848 0.5578575474875314 0.005039657865251813 0.047009944915771484 0.13441966474056244
0 0.560706342969622 0.5507463727678571 0.005114895956856864 0.0470451968056815 0.10497096180915833
0 0.5842106682913644 0.5458337238856724 0.005336761474609375 0.05106472969055176 0.09871618449687958
0 0.572406700679234 0.5457399232046944 0.005288260323660714 0.05022127287728446 0.08908472210168839
0 0.5804471969604492 0.5637904575892857 0.005196230752127511 0.05966544151306152 0.08463021367788315
0 0.5889644622802734 0.564338207244873 0.005274432046072823 0.059052739824567525 0.07996270060539246
0 0.5910003525870187 0.5464016028812954 0.005452428545270648 0.05780962535313198 0.0781257301568985
0 0.5586141518184117 0.5579814910888672 0.00499793461390904 0.04689311981201172 0.06901724636554718
0 0.5841514723641532 0.5654362951006208 0.00566305433000837 0.05848911830357143 0.06830962002277374
0 0.5941434587751117 0.545856101172311 0.005068029676164899 0.05581726346697126 0.06757823377847672
0 0.562828813280378 0.5456091335841587 0.005283355712890625 0.05014174325125558 0.0651184543967247
0 0.596801894051688 0.546541554587228 0.00547231946672712 0.0571204594203404 0.05448608845472336
0 0.5693567139761788 0.5440167018345424 0.005162954330444336 0.052973849432809014 0.050796009600162506
