0 0.305790833064488 0.5673599583762032 0.004055670329502651 0.06481967653547015 0.5443223714828491
0 0.3014777387891497 0.5680932317461286 0.004240172249930245 0.06016925403050014 0.5407915115356445
0 0.29278503145490375 0.5689107349940709 0.004157815660749163 0.06737596648080009 0.5352932810783386
0 0.2872128486633301 0.5673891476222447 0.00429950441632952 0.06714684622628349 0.530588686466217
0 0.2979461806161063 0.5678050177437919 0.004294838224138532 0.057380846568516324 0.5275634527206421
0 0.2839663709912981 0.5666607448032924 0.004027707236153739 0.06728713853018624 0.4745355248451233
0 0.3117408752441406 0.5641864367893764 0.004226752689906529 0.05778731618608747 0.4535154104232788
0 0.29627929415021625 0.5713998930794852 0.00420205933707101 0.057742221014840264 0.4471600651741028
0 0.30305215290614534 0.5615653991699219 0.0039626530238560265 0.0663466112954276 0.44071415066719055
0 0.3139251300266811 0.567925078528268 0.004179443631853376 0.05742556708199637 0.43403762578964233
0 0.30731119428362164 0.5612437043871198 0.004016297204153878 0.06826979773385185 0.42759808897972107
0 0.28224713461739676 0.5698944500514439 0.004726869719369071 0.06904332978384835 0.37937796115875244
0 0.31589906556265696 0.5684030055999756 0.003745283399309431 0.06110974720546177 0.3557037115097046
0 0.2995401109967913 0.57292297908238 0.004220894404820034 0.06167347090584891 0.3407420814037323
0 0.2945153372628348 0.5730838775634766 0.004225594656808036 0.06136669431413923 0.33493542671203613
0 0.3043607303074428 0.5727800641741071 0.004200356347220284 0.061863558632986884 0.33232825994491577
0 0.2906295231410435 0.5725851058959961 0.004439388002668109 0.06644507816859654 0.3298054337501526
0 0.3093211991446359 0.5727337428501674 0.004193612507411412 0.061840602329799106 0.3099174499511719
0 0.2856858117239816 0.5726796558925084 0.004476070404052734 0.0662919112614223 0.3079266846179962
0 0.2887753759111677 0.5731086730957031 0.00440389769417899 0.06789531026567731 0.2884572446346283
0 0.318007230758667 0.5643974031720843 0.0038595880780901226 0.059200559343610494 0.23159001767635345
0 0.30325746536254883 0.5633042539869036 0.029616458075387136 0.10256460734776088 0.21119002997875214
0 0.2799485070364816 0.5731684820992606 0.004832727568490165 0.06614058358328682 0.17654365301132202
0 0.28982302120753695 0.5566528865269252 0.004201071602957589 0.071084839957101 0.16564595699310303
0 0.2771432910646711 0.5709473746163505 0.005074194499424526 0.07144767897469657 0.15489451587200165
0 0.32020350864955355 0.5642461776733398 0.004074130739484515 0.05092031615121024 0.14735782146453857
0 0.3107866219111851 0.5749600274222237 0.004388741084507534 0.07906402860369001 0.13083802163600922
0 0.30016023772103445 0.5565742765154157 0.0041626521519252235 0.07825507436479841 0.0966915711760521
0 0.2936746733529227 0.5558615752628872 0.004355055945260184 0.07587698527744838 0.08510591089725494
0 0.32241616930280415 0.5631816046578544 0.004151310239519391 0.04485808100019183 0.08193811774253845
0 0.31006741523742676 0.5559131758553642 0.004218714577811105 0.07726083483014788 0.0792098417878151
0 0.29260104043143137 0.5572209017617362 0.030841759272984097 0.07992642266409737 0.07357291132211685
0 0.2748555455889021 0.5722524779183524 0.005093233925955636 0.06928270203726632 0.07261259108781815
0 0.3245466777256557 0.5629152570452008 0.0041556017739432195 0.044670820236206055 0.051935434341430664
