0 0.6413593292236328 0.5375033787318638 0.007429327283586774 0.07525420188903809 0.5079977512359619
0 0.6527684756687709 0.5392694813864571 0.008251053946358817 0.06190299987792969 0.5018436908721924
0 0.6498674665178571 0.5366998059409005 0.0063435690743582586 0.06963191713605608 0.47623690962791443
0 0.6379278727940151 0.5392560277666364 0.008142811911446708 0.061410835811070034 0.4675835072994232
0 0.6490215573992048 0.533468416758946 0.033544881003243585 0.08381632396153041 0.4426293969154358
0 0.659710339137486 0.5361852305276054 0.008431230272565569 0.06357049942016602 0.43811142444610596
0 0.15440964698791504 0.5613354274204799 0.005982433046613421 0.05513405799865723 0.43487146496772766
0 0.6469106674194336 0.5365934371948242 0.008230549948556083 0.062190089906964986 0.4338406026363373
0 0.15901337351117814 0.5610901968819755 0.006018791879926409 0.0550929137638637 0.416387140750885
0 0.6653764588492257 0.5361482075282505 0.008487565176827567 0.0632490771157401 0.4089631140232086
0 0.6700641087123326 0.5402496201651437 0.008372034345354353 0.06129561151776995 0.38231799006462097
0 0.6569803782871791 0.5448026657104492 0.007347720009940011 0.05837028367178781 0.36048009991645813
0 0.6638791220528739 0.5375418663024902 0.03505345753261021 0.10671823365347725 0.33486199378967285
0 0.1512248686381749 0.5569686208452497 0.007184028625488281 0.05817631312779018 0.3269476592540741
0 0.1616971492767334 0.5554064341953823 0.006351896694728306 0.05717699868338449 0.3221183121204376
0 0.1563988413129534 0.5676967416490827 0.005943383489336286 0.057345730917794366 0.3220180869102478
0 0.6439950125558036 0.5450144495282855 0.008131980895996094 0.06163787841796875 0.31524673104286194
0 0.16391076360430037 0.5609540939331055 0.00596010684967041 0.05537976537431989 0.2893970012664795
0 0.14868504660470144 0.5630393028259277 0.006879704339163644 0.0569526127406529 0.28872978687286377
0 0.6347078595842633 0.5305102893284389 0.0338834353855678 0.0872542176927839 0.27216076850891113
0 0.14568107468741281 0.5632257802145821 0.007253612790788923 0.06027282987322126 0.25398480892181396
0 0.16749257700783865 0.5610534123011998 0.005925485066005162 0.055460214614868164 0.24357973039150238
0 0.6740504673549107 0.5404063974108014 0.008537769317626953 0.06724963869367327 0.24320068955421448
0 0.17031363078526088 0.5611127444675991 0.005907246044703892 0.05579263823372977 0.23808079957962036
0 0.6347316333225795 0.5465247971670968 0.0060787200927734375 0.049222162791660855 0.2372356504201889
0 0.17334013325827463 0.5611669336046491 0.0058100904737200055 0.05554192406790597 0.23119746148586273
0 0.13464627947126115 0.5632734639304025 0.007423170975276402 0.06007051467895508 0.23086154460906982
0 0.1291813509804862 0.563382761819022 0.007441580295562744 0.06020535741533552 0.2295347899198532
0 0.17852006639753068 0.5604874747140067 0.005285109792436872 0.051441465105329244 0.22663064301013947
0 0.1386582170213972 0.5644377640315464 0.007371936525617327 0.05989585603986468 0.22628845274448395
0 0.1814701897757394 0.5600650991712298 0.005200011389596122 0.04886266163417271 0.22467774152755737
0 0.1839749813079834 0.5600253513881138 0.005104626928056989 0.04879134041922433 0.22293363511562347
0 0.1894784995487758 0.5584991318838937 0.005243761198861259 0.04947117396763393 0.21569831669330597
0 0.6545771190098354 0.5264551639556885 0.006323814392089844 0.072371278490339 0.19491030275821686
0 0.643589837210519 0.5261551312037877 0.006409168243408203 0.07150568280901227 0.18556740880012512
0 0.19188623768942698 0.5598951067243304 0.005079610007149833 0.04852485656738281 0.18307596445083618
0 0.634831428527832 0.5268308094569615 0.007063661302839007 0.0812622138432094 0.14152556657791138
0 0.12396376473563057 0.5635479177747454 0.00742281334740775 0.060045174189976284 0.14079461991786957
0 0.1942906720297677 0.5597003528050014 0.004956092153276716 0.04845142364501953 0.13541141152381897
0 0.15277172837938582 0.5719511168343681 0.006656442369733538 0.06312203407287598 0.13529998064041138
0 0.1764399324144636 0.5501156534467425 0.005433355058942523 0.0549161434173584 0.1269061416387558
0 0.16067533833639963 0.571037837437221 0.005189963749476841 0.06446875844682966 0.12607821822166443
0 0.6229004859924316 0.5439625467572894 0.005765233721051898 0.04646263803754534 0.12380971014499664
0 0.6258476802280971 0.5452304567609515 0.005710397447858538 0.04716086387634277 0.10910440981388092
0 0.18558265481676375 0.5492679050990513 0.005082709448678153 0.05190818650381906 0.10543285310268402
0 0.6512462752205985 0.5208753858293805 0.0061392102922712055 0.05983008657182966 0.10489336401224136
0 0.6157986777169364 0.5456189428056989 0.005725656236921038 0.047940969467163086 0.09559109061956406
0 0.6397448948451451 0.5546494211469378 0.006431443350655692 0.056316103254045756 0.09412936866283417
0 0.17528574807303293 0.5686740875244141 0.0053593431200299945 0.05398815018790109 0.0937081128358841
0 0.1969764232635498 0.5596483094351632 0.005152753421238491 0.048694917133876255 0.09214115887880325
0 0.6105619158063617 0.5459211894444057 0.00579908915928432 0.04777380398341587 0.09039176255464554
0 0.18777479444231307 0.5495774405343192 0.0053762708391462055 0.05581801278250558 0.08851154893636703
0 0.14312517642974854 0.5712429455348423 0.006315188748495919 0.06611330168587821 0.08549875766038895
0 0.6063726970127651 0.5461268424987793 0.005130972181047712 0.0470667907169887 0.08392201364040375
0 0.6247853551592145 0.5340934480939593 0.005814688546316964 0.04682251385280064 0.0810784175992012
0 0.6168625695364816 0.5299255847930908 0.03502307619367327 0.08851957321166992 0.0789814442396164
0 0.6793828010559082 0.5335772718702044 0.03484998430524554 0.09973846163068499 0.07808776944875717
0 0.6383818217686245 0.5183881350925991 0.0066084180559430805 0.06120920181274414 0.07686160504817963
0 0.6198639188494001 0.5340447766440255 0.00577892575945173 0.04706886836460659 0.0761292576789856
0 0.6773278372628349 0.5338262830461774 0.006666660308837891 0.0623281683240618 0.07534876465797424
0 0.6472080775669643 0.520160266331264 0.0061517442975725445 0.06455305644444057 0.07501579076051712
0 0.663980211530413 0.5542049067361015 0.008559840066092355 0.07108395440237862 0.07422605901956558
0 0.1860299791608538 0.570674010685512 0.00469921316419329 0.05588310105460031 0.07318328320980072
0 0.6511797223772321 0.5559321812220982 0.008568899972098214 0.06537461280822754 0.07308032363653183
0 0.6476825986589704 0.5553899492536273 0.008747713906424386 0.07040650503976005 0.07100962847471237
0 0.6295506613595145 0.5483918190002441 0.0062334878104073664 0.05223332132611956 0.07089170068502426
0 0.614241463797433 0.5340119089399066 0.005787645067487445 0.047065292085920064 0.06793271005153656
0 0.6090388979230609 0.5340328897748675 0.005780901227678571 0.047023160117013116 0.06420902162790298
0 0.6616548810686383 0.5239214897155762 0.0069669995989118305 0.08105908121381487 0.062294285744428635
0 0.6231922422136579 0.5258089474269322 0.006215640476771763 0.05432721546718052 0.05994590371847153
0 0.19967705862862722 0.5595105034964425 0.005003809928894043 0.04862448147365025 0.05986456573009491
0 0.6182171957833427 0.5258458001273019 0.006216389792306083 0.05455177170889718 0.05481245741248131
0 0.18002843856811523 0.5717181478227887 0.005300487790788923 0.050718137196132114 0.05358803644776344
0 0.6055573054722377 0.5342351368495396 0.005400657653808594 0.0480623585837228 0.05320263281464577
0 0.6679766518729073 0.5204651015145438 0.006695679255894252 0.06979598317827497 0.052084535360336304
0 0.16370064871651785 0.5561482565743583 0.03251315866197858 0.08668872288295201 0.051607295870780945
