0 0.6033374241420201 0.5537270477839878 0.004382405962262835 0.049474784306117466 0.28817272186279297
0 0.600306510925293 0.5516142163957868 0.004567623138427734 0.0505868707384382 0.2868525981903076
0 0.598339148930141 0.5539166586739677 0.0043792724609375 0.04985499382019043 0.2690110504627228
0 0.6079733712332589 0.553795405796596 0.004399980817522321 0.049152885164533346 0.2649175822734833
0 0.6100677762712751 0.5545336178370884 0.004276479993547712 0.05137528691973005 0.2502055764198303
0 0.6127595901489258 0.5536940438406808 0.004424640110560826 0.048965896878923686 0.24418312311172485
0 0.6151413236345563 0.5545240129743304 0.004278932298932757 0.05131302561078753 0.23057347536087036
0 0.6174490111214774 0.5524749074663434 0.004358564104352679 0.049189397266932895 0.22999103367328644
0 0.6215178625924247 0.5528552872794015 0.004347120012555804 0.049831662859235494 0.219431534409523
0 0.6267460414341518 0.5528882571629116 0.004361765725272042 0.049663543701171875 0.2161433845758438
0 0.6245993205479213 0.5539073944091797 0.004281112125941685 0.05338777814592634 0.21079933643341064
0 0.6293443271092006 0.55410064969744 0.004269191196986607 0.05344595227922712 0.19732607901096344
0 0.6050107819693429 0.5473293576921735 0.004546029227120536 0.05038986887250628 0.1948530673980713
0 0.6057571002415248 0.5617683274405343 0.004234177725655692 0.05393896784101214 0.16329042613506317
0 0.5936448233468192 0.5510054997035435 0.0049528394426618305 0.04596396854945591 0.15960407257080078
0 0.632446152823312 0.5528128487723214 0.004347528730119977 0.049414055688040595 0.14987844228744507
0 0.5916453770228794 0.5547127723693848 0.005196775708879743 0.04989487784249442 0.10679494589567184
0 0.9998524529593331 0.7342806543622699 0.0002951622009277344 0.1762708936418806 0.10613144934177399
0 0.6013849122183663 0.5658019270215716 0.0042215074811662945 0.05453484398978097 0.10110433399677277
0 0.6345932824271066 0.5539971419743129 0.004275117601667132 0.05329533985682896 0.09774415194988251
0 0.6187186241149902 0.5648260116577148 0.004449026925223214 0.05476042202540806 0.0889773890376091
0 0.6139375141688755 0.5653118406023298 0.004504476274762835 0.055535350527082174 0.08834588527679443
0 0.6089976174490792 0.5659317289079938 0.0049501146589006695 0.053749799728393555 0.08671698719263077
0 0.6112666811261859 0.5657447406223842 0.004237924303327288 0.054023163659232 0.08461537212133408
0 0.6164460863385882 0.5657663004738944 0.004235880715506417 0.0539886610848563 0.07864431291818619
0 0.6283209664481026 0.5658753940037319 0.004329885755266462 0.05563844953264509 0.07134003937244415
0 0.6112735612051827 0.5435914652688163 0.0048264094761439735 0.05322558539254325 0.0648416057229042
0 0.6370483807155064 0.5525779724121094 0.004532814025878906 0.048095873423985074 0.061388835310935974
0 0.6309148243495396 0.5657751219613212 0.00442300524030413 0.05637110982622419 0.05988642945885658
0 0.577930177961077 0.5482182502746582 0.005064214978899274 0.04547286033630371 0.05919099599123001
0 0.571793828691755 0.5545793942042759 0.005411216190883091 0.049884285245622904 0.05881784111261368
0 0.5735767909458706 0.5481952939714704 0.005209445953369141 0.04596304893493652 0.054081790149211884
0 0.5665577479771206 0.554436343056815 0.0054204463958740234 0.04963752201625279 0.053527966141700745
0 0.5685982022966657 0.5480348723275321 0.005213635308401925 0.04565681729997907 0.05112513527274132
