0 0.7324342727661133 0.5775292260306222 0.007590770721435547 0.11301851272583008 0.46839872002601624
0 0.7377407891409737 0.5774797030857631 0.0076280321393694195 0.11245349475315639 0.4408111870288849
0 0.7270957401820591 0.5771901266915458 0.007549762725830078 0.11225226947239467 0.41296911239624023
0 0.02517584604876382 0.5718985966273716 0.006991420473371234 0.07550522259303502 0.40362387895584106
0 0.588256699698312 0.5448254517146519 0.005724293845040458 0.04767417907714844 0.3917284905910492
0 0.7429552759443011 0.5772273199898856 0.007622991289411273 0.11200189590454102 0.3897918164730072
0 0.022157713770866394 0.5683673449925014 0.0075763847146715435 0.07494848115103585 0.3786459267139435
0 0.028209230729511807 0.568244218826294 0.007591967071805682 0.07537153788975307 0.37338748574256897
0 0.5831753867013114 0.5448598180498395 0.005693163190569196 0.04774253708975656 0.3501202166080475
0 0.017663451177733287 0.5684008598327637 0.007577845028468541 0.07505590575081962 0.34072062373161316
0 0.03313098634992327 0.5682782105037144 0.00765162067753928 0.07508570807320732 0.33043015003204346
0 0.7479558672223773 0.5782056535993304 0.007372174944196429 0.1096029281616211 0.32782983779907227
0 0.5959217888968331 0.5456742559160505 0.005522387368338448 0.0513678959437779 0.3249366581439972
0 0.722994327545166 0.5790432521275112 0.00699615478515625 0.12320334570748466 0.29325467348098755
0 0.5785195486886161 0.548004014151437 0.005378655024937221 0.047206027167184014 0.29013609886169434
0 0.5694926806858608 0.5472562653677804 0.005215815135410854 0.046859025955200195 0.2845073640346527
0 0.5739870752607074 0.5481026513235909 0.005391631807599749 0.04680861745561872 0.27648869156837463
0 0.017923538173948015 0.5660706588200161 0.017444153981549398 0.04528583799089704 0.24706828594207764
0 0.015541988824095045 0.5756305967058454 0.030980678541319712 0.0795802388872419 0.23803409934043884
0 0.5857154301234654 0.5404855183192662 0.006269046238490513 0.049951791763305664 0.2305004596710205
0 0.7531139510018485 0.5783820152282715 0.007393019539969308 0.10919737815856934 0.2165520042181015
0 0.02130372609410967 0.5767639705113002 0.016360906617982045 0.046321051461356025 0.2100825309753418
0 0.011319404201848167 0.5607894148145404 0.01895873248577118 0.043523856571742466 0.20432046055793762
0 0.7180915560041156 0.5786740439278739 0.006988048553466797 0.12295167786734444 0.19618546962738037
0 0.5917012350899833 0.538407530103411 0.005842549460274833 0.0472498961857387 0.1942342221736908
0 0.014637997107846397 0.5763429914202008 0.009416497179440089 0.07424381801060267 0.1932874470949173
0 0.6002903665815081 0.5462801115853446 0.0053740910121372765 0.04993612425667899 0.1862761378288269
0 0.5642711094447544 0.5491438593183245 0.0053408145904541016 0.04854185240609305 0.18413564562797546
0 0.5940360341753278 0.538968597139631 0.005451747349330357 0.0524991580418178 0.1772345006465912
0 0.037278869322368076 0.5727744102478027 0.007571375795773098 0.07947461945669991 0.17691540718078613
0 0.74061005456107 0.5739660263061523 0.026151112147739956 0.15241302762712752 0.1681639403104782
0 0.73002747126988 0.5744741984776088 0.02318150656563895 0.1341871874673026 0.1567428559064865
0 0.5894791739327567 0.55628616469247 0.0053571973528180805 0.05711426053728376 0.12268832325935364
0 0.5875583376203265 0.5382962226867676 0.03351249013628278 0.07804080418178014 0.11714687943458557
0 0.7147934777396066 0.5760348183768136 0.007284436907087054 0.11712363788059779 0.11223011463880539
0 0.015008311186517988 0.5851891381399972 0.01819375583103725 0.04308005741664341 0.10879267752170563
0 0.5986780439104352 0.5391931193215507 0.005455357687813895 0.052454471588134766 0.10134447365999222
0 0.5793397086007255 0.5353962353297642 0.0053784506661551336 0.04603740147181919 0.09557881206274033
0 0.040720607553209574 0.5702113424028669 0.007641055754252842 0.06806387220110212 0.08822892606258392
0 0.5761326381138393 0.535113879612514 0.005186898367745536 0.04719407217843192 0.08557179570198059
0 0.7510095323835101 0.574596813746861 0.02841813223702567 0.12154776709420341 0.0841594710946083
0 0.03699125562395368 0.5647736276899066 0.03314577043056488 0.09094268935067314 0.08282274752855301
0 0.5730064937046596 0.5350896290370396 0.004857778549194336 0.04712510108947754 0.08260984718799591
0 0.7566810335431781 0.5807582310267857 0.008179187774658203 0.1150212287902832 0.07736802101135254
0 0.6024762562343052 0.5407412392752511 0.032245022909981866 0.08256585257393974 0.07454429566860199
0 0.02384415694645473 0.5623487063816616 0.029833640371050154 0.09169115339006696 0.0713329017162323
0 0.6145939826965332 0.5478945459638324 0.005330630711146763 0.0587031500680106 0.0650952085852623
0 0.6231342043195452 0.5479195458548409 0.005559444427490234 0.05771773202078683 0.06310763210058212
0 0.6048594202314105 0.5508004597255162 0.005558967590332031 0.061984096254621236 0.06194555014371872
0 0.5944624628339495 0.5605159487043109 0.005302565438406808 0.057991436549595425 0.060366496443748474
0 0.6279422215053013 0.5504595211574009 0.005770206451416016 0.056177309581211636 0.05350422486662865
0 0.5776597431727818 0.5496918133326939 0.03632892881120954 0.10380496297563825 0.05072455853223801
0 0.6198095594133649 0.5435561793191093 0.005941186632428851 0.059016295841762 0.05064403638243675
