0 0.6659468923296247 0.5700562340872628 0.0076340266636439735 0.10480867113385882 0.5002713203430176
0 0.661421503339495 0.5700503758021763 0.007561138698032924 0.10597542354038783 0.4999326169490814
0 0.9999519075666156 0.27273242814200266 9.584426879882812e-05 0.09285776955740792 0.4993778467178345
0 0.06374182871409825 0.5662853377205985 0.007223465612956456 0.0710977486201695 0.46718505024909973
0 0.06851409162793841 0.5663511412484306 0.007279809032167707 0.0709425721849714 0.4532139003276825
0 0.6711606979370117 0.5700906344822475 0.007632323673793248 0.10435884339468819 0.4528099000453949
0 0.657087871006557 0.5698390688214984 0.007518359592982701 0.1057042053767613 0.4455781579017639
0 0.05881902149745396 0.5663266863141742 0.006913632154464722 0.07120633125305176 0.4248304069042206
0 0.07349761043276105 0.5665327480861119 0.007222482136317662 0.0709153584071568 0.4199838638305664
0 0.055638406957898824 0.565854583467756 0.007337216820035662 0.06951325280325753 0.38098010420799255
0 0.6509926659720284 0.5689010279519218 0.007011277335030692 0.10701022829328265 0.37028196454048157
0 0.051235386303492954 0.5646275111607143 0.007379323244094849 0.08088806697300502 0.36193373799324036
0 0.6751576832362584 0.5703155994415283 0.008421012333461217 0.10543666567121233 0.3586319386959076
0 0.047464345182691305 0.5645205293382917 0.0073083000523703435 0.08170734133039202 0.3524506092071533
0 0.07640092713492257 0.5667377540043422 0.006845414638519287 0.06788137980869838 0.3429606854915619
0 0.6452843802315849 0.5688154356820243 0.006992816925048828 0.10710467611040388 0.3314233124256134
0 0.5664217131478446 0.5534725529806954 0.005823203495570591 0.04677724838256836 0.3006099462509155
0 0.5726311547415597 0.554718153817313 0.008252382278442383 0.04927294594900949 0.2822718322277069
0 0.5774382863725934 0.554962294442313 0.00823565891810826 0.04903149604797363 0.2714565694332123
0 0.570293698992048 0.5483838490077427 0.006579910005841937 0.045160531997680664 0.2650386691093445
0 0.5817924227033343 0.555210930960519 0.008350985390799386 0.04872359548296247 0.26437464356422424
0 0.5869477135794503 0.5553488050188337 0.00831188474382673 0.04846337863377163 0.26176372170448303
0 0.07100021839141846 0.5609457152230399 0.006437748670578003 0.08668395451136998 0.24236007034778595
0 0.06616686497415815 0.5583532878330776 0.006543006215776716 0.07308670452662877 0.23664066195487976
0 0.5633393015180316 0.5550294944218227 0.005810771669660296 0.0493499892098563 0.22738124430179596
0 0.6535584586007255 0.5747356414794922 0.007439136505126953 0.11379514421735491 0.22335244715213776
0 0.07980760506221227 0.56648850440979 0.007059446402958461 0.06641449247087751 0.2060781866312027
0 0.648329326084682 0.5747199739728656 0.007476942879813058 0.11409095355442592 0.19869506359100342
0 0.6652069772992816 0.5660320690699986 0.02236161913190569 0.11549976893833705 0.19121059775352478
0 0.568361759185791 0.5591588701520648 0.005809886114937919 0.049346923828125 0.19032634794712067
0 0.6403194155011859 0.5684335572378976 0.006982598985944476 0.10690253121512276 0.18995225429534912
0 0.668635368347168 0.5778225490025112 0.007818971361432756 0.10608547074454171 0.17723606526851654
0 0.678584235055106 0.5703703335353306 0.008488927568708147 0.1258528232574463 0.13903121650218964
0 0.6495695114135742 0.5666230065482003 0.022361551012311662 0.1195587090083531 0.13726088404655457
0 0.5914669036865234 0.5559561252593994 0.008032798767089844 0.04971429279872349 0.13378003239631653
0 0.5753823689052037 0.5445520877838135 0.006621769496372768 0.045193331582205634 0.1328834742307663
0 0.5848702022007534 0.544698851449149 0.006656782967703683 0.04489472934177944 0.1313689947128296
0 0.579979419708252 0.5446318898882184 0.0066345759800502235 0.04504265104021345 0.12963968515396118
0 0.6773896217346191 0.5684666293007987 0.0274810791015625 0.123460020337786 0.1078813374042511
0 0.06123649222510202 0.5593955857413155 0.006773578269141061 0.08807955469403948 0.10568872839212418
0 0.6367340769086566 0.5677990232195173 0.007081712995256696 0.10222227232796806 0.0866999700665474
0 0.041029981204441617 0.5688659804207938 0.006950203861509051 0.08954269545418876 0.07863596081733704
0 0.5889498846871513 0.5439690181187221 0.007567201341901507 0.050295046397617886 0.06515322625637054
0 0.55791061265128 0.5586367334638324 0.005451951708112445 0.05344530514308384 0.06212431937456131
0 0.5847781045096261 0.5675554956708636 0.007646356310163226 0.05340075492858887 0.05344248563051224
0 0.5788850784301758 0.5673825740814209 0.0058231353759765625 0.049322196415492466 0.0514545775949955
0 0.5736056736537388 0.5675009659358433 0.0058354309626988 0.049647126879010885 0.05031198635697365
