0 0.7910198484148298 0.5402910368783134 0.030124528067452565 0.1160778318132673 0.5180612802505493
0 0.7953875405447823 0.5436944961547852 0.015568392617361886 0.09933645384652275 0.5012751221656799
0 0.7774665015084403 0.5411626270839146 0.03423336574009487 0.11428015572684151 0.4124194383621216
0 0.7851798193795341 0.5434932027544294 0.015582425253731864 0.09722767557416644 0.41050100326538086
0 0.8046249662126813 0.5399179799216134 0.033227852412632534 0.11958755765642438 0.36895328760147095
0 0.802316393171038 0.5417463098253522 0.016518252236502513 0.09627199172973633 0.32021960616111755
0 0.7746782302856445 0.5398381778172084 0.014850003378731864 0.08834883144923619 0.31562647223472595
0 0.7899411746433803 0.5339270659855434 0.014839308602469308 0.09982388360159737 0.24628199636936188
0 0.7645859037126813 0.5425313881465367 0.014405046190534319 0.08829327992030553 0.18788951635360718
0 0.7797350883483887 0.5501264163425991 0.013423783438546317 0.09337728364127022 0.11298933625221252
0 0.8194499697004046 0.5372670037405831 0.013457638876778739 0.08760724748883929 0.10991937667131424
0 0.8087772641863141 0.5342964444841657 0.016291958945138112 0.1020864759172712 0.09998027980327606
0 0.7693909236363002 0.550011430467878 0.013249056679861886 0.09428981372288295 0.09181112051010132
0 0.8147660664149693 0.5457782404763358 0.013577120644705636 0.08870254244123187 0.0764816403388977
0 0.7602044514247349 0.5368295397077288 0.03612729481288365 0.10000273159572057 0.06747628003358841
0 0.8250897952488491 0.5456932612827846 0.01353304726736886 0.08850141933986119 0.0652952715754509
0 0.7605103084019252 0.5484781265258789 0.008677414485386439 0.0715698514665876 0.06528128683567047
0 0.8300610951014927 0.5369272913251605 0.013316495077950614 0.08763064656938825 0.05378737300634384
