0 0.5892588070460728 0.5529565470559257 0.0071119580950055805 0.047430106571742466 0.19263552129268646
0 0.5843877792358398 0.552821295601981 0.007093225206647601 0.04789587429591587 0.18777015805244446
0 0.5789942741394043 0.5527673448835101 0.0070569174630301336 0.04803098951067243 0.1748371124267578
0 0.5940532684326172 0.5530518123081752 0.007120609283447266 0.04716747147696359 0.17126627266407013
0 0.572528566632952 0.5519598892756871 0.005772386278424945 0.043947151729038784 0.16005253791809082
0 0.570211478642055 0.5537123339516776 0.005603381565638951 0.044548239026750834 0.15459173917770386
0 0.5670594487871442 0.552156788962228 0.005759205136980329 0.044109616960797994 0.15023355185985565
0 0.5644989694867816 0.5539358002798898 0.005611045019967216 0.04477896009172712 0.1176522746682167
0 0.5915838650294712 0.5621086869921003 0.00660146985735212 0.052487032754080634 0.0994478240609169
0 0.5772624697004046 0.5615473474775042 0.005711896078927177 0.04780336788722447 0.0853334441781044
0 0.5772075653076172 0.5444214684622628 0.00604527337210519 0.0452448981148856 0.08021043986082077
0 0.5959814616612026 0.5622201647077288 0.006539004189627511 0.05215385981968471 0.07444210350513458
0 0.5612764358520508 0.5578673907688686 0.005725860595703125 0.04790633065359933 0.05448535084724426
0 0.5853870936802456 0.5667820658002581 0.006465162549700055 0.052961383547101705 0.05108829587697983
