0 0.7187871932983398 0.5781692096165248 0.007988589150565011 0.11164777619498116 0.5892845988273621
0 0.03463555233819144 0.5951999255589077 0.0052930691412517005 0.12237708909170968 0.5852060914039612
0 0.7140868050711495 0.578538077218192 0.007931504930768694 0.11354408945356097 0.5590883493423462
0 0.037314202104296 0.5943972042628697 0.005235999822616577 0.12248461587088448 0.5515300035476685
0 0.030351987906864712 0.5950209072657994 0.005241340824535915 0.12176040240696498 0.5363767743110657
0 0.027624057871954783 0.5950649806431362 0.005332612565585545 0.1228921754019601 0.4873826503753662
0 0.025269887277058194 0.5949915477207729 0.005428733570235116 0.12066306386675153 0.4637967050075531
0 0.021252321345465525 0.5947583062308175 0.005707491721425738 0.11794137954711914 0.4248751699924469
0 0.7232298169817243 0.5776767730712891 0.008062430790492467 0.11178227833339147 0.4173831343650818
0 0.04021863000733512 0.5943780626569476 0.005278561796460833 0.1220768860408238 0.3703198730945587
0 0.029946337853159224 0.5901053973606655 0.017757164580481394 0.1327248982020787 0.36846086382865906
0 0.031725100108555386 0.5957341194152832 0.012543539915766035 0.06358064923967634 0.3534226417541504
0 0.7093512671334403 0.5781283378601074 0.007970264979771205 0.11299116270882743 0.3376515507698059
0 0.02014495645250593 0.5902934074401855 0.01907459327152797 0.12704920768737793 0.3144475519657135
0 0.03252254639353071 0.5989691189357212 0.0050989581005913874 0.12291104452950614 0.31039297580718994
0 0.041709682771137783 0.5902705873761859 0.020460488540785655 0.12614175251552037 0.30155548453330994
0 0.7281308855329242 0.5776660101754325 0.007896287100655692 0.11724131447928292 0.270546555519104
0 0.042640119791030884 0.593339238848005 0.005275981766836984 0.12211353438241142 0.2532674968242645
0 0.7172056606837681 0.574880872453962 0.023179326738630022 0.1230783462524414 0.2390664964914322
0 0.7058971949986049 0.575770378112793 0.008560657501220703 0.09815328461783272 0.2167602926492691
0 0.021456222449030195 0.6005338941301618 0.04291244489806039 0.10248078618730817 0.19814224541187286
0 0.7016237803867885 0.5761335236685616 0.008237906864711217 0.09865110261099679 0.18989434838294983
0 0.017270861991814206 0.5990469796316964 0.010257241981370109 0.10918038231985909 0.1867901235818863
0 0.696335928780692 0.5760314805167062 0.008240631648472376 0.09873672894069127 0.18355807662010193
0 0.6911649703979492 0.5759681974138532 0.008256026676722936 0.09915242876325335 0.18181246519088745
0 0.727433477129255 0.5752027375357491 0.02773639133998326 0.14856583731515066 0.17315983772277832
0 0.7431321825299945 0.5775238445826939 0.007825306483677455 0.10160081727164132 0.16182483732700348
0 0.7320646558489118 0.5790185928344727 0.007740020751953125 0.09889619691031319 0.15838147699832916
0 0.740220138004848 0.5766286849975586 0.0068029676164899555 0.09193549837384905 0.151471808552742
0 0.707240240914481 0.5742476327078683 0.02504239763532366 0.12198734283447266 0.14692653715610504
0 0.7481295040675572 0.5775696890694755 0.007813726152692522 0.10149843352181571 0.14567041397094727
0 0.03657118337494986 0.6044695036751884 0.012899151870182582 0.06285122462681361 0.14158815145492554
0 0.736896446772984 0.5790063994271415 0.007769448416573661 0.09891131946018764 0.1411939114332199
0 0.6942259243556431 0.575932502746582 0.025972775050571988 0.12038510186331612 0.13631771504878998
0 0.04542757783617292 0.5934231621878487 0.005303131682532174 0.12125703266688756 0.1319417506456375
0 0.685783999306815 0.5749357768467495 0.007897240774972098 0.09614460808890206 0.1276986002922058
0 0.02614413414682661 0.5877285003662109 0.012723933373178755 0.06798216274806432 0.10299186408519745
0 0.7427340916224888 0.5765313420976911 0.03174161911010742 0.16103676387241908 0.10005904734134674
0 0.7164676530020577 0.5680707522800991 0.007992880684988839 0.12093997001647949 0.07021744549274445
0 0.04836084161485944 0.5943831035069057 0.00615228499685015 0.0861973762512207 0.06681757420301437
0 0.0536331193787711 0.5943993840898786 0.0061387717723846436 0.08611484936305455 0.06437813490629196
0 0.05856102705001831 0.5943984985351562 0.006116377455847604 0.08612411362784249 0.060887351632118225
0 0.06370993171419416 0.5943685940333775 0.006116662706647601 0.08594591276986259 0.05742107331752777
0 0.561382634299142 0.5434472901480538 0.004888228007725307 0.041565929140363424 0.05487379804253578
0 0.06106772593089512 0.5929467337472099 0.0062101951667240685 0.0876054082598005 0.05019713193178177
