0 0.7111328669956752 0.5851637976510184 0.010220800127301897 0.13674681527273996 0.6413236260414124
0 0.7064894267490932 0.5850506510053363 0.010194574083600725 0.13673251015799387 0.6301864385604858
0 0.7015525954110282 0.5847785813467843 0.009976659502301897 0.13455373900277273 0.5910174250602722
0 0.6945500373840332 0.5844597135271344 0.010284151349748884 0.13735113825116838 0.5291547775268555
0 0.7170158113752093 0.5851007870265416 0.01025806154523577 0.13606892313276017 0.492410808801651
0 0.689953122820173 0.5834281103951591 0.009888444628034319 0.1411590576171875 0.48039960861206055
0 0.7098380497523716 0.582733154296875 0.023289203643798828 0.14244692666190012 0.4391084909439087
0 0.6855758939470563 0.5835984093802316 0.009923866816929408 0.13483708245413645 0.40433549880981445
0 0.700120380946568 0.582829475402832 0.021003450666155134 0.1454183714730399 0.3857950270175934
0 0.5688583850860596 0.5489800316946847 0.006592409951346261 0.0452601569039481 0.3295428454875946
0 0.5723024777003697 0.5519670077732631 0.0073893070220947266 0.046940122331891744 0.32269564270973206
0 0.5770529338291713 0.5521084921700614 0.007365022386823382 0.046915837696620395 0.31655827164649963
0 0.5879528863089425 0.5521816866738456 0.007487365177699498 0.046247550419398716 0.3089944124221802
0 0.5821149689810616 0.5522514751979283 0.0073947906494140625 0.0466087886265346 0.3062467873096466
0 0.5913516453334263 0.5551033360617501 0.008233819689069475 0.04966306686401367 0.23226259648799896
0 0.5853082111903599 0.5566391263689313 0.007089206150599888 0.05168628692626953 0.22718732059001923
0 0.5646986961364746 0.5558559894561768 0.005998713629586356 0.047856535230364115 0.21074822545051575
0 0.721203259059361 0.5874448503766742 0.009365831102643694 0.14761955397469656 0.16653087735176086
0 0.6882735661097935 0.5828827449253627 0.024136202675955638 0.14223858288356236 0.14902038872241974
0 0.679546764918736 0.5833978652954102 0.011441503252301897 0.1234743595123291 0.13926757872104645
0 0.5745688165937152 0.5612523896353585 0.007100411823817662 0.051946776253836494 0.1371627151966095
0 0.7230969837733677 0.5832539285932269 0.025877203260149275 0.16249302455357142 0.13117437064647675
0 0.5955126626150948 0.558894157409668 0.008996077946254186 0.05628596033368792 0.11415629088878632
0 0.7141346250261579 0.595078877040318 0.008907454354422433 0.13054421969822474 0.11222034692764282
0 0.5792663437979562 0.5418179375784737 0.007710184369768415 0.047544615609305244 0.09012646228075027
0 0.584489277430943 0.5415268625531878 0.007118293217250279 0.04637823786054339 0.08605919778347015
0 0.5737973621913365 0.5410449845450265 0.006628513336181641 0.045112712042672296 0.0856417864561081
0 0.5696753093174526 0.5644960403442383 0.006053754261561802 0.047875676836286275 0.07983673363924026
0 0.5894227709089007 0.5651722294943673 0.007052489689418248 0.05190951483590262 0.07875993847846985
0 0.5555691037859235 0.5516352653503418 0.005616528647286552 0.04990049770900181 0.0767141580581665
0 0.5590618678501674 0.5602915627615792 0.005506208964756557 0.051884821483067105 0.0749930664896965
0 0.5786891664777484 0.5653929710388184 0.007070268903459821 0.052178008215768 0.07219550758600235
0 0.7357147761753627 0.5843834195818219 0.028790133340018138 0.16458146912711008 0.07035298645496368
0 0.705303464617048 0.5839244297572544 0.07740804127284459 0.21707875388009207 0.05855593457818031
0 0.563307353428432 0.5408943040030343 0.006531681333269391 0.05045546804155622 0.05481996014714241
