0 0.3922809192112514 0.5570801326206752 0.006315708160400391 0.047574554170881 0.4133058190345764
0 0.3874742644173758 0.5572344235011509 0.006389243262154716 0.0476602486201695 0.3835594952106476
0 0.39714901787894114 0.5566701207842145 0.006306920732770648 0.04728099278041294 0.3714340031147003
0 0.38276188714163645 0.5572805404663086 0.006411518369402204 0.04734063148498535 0.36999353766441345
0 0.37702928270612446 0.5564957005637032 0.006352458681379046 0.04934699194771903 0.36844781041145325
0 0.3797000135694231 0.5579297201974052 0.0062830788748604914 0.04748725891113281 0.35734492540359497
0 0.39470035689217703 0.5473535401480538 0.006369999476841518 0.05140655381338937 0.3179367780685425
0 0.4020472254071917 0.5513160569327218 0.006007228578839984 0.04516656058175223 0.2825407385826111
0 0.3741645812988281 0.5613464287349156 0.006670202527727399 0.050360066550118585 0.27734845876693726
0 0.3996454988207136 0.5470646449497768 0.006401538848876953 0.05132838657924107 0.27076274156570435
0 0.37068891525268555 0.5620665890829903 0.007020575659615653 0.05019031252179827 0.26027795672416687
0 0.39007868085588726 0.5476461138044085 0.006328753062656948 0.051367487226213725 0.25723642110824585
0 0.36372177941458567 0.5619365487779889 0.0074389662061418805 0.04946061543055943 0.2535305321216583
0 0.3675421306065151 0.5625386238098145 0.00732595579964774 0.049777984619140625 0.2487488090991974
0 0.38520697184971403 0.5477924006325858 0.006299529756818499 0.05146592003958566 0.23050464689731598
0 0.36926153727940153 0.5497708320617676 0.0064656053270612445 0.05951932498386928 0.22620101273059845
0 0.3604567732129778 0.5621213912963867 0.007401670728410993 0.04840609005519322 0.22355984151363373
0 0.40492262159075054 0.5498945372445243 0.005723578589303153 0.0440187794821603 0.1969713717699051
0 0.3855231830051967 0.5648855481828962 0.006220476967947823 0.050619500023978095 0.183105006814003
0 0.357759816305978 0.5546399184635707 0.006916727338518415 0.05129711968558175 0.18194898962974548
0 0.4137787137712751 0.5518471854073661 0.005503007343837193 0.04257174900599888 0.15808485448360443
0 0.3898657390049526 0.5666485854557582 0.0060814789363316125 0.054213455745152066 0.14879313111305237
0 0.3553893906729562 0.5625857966286796 0.007473434720720563 0.04781539099557059 0.1455959975719452
0 0.3763835770743234 0.5501449448721749 0.037623746054513116 0.07356565339224679 0.11561746895313263
0 0.3614993095397949 0.5546855245317731 0.03859060151236398 0.0748983451298305 0.1061110720038414
0 0.41055127552577425 0.5567026138305664 0.004754100527082171 0.052572897502354214 0.1043744683265686
0 0.4308569090706961 0.5513545445033482 0.005214691162109375 0.04262314523969378 0.10301565378904343
0 0.3651717390332903 0.547412667955671 0.006221635001046317 0.06304267474583217 0.0997820720076561
0 0.3937889507838658 0.5691796030317035 0.006095477512904576 0.05234701292855399 0.09282750636339188
0 0.3524362700326102 0.5551020077296666 0.006939104625156948 0.05133843421936035 0.09144818037748337
0 0.3502811704363142 0.5630316393715995 0.007450274058750698 0.047655582427978516 0.0888153463602066
0 0.3448197841644287 0.557605539049421 0.04003082002912249 0.07519568715776716 0.08373929560184479
0 0.3342087950025286 0.5599049840654645 0.007331643785749163 0.05164197513035366 0.07817094027996063
0 0.38115051814488005 0.5700629779270717 0.006209339414324079 0.04959627560206822 0.0769336074590683
0 0.3311730793544224 0.5671290670122419 0.007726907730102539 0.04872250556945801 0.06095809116959572
0 0.38172827448163715 0.5441466059003558 0.006144864218575614 0.06263647760663714 0.054408129304647446
0 0.3461693695613316 0.5680391788482666 0.00748375483921596 0.050414834703717916 0.05309677869081497
0 0.34223692757742746 0.568683419908796 0.007481847490583148 0.050560167857578824 0.051145922392606735
