0 0.6409427779061454 0.5661328860691616 0.006533350263323102 0.07400332178388323 0.5601414442062378
0 0.6445706912449428 0.5660426276070731 0.0063386644635881695 0.07462518555777413 0.5039198994636536
0 0.6371391841343471 0.5689042976924351 0.006268978118896484 0.0744929313659668 0.47491738200187683
0 0.6489112036568778 0.5660055024283273 0.006356920514787946 0.07491632870265416 0.43807047605514526
0 0.6519794464111328 0.5658095904758998 0.006319863455636161 0.07489967346191406 0.4164184033870697
0 0.6343834059579032 0.5663446358272007 0.006367274693080357 0.07427440370832171 0.3606429994106293
0 0.6617418697902134 0.5631346021379743 0.006987026759556362 0.06603823389325823 0.3219377100467682
0 0.6673673221043178 0.563239506312779 0.0070193154471261164 0.06571728842599052 0.31879526376724243
0 0.6588759422302246 0.5695820535932269 0.0071577344621930805 0.06907882009233747 0.30269119143486023
0 0.6647353853498187 0.572497912815639 0.007653849465506417 0.06269492421831403 0.18604598939418793
0 0.6567076955522809 0.5579640524727958 0.008188928876604353 0.07490416935511998 0.1777435690164566
0 0.6468640736171177 0.5753496715000698 0.00728532246180943 0.0842029367174421 0.16701772809028625
0 0.6303208214896066 0.565749032156808 0.006670475006103516 0.06815062250409808 0.14850378036499023
0 0.665020193372454 0.5539571557726178 0.006571497235979352 0.06704391751970563 0.10955692827701569
0 0.6357370104108538 0.5604662214006696 0.0297198976789202 0.09217071533203125 0.10308091342449188
0 0.6259420939854213 0.5622701644897461 0.006416388920375279 0.05803149087088449 0.09478483349084854
0 0.6699589320591518 0.5539375373295375 0.006523609161376953 0.0672001838684082 0.09348644316196442
0 0.6176256452287946 0.5621000698634556 0.006469930921282087 0.05412977082388742 0.08744249492883682
0 0.6426224027361188 0.5806730815342495 0.007469381604875837 0.08564765112740653 0.0870489850640297
0 0.6140692574637276 0.5610956464494977 0.006169523511614118 0.05410970960344587 0.08644755184650421
0 0.6390938077654157 0.5812020301818848 0.007377965109688895 0.07725797380719866 0.08452127128839493
0 0.6094747270856585 0.5610667637416294 0.006112575531005859 0.05372016770499093 0.08381284028291702
0 0.6068510328020368 0.5602471487862724 0.005773612431117466 0.05192593165806362 0.07889659702777863
0 0.6041132381984166 0.5613057272774833 0.0061283111572265625 0.05408310890197754 0.061152756214141846
0 0.6482983316693988 0.5581275735582624 0.03277220044817243 0.10505996431623187 0.0590289831161499
0 0.6595206260681152 0.5698812348502023 0.035101618085588725 0.13637832232883998 0.05839963257312775
0 0.6738692692347935 0.5738625526428223 0.007539067949567523 0.06853774615696498 0.054153796285390854
0 0.6199377604893276 0.5707595007760184 0.00680337633405413 0.055009705679757256 0.051990702748298645
0 0.6765936442783901 0.5588958944593158 0.006036826542445591 0.061307430267333984 0.051315102726221085
0 0.6560331072126117 0.5803843906947544 0.007396834237234933 0.08324704851422991 0.05099815875291824
