0 0.7937592097691127 0.5951282637459892 0.006987503596714565 0.1488309247153146 0.5583297610282898
0 0.5627641677856445 0.5445559706006732 0.005239793232509068 0.041738578251429966 0.47703856229782104
0 0.7986292157854352 0.5953504017421177 0.007094723837716239 0.14841692788260324 0.4713062644004822
0 0.5671864918300084 0.5445585932050433 0.005246809550694057 0.04201619965689523 0.4614657163619995
0 0.7924708638872419 0.5932277951921735 0.018935067313058034 0.15659986223493302 0.4572438597679138
0 0.5597623075757708 0.5444846153259277 0.0047768184116908485 0.042477778026035855 0.4447089433670044
0 0.789233752659389 0.5942884172712054 0.006936005183628627 0.14795613288879395 0.42837733030319214
0 0.5736378261021206 0.5446079799107143 0.0053778716496058875 0.0429865973336356 0.42496928572654724
0 0.5815040724618095 0.546818460736956 0.005230903625488281 0.04357971463884626 0.38574159145355225
0 0.5712105206080845 0.5409353119986398 0.005384002413068499 0.0416499205998012 0.3746495544910431
0 0.5872834069388253 0.5461728913443429 0.00529405048915318 0.049868617738996236 0.3668524920940399
0 0.5765141078404018 0.5409201894487653 0.005410943712506976 0.041438749858311245 0.3519299328327179
0 0.7845145634242466 0.5939408711024693 0.006867340632847377 0.1473400252205985 0.33396115899086
0 0.8016140801565987 0.5945284707205636 0.006582668849400112 0.15229763303484237 0.3300187289714813
0 0.8023499080113002 0.5937824249267578 0.024719851357596263 0.16011200632367814 0.306787371635437
0 0.5651223318917411 0.5391400882175991 0.005831139428274972 0.044442755835396905 0.30565232038497925
0 0.7846691949026925 0.5921754837036133 0.018489701407296315 0.15535494259425572 0.29481130838394165
0 0.5922974858965192 0.5463111741202218 0.005296979631696429 0.050073248999459405 0.2826501131057739
0 0.77881806237357 0.5939453669956752 0.0076623644147600445 0.13881724221365793 0.26016807556152344
0 0.5793082373482841 0.539165769304548 0.005869184221540179 0.04426806313650949 0.2581248879432678
0 0.7735312325613839 0.5938166209629604 0.007669789450509208 0.13803880555289133 0.23487217724323273
0 0.7682996477399554 0.5937670980181012 0.007687568664550781 0.1376784188406808 0.2202499508857727
0 0.5832320622035435 0.5529122352600098 0.005508490971156529 0.050245932170322964 0.19917616248130798
0 0.5775771822248187 0.5531391075679234 0.005474567413330078 0.050176688602992466 0.1881990283727646
0 0.5721728461129325 0.5532447951180595 0.005481788090297154 0.050379855292184014 0.1841355711221695
0 0.5688877786908831 0.5369262014116559 0.006027800696236747 0.05064521517072405 0.17313475906848907
0 0.5960117067609515 0.546016011919294 0.005243914467947823 0.046865599496023994 0.17171554267406464
0 0.5752601623535156 0.5538592338562012 0.005426474979945591 0.05043394224984305 0.16496211290359497
0 0.5853737422398159 0.5366880553109306 0.005249159676688058 0.0462038516998291 0.1599612534046173
0 0.5895316260201591 0.5365774631500244 0.005265508379255023 0.045684950692313056 0.1509372889995575
0 0.5856257847377232 0.5551257814679827 0.00550154277256557 0.055687904357910156 0.14019596576690674
0 0.77527802331107 0.59014892578125 0.022935049874441966 0.14019288335527694 0.13405552506446838
0 0.5614525250026158 0.5346046175275531 0.0054852621895926336 0.046186821801321845 0.12918178737163544
0 0.7632177897862026 0.5938340595790318 0.0077130453927176336 0.13773417472839355 0.1287843883037567
0 0.8062428065708706 0.5952215194702148 0.008091585976736886 0.13862020628792898 0.11918502300977707
0 0.8185956137520927 0.5945380074637276 0.027435915810721263 0.1617773941584996 0.11513764411211014
0 0.5575541087559291 0.5350674901689801 0.00495321410042899 0.043832097734723775 0.10747824609279633
0 0.5662140165056501 0.5578613962445941 0.005504608154296875 0.05079824583871024 0.09197787195444107
0 0.5944363730294364 0.53663512638637 0.00528369631086077 0.04583137375967843 0.08495000749826431
0 0.5805706296648298 0.5344805036272321 0.033397674560546875 0.0838613510131836 0.07800041884183884
0 0.5660544122968402 0.5338940620422363 0.03546057428632464 0.07675835064479283 0.0571422316133976
0 0.6004787172589984 0.5472758497510638 0.005435875483921596 0.052736214229038784 0.05356675386428833
0 0.5806189264569964 0.5613248688834054 0.005573817661830357 0.05155682563781738 0.05025386065244675
