0 0.7800607681274414 0.6086153302873883 0.010647296905517578 0.19000990050179617 0.7394987344741821
0 0.7848896299089704 0.6083541597638812 0.010590621403285436 0.19205876759120397 0.7345305681228638
0 0.7744163785661969 0.6085006168910435 0.010741846902029855 0.18856433459690639 0.7023377418518066
0 0.7895746231079102 0.6083243915012905 0.010995932987758092 0.18879386356898717 0.6844900846481323
0 0.7684188570295062 0.6077126094273159 0.011524949754987444 0.18159055709838867 0.659989595413208
0 0.5719844954354423 0.5508865969521659 0.007008790969848633 0.04690749304635184 0.46481555700302124
0 0.5666743687220982 0.5506594521658761 0.007013423102242606 0.04723715782165527 0.4576244354248047
0 0.5768778664725167 0.5512090069907052 0.007059437888009208 0.046876021793910434 0.44968685507774353
0 0.5824016843523298 0.5511750493730817 0.007100037166050502 0.04690909385681152 0.4353933334350586
0 0.5865840230669294 0.5517525332314628 0.0067081451416015625 0.04826906749180385 0.4271218776702881
0 0.7966173716953823 0.6077865191868373 0.011313915252685547 0.1836193289075579 0.42091071605682373
0 0.5896951130458287 0.550943102155413 0.006334781646728516 0.050301551818847656 0.41966110467910767
0 0.7908383096967425 0.606316089630127 0.02261080060686384 0.20328303745814733 0.39961352944374084
0 0.568887608391898 0.5442333221435547 0.006786414555140904 0.04615443093436105 0.3627704083919525
0 0.5595456532069615 0.5540621621268136 0.0052918366023472375 0.04871112959725516 0.2776137590408325
0 0.5946756771632603 0.5547398839678083 0.0062531062534877235 0.05549226488385882 0.2491925060749054
0 0.5618014335632324 0.5576771327427456 0.005364452089582171 0.05197971207754953 0.2356523722410202
0 0.5921459197998047 0.5589010715484619 0.006356852395193917 0.05529860087803432 0.22702130675315857
0 0.8009335654122489 0.6070237840924945 0.026828289031982422 0.18404459953308105 0.19284284114837646
0 0.5845047405787877 0.5625016008104596 0.0061408451625279015 0.05618647166660854 0.1706274300813675
0 0.5845298767089844 0.5418553352355957 0.006985460008893695 0.04879198755536761 0.16432924568653107
0 0.5733837400163923 0.5633979524884906 0.00682905742100307 0.05314135551452637 0.14782506227493286
0 0.5744152750287738 0.5407955305916923 0.007451159613473075 0.04731270245143345 0.14639659225940704
0 0.5808403832571847 0.5638816016060966 0.006657327924455915 0.05181636129106794 0.13488727807998657
0 0.5880665097917829 0.5408575194222587 0.006749085017613002 0.048078911645071845 0.12904757261276245
0 0.5803125926426479 0.540503808430263 0.007300717490059989 0.046748297555106025 0.1273002326488495
0 0.7835040773664202 0.6076239177158901 0.06453384671892438 0.24544623919895717 0.10441827028989792
0 0.588526998247419 0.5655606133597237 0.006865160805838448 0.05275804655892508 0.10358356684446335
0 0.5703722408839634 0.5659294128417969 0.006175824574061802 0.05047501836504255 0.09308191388845444
0 0.5782959801810128 0.5659001895359584 0.005960532597133091 0.05041898999895368 0.09250115603208542
0 0.5675299167633057 0.5661101341247559 0.005968775068010602 0.05026098660060337 0.08911579847335815
0 0.5618037155696324 0.5404274123055595 0.006777559007917132 0.05645530564444406 0.08208323270082474
0 0.7712075369698661 0.5977423531668526 0.01036623546055385 0.10658325467790876 0.0739736333489418
0 0.7939223561968122 0.5998555592128209 0.0068105970110212055 0.1534546102796282 0.06339085102081299
0 0.7931228365216937 0.6180535725184849 0.011560508183070592 0.16496774128505162 0.05983400717377663
0 0.5960713114057269 0.5405824525015694 0.006191934858049665 0.05131615911211286 0.05282144248485565
0 0.597935676574707 0.5639198166983468 0.006559780665806362 0.05552622250148228 0.05167009308934212
