0 0.22550385338919504 0.5763605662754604 0.006673898015703473 0.08496829441615514 0.6380652189254761
0 0.22849718161991664 0.5790154593331474 0.006530353001185826 0.08495855331420898 0.6088318228721619
0 0.23373237677982875 0.5790065356663295 0.006576912743704659 0.08572609083993095 0.545002818107605
0 0.23099681309291295 0.5711007118225098 0.0070833648954119 0.0918071951184954 0.5115747451782227
0 0.21586784294673375 0.580089773450579 0.0070950984954833984 0.08237556048801967 0.5090762376785278
0 0.22102349145071848 0.5710394723074776 0.0071146317890712196 0.0918517793927874 0.5011894702911377
0 0.2230397973741804 0.5825401033673968 0.006569896425519671 0.0854546342577253 0.49224066734313965
0 0.2189894233431135 0.5826497759137835 0.006623268127441406 0.08581168310982841 0.44902682304382324
0 0.20896732807159424 0.5814686502729144 0.007809604917253766 0.08475954192025321 0.43710851669311523
0 0.21418169566563197 0.5720469611031669 0.02823119504111154 0.09995658057076591 0.4073849320411682
0 0.23795863560267858 0.577895028250558 0.007025718688964844 0.08456850051879883 0.3895711302757263
0 0.22627084595816477 0.5702985354832241 0.026754277093069895 0.09789752960205078 0.38041800260543823
0 0.21207404136657715 0.5831632614135742 0.007347873279026577 0.08201796667916435 0.3686697781085968
0 0.20715454646519252 0.5695220402308873 0.006144710949489048 0.097268887928554 0.24138320982456207
0 0.2056769643511091 0.5892150061471122 0.008235846246991838 0.08261864525931222 0.1414710432291031
0 0.24208293642316545 0.5737128938947406 0.007257189069475446 0.0694554192679269 0.10909311473369598
0 0.2402714661189488 0.5677831854139056 0.034687433923993795 0.09008359909057617 0.10332135856151581
0 0.23036367552621023 0.5943604196820941 0.007706029074532645 0.07798750059945243 0.0848020687699318
0 0.2104884215763637 0.5676577431815011 0.0055561065673828125 0.09900873047964913 0.08357130736112595
0 0.24522832461765834 0.5735763822283063 0.007134284291948591 0.06872456414358956 0.051986996084451675
