0 0.665156364440918 0.5623034068516323 0.018691676003592356 0.10645008087158203 0.5026797652244568
0 0.6552414212908063 0.5623866489955357 0.01832028797694615 0.10704680851527623 0.5018823146820068
0 0.08736298765454974 0.5650997502463204 0.006103728498731341 0.07022060666765485 0.4603332281112671
0 0.0848093032836914 0.5644969599587577 0.006406426429748535 0.06544896534511022 0.46022099256515503
0 0.08990950243813652 0.5643543515886579 0.006417317049843925 0.06549630846296038 0.44065308570861816
0 0.6478376388549805 0.5617429188319615 0.015257767268589564 0.120675904410226 0.4334605038166046
0 0.09257159062794276 0.5645561218261719 0.005646705627441406 0.0666640145438058 0.42493683099746704
0 0.08249296460832868 0.5665862219674247 0.0053579722132001606 0.07914376258850098 0.42273133993148804
0 0.08031224352972847 0.5647617408207485 0.006400397845676967 0.06544310706002372 0.41104400157928467
0 0.09496336323874337 0.5663852691650391 0.005724046911512103 0.07045326914106097 0.393831729888916
0 0.09824630192347936 0.5629512923104423 0.0053683263914925715 0.06615894181387764 0.38628286123275757
0 0.10339799097606114 0.5628466606140137 0.005356277738298688 0.06558387620108468 0.36282145977020264
0 0.6733623232160296 0.5624679837908063 0.019803319658551897 0.10754408155168806 0.3611377477645874
0 0.10051912920815605 0.5598043714250837 0.005630535738808768 0.06727099418640137 0.34895849227905273
0 0.10920960562569755 0.5626378740583148 0.005346775054931641 0.06530288287571498 0.34192177653312683
0 0.10567558663231987 0.5664939880371094 0.005534478596278599 0.06751043455941337 0.32765650749206543
0 0.1117531316620963 0.5664665017809186 0.004937359264918736 0.07081733431134905 0.24753925204277039
0 0.6460134642464774 0.5599786554064069 0.03341702052525112 0.1155984742300851 0.2308066040277481
0 0.11385940653937203 0.5623308590480259 0.005364435059683663 0.06521596227373395 0.19164271652698517
0 0.07543364592960902 0.5649148396083287 0.006463093417031425 0.06533455848693848 0.18142388761043549
0 0.11651332889284406 0.5591092109680176 0.005619236401149205 0.0669072014944894 0.09862001240253448
0 0.07187215770993914 0.5665842805589948 0.005946738379342216 0.08216864722115653 0.08282938599586487
0 0.6803723743983677 0.5723475728716169 0.018551349639892578 0.10430843489510673 0.07365457713603973
0 0.07702282496861049 0.5752215385437012 0.00654139689036778 0.07138987949916295 0.07052357494831085
0 0.6922693252563477 0.5650832653045654 0.035160950251988 0.13470329557146346 0.06851573288440704
0 0.5680678231375558 0.547797407422747 0.0072569165910993305 0.04225693430219378 0.051662083715200424
