0 0.2748993294579642 0.5660735539027623 0.006125450134277344 0.07202165467398507 0.541329026222229
0 0.27049408640180317 0.5658864293779645 0.006122469902038574 0.07202001980372838 0.44194942712783813
0 0.2801781552178519 0.5659866333007812 0.006241798400878906 0.07259290558951241 0.43568122386932373
0 0.2778259345463344 0.5607501779283796 0.006043893950326102 0.07010057994297572 0.4065665006637573
0 0.2658073902130127 0.5658134051731655 0.006141100611005511 0.07182339259556361 0.36894741654396057
0 0.2726034436907087 0.5697576318468366 0.004885213715689523 0.094752379826137 0.32033106684684753
0 0.25931014333452496 0.567464896610805 0.0059190307344709125 0.07311221531459264 0.30780231952667236
0 0.2680380344390869 0.5693070547921317 0.005427615983145577 0.07815197535923549 0.3055955469608307
0 0.26144358089991976 0.5633150509425572 0.005784715924944196 0.07130987303597587 0.28626295924186707
0 0.25342375891549246 0.5641375950404576 0.005543214934212821 0.07442542484828404 0.2849027216434479
0 0.2570288692201887 0.5632409368242536 0.005825042724609375 0.07163739204406738 0.26228442788124084
0 0.2509753704071045 0.5633031300136021 0.005790012223379952 0.07231058393205915 0.25199776887893677
0 0.2476146732057844 0.5631334781646729 0.005735806056431362 0.07005384990147182 0.23867861926555634
0 0.26364147663116455 0.5706847054617745 0.0046580178397042414 0.08102141107831683 0.2234708070755005
0 0.29305716923304964 0.5636505399431501 0.005628143038068499 0.06116911343165806 0.17734578251838684
0 0.28351025921957834 0.5699996607644218 0.006116696766444615 0.06921870367867607 0.1724064201116562
0 0.29779928071158274 0.5635341235569545 0.005630016326904297 0.0615457466670445 0.1694749891757965
0 0.28943467140197754 0.561809880392892 0.006504126957484654 0.08874208586556571 0.1690485179424286
0 0.30658115659441265 0.5629056862422398 0.006036315645490374 0.06571613039289202 0.16835452616214752
0 0.3024007933480399 0.5635223388671875 0.005601576396397182 0.06151856694902692 0.16190224885940552
0 0.28626745087759836 0.560532978602818 0.006347724369594029 0.08065397398812431 0.1434781402349472
0 0.24382385185786656 0.5698507853916713 0.004928554807390485 0.08034287180219378 0.12823912501335144
0 0.24913925783974783 0.5723982538495745 0.005255392619541713 0.07156699044363839 0.11560776829719543
0 0.31138975279671804 0.5641916819981166 0.005785737718854632 0.06186526162283761 0.11323383450508118
0 0.29556073461260113 0.5707544939858573 0.00561244147164481 0.06091873986380441 0.0992971882224083
0 0.29971139771597727 0.5707417896815709 0.005570411682128906 0.06064983776637486 0.09449601918458939
0 0.3045620918273926 0.5709148134504046 0.005567346300397601 0.06020958083016532 0.08751600980758667
0 0.3006236893790109 0.5555529253823417 0.006046465465000698 0.0650029182434082 0.07971902191638947
0 0.30941898482186453 0.5709020069667271 0.005552428109305245 0.060340711048671176 0.076055608689785
0 0.24604015690939768 0.5737480436052594 0.005135195595877511 0.07394569260733468 0.07534409314393997
0 0.28161491666521343 0.5600039618355888 0.030088492802211216 0.09837637628827776 0.06622418761253357
0 0.27640853609357563 0.5772046361650739 0.005489996501377651 0.09645921843392509 0.0513218492269516
