0 0.8026672090802874 0.6240833827427456 0.017085552215576172 0.1762853009360177 0.5644599795341492
0 0.9999347414289202 0.5749268531799316 0.0001300403050013951 0.11314599854605538 0.4993778467178345
0 0.814972060067313 0.6236466680254255 0.029976981026785716 0.19051671028137207 0.4886597990989685
0 0.7943530763898577 0.6228147234235492 0.018222808837890625 0.16187402180262975 0.37339746952056885
0 0.7876152311052594 0.6222874777657645 0.033076626913888116 0.1825831617627825 0.2972947061061859
0 0.8195343698774066 0.62802825655256 0.01385348183768136 0.16005212920052664 0.24327221512794495
0 0.8258232389177594 0.621584415435791 0.029398305075509206 0.2272423335484096 0.23603937029838562
0 0.8254389081682477 0.6276478086199079 0.014489446367536272 0.16049201147896902 0.22538194060325623
0 0.7844324793134417 0.6199209349496024 0.061426707676478794 0.23733302525111608 0.09285293519496918
0 0.788365091596331 0.6175894056047712 0.014201028006417411 0.1549989836556571 0.0926162600517273
0 0.832045418875558 0.6291360855102539 0.014948436192103795 0.1614056314740862 0.08635532110929489
0 0.7809478896004813 0.6209309441702706 0.014254161289760045 0.1537907464163644 0.08080028742551804
0 0.7710610798427037 0.6210124152047294 0.014088903154645647 0.1550304549080985 0.0722714364528656
0 0.32908412388392855 0.5471855231693813 0.005925825663975307 0.04751130512782505 0.06690061837434769
0 0.8110314777919224 0.6223664964948382 0.0751291002546038 0.22026068823678152 0.06535433232784271
0 0.3349668639046805 0.5475389616830009 0.006379842758178711 0.04738616943359375 0.062110595405101776
0 0.34546470642089844 0.5473762580326625 0.006266662052699498 0.047731944492885044 0.056517090648412704
0 0.3545305388314383 0.5470315388270787 0.005945273808070591 0.04739751134599958 0.0557144470512867
0 0.3320662294115339 0.5441850253513881 0.005984851292201451 0.04854750633239746 0.054198212921619415
