0 0.5767265728541783 0.546238899230957 0.006011962890625 0.049326419830322266 0.6317304372787476
0 0.5796284675598145 0.5456871305193219 0.006111008780343192 0.05022522381373814 0.6259776949882507
0 0.5822431019374302 0.5466002736772809 0.006040641239711216 0.049314873559134345 0.6246508955955505
0 0.585200445992606 0.5469643729073661 0.00591278076171875 0.049279519489833286 0.6136613488197327
0 0.5878353118896484 0.5467359679085868 0.006062780107770648 0.049728802272251675 0.5999494791030884
0 0.5721532276698521 0.5493999549320766 0.006057568958827427 0.05026674270629883 0.5778516530990601
0 0.5914829799107143 0.5463595390319824 0.006250177110944476 0.050043889454432895 0.549831211566925
0 0.5691631862095424 0.5414691993168422 0.005860635212489537 0.05041837692260742 0.5025601387023926
0 0.563309941973005 0.5403756073543003 0.005552768707275391 0.047742298671177456 0.39256614446640015
0 0.5740464074271066 0.5379898207528251 0.0067806243896484375 0.056385040283203125 0.35440200567245483
0 0.5579135077340263 0.5485340867723737 0.005292960575648716 0.04408952168055943 0.32023635506629944
0 0.31752443313598633 0.558032921382359 0.00407968248639788 0.04334030832563128 0.3000231385231018
0 0.3198225838797433 0.5580850328717913 0.004094975335257394 0.04510855674743652 0.2999812066555023
0 0.5896480424063546 0.5580037661961147 0.005749838692801339 0.055761371340070455 0.2921852171421051
0 0.32190656661987305 0.5581713744572231 0.004226854869297573 0.04568065915788923 0.2790201008319855
0 0.31556735719953266 0.5585274355752128 0.0042569637298583984 0.0462472779410226 0.2705270051956177
0 0.3187363488333566 0.5491704259599958 0.004240172249930245 0.04674492563520159 0.2577453553676605
0 0.5836165973118373 0.5600190162658691 0.0059059688023158485 0.05790346009390695 0.25605031847953796
0 0.5668068613324847 0.5358882631574359 0.0062290940965924945 0.05454346111842564 0.254214346408844
0 0.32406398228236605 0.5576120785304478 0.004288196563720703 0.04579012734549386 0.25359493494033813
0 0.5808952876499721 0.5607433319091797 0.005924292973109654 0.05609689440046038 0.23761621117591858
0 0.5978514807564872 0.548344544001988 0.006128038678850446 0.0554502010345459 0.23587501049041748
0 0.5769121306283134 0.5341535976954869 0.03411265781947544 0.07752963474818639 0.2358192503452301
0 0.5635809898376465 0.5570061206817627 0.005646194730486188 0.05329247883387974 0.2357230931520462
0 0.3339731352669852 0.5543254443577358 0.004027332578386579 0.040580851691109796 0.2289329171180725
0 0.5838353293282645 0.534538813999721 0.006762163979666573 0.0585510390145438 0.22810538113117218
0 0.3261087281363351 0.5581943648202079 0.004238503319876534 0.04677799769810268 0.22181068360805511
0 0.31310837609427317 0.5586221899305072 0.004159212112426758 0.04613869530814035 0.22043685615062714
0 0.3282747268676758 0.5575799601418632 0.004264354705810547 0.0468297004699707 0.2178356796503067
0 0.5557029587881905 0.5470913478306362 0.005431141172136579 0.04577599252973284 0.2173108011484146
0 0.34366277285984587 0.5537690775735038 0.004088061196463448 0.040825094495500834 0.21435320377349854
0 0.34746953419276644 0.5534787518637521 0.004072563988821847 0.040765694209507534 0.20980997383594513
0 0.33614683151245117 0.5577313218797956 0.0041315555572509766 0.042291573115757534 0.20279966294765472
0 0.3320676258632115 0.5583311489650181 0.004164048603602818 0.043509210859026225 0.2002958357334137
0 0.5919598170689174 0.5432689530508858 0.03465277808053153 0.10625345366341728 0.18763764202594757
0 0.5932245254516602 0.559525898524693 0.006247452327183315 0.05649644987923758 0.18674658238887787
0 0.34952047892979216 0.555598258972168 0.0038641861506870817 0.04094304357256208 0.1776464283466339
0 0.31088978903634207 0.5585903440202985 0.004255533218383789 0.046358346939086914 0.1652153730392456
0 0.5780284745352608 0.5629974433353969 0.005904742649623326 0.05405800683157785 0.153802290558815
0 0.5953698839460101 0.5373687403542655 0.006471429552350726 0.05021980830601284 0.15344618260860443
0 0.5754643848964146 0.5633343287876674 0.006327833448137555 0.053633110863821845 0.1358415186405182
0 0.30818946020943777 0.5587449754987445 0.004158633095877511 0.04621808869498117 0.13232813775539398
0 0.3229597636631557 0.5457585879734584 0.004362549100603376 0.0485231876373291 0.13193687796592712
0 0.30610653332301546 0.5588968481336322 0.004081521715436663 0.04671076365879604 0.128086119890213
0 0.3036714621952602 0.5590857097080776 0.004123006548200335 0.04724492345537458 0.12612099945545197
0 0.5597590037754604 0.5346861566816058 0.005843332835606166 0.04878067970275879 0.1239149197936058
0 0.29928384508405415 0.5593667711530413 0.004107645579746791 0.04754812376839774 0.1224774643778801
0 0.35258095605032785 0.5530109746115548 0.0040547847747802734 0.040581771305629184 0.12104953825473785
0 0.33053295952933176 0.5633290835789272 0.004092250551496234 0.04670991216387067 0.11739756166934967
0 0.2952351229531424 0.5609724181038993 0.004589012690952846 0.04917458125523159 0.1094181165099144
0 0.2910700866154262 0.560448271887643 0.004295825958251953 0.0488734245300293 0.10931803286075592
0 0.5962001255580357 0.5598414284842355 0.00654949460710798 0.06037449836730957 0.10834342986345291
0 0.5713119506835938 0.5637718949999128 0.005755833217075893 0.054309231894356866 0.10783034563064575
0 0.28704759052821566 0.5611749376569476 0.004822424479893276 0.050271953855242045 0.1031099408864975
0 0.5908333914620536 0.5277657508850098 0.007233960287911552 0.061316728591918945 0.09096617251634598
0 0.2893050057547433 0.5625573566981724 0.004179409572056362 0.05021105493818011 0.09005290269851685
0 0.32530692645481657 0.5442648615155902 0.004133973802839007 0.046090705054146905 0.08535715192556381
0 0.5687552520206997 0.5646546227591378 0.006268705640520368 0.054106337683541436 0.08399184793233871
0 0.5594654423849923 0.5342824799673898 0.0332951545715332 0.08909378732953753 0.08237762004137039
0 0.5707999638148716 0.5524967397962298 0.0375368595123291 0.10745641163417272 0.07538050413131714
0 0.33014348575047087 0.5466596058436802 0.004632336752755302 0.05790168898446219 0.07285060733556747
0 0.31236144474574495 0.5459344046456474 0.004375559943062919 0.04807189532688686 0.0717235580086708
0 0.5763580458504813 0.5232067789350238 0.00722571781703404 0.060816798891339986 0.07127485424280167
0 0.35445914949689594 0.5553527559552874 0.0038661956787109375 0.04101906503949847 0.07105778157711029
0 0.2828853130340576 0.5621805191040039 0.004420978682381766 0.049798590796334405 0.07079876214265823
0 0.3271697929927281 0.5431534903390067 0.004195622035435268 0.043564830507550924 0.06857230514287949
0 0.5814196722848075 0.5231764997754779 0.007255145481654576 0.06078025272914341 0.06833448261022568
0 0.5570579256330218 0.533630405153547 0.005467142377580915 0.04439231327601841 0.06746173650026321
0 0.31862926483154297 0.569674015045166 0.004031964710780552 0.05099599702017648 0.0673779845237732
0 0.5860156331743512 0.5232792581830706 0.007270268031529018 0.06107565334865025 0.0669785588979721
0 0.2971305847167969 0.5655043125152588 0.004034076418195452 0.050447123391287665 0.06326434016227722
0 0.5692638669695173 0.521986893245152 0.00690460205078125 0.057895353862217495 0.058193035423755646
0 0.3166865280696324 0.570455823625837 0.00398179462977818 0.04946136474609375 0.0545327328145504
0 0.5529981340680804 0.5531652995518276 0.0055207184382847375 0.048761333738054545 0.05408541113138199
