0 0.7855243001665387 0.598921367100307 0.02924823760986328 0.16651078632899693 0.5140175223350525
0 0.7877671377999442 0.5999535151890346 0.016010897500174388 0.14463601793561662 0.48760467767715454
0 0.7768376214163644 0.6005911827087402 0.01634570530482701 0.1476524897984096 0.44850093126296997
0 0.7694337027413505 0.6029374258858817 0.018311432429722378 0.14554548263549805 0.36921969056129456
0 0.7968774523053851 0.5985582896641323 0.01614304951259068 0.1456643513270787 0.35380882024765015
0 0.7694487571716309 0.5964906556265694 0.008319990975516183 0.1522972583770752 0.31529706716537476
0 0.800579343523298 0.5951291493007115 0.030908516475132534 0.1622450351715088 0.3040938377380371
0 0.7820489747183663 0.6090959140232631 0.01347214835030692 0.15231905664716447 0.24217432737350464
0 0.7665176391601562 0.6054682731628418 0.008889198303222656 0.1079636982509068 0.2121543139219284
0 0.8031400953020368 0.5947309902736119 0.012909548623221261 0.14678137642996653 0.19591782987117767
0 0.7917913028172084 0.5950930459158761 0.07981491088867188 0.2168475559779576 0.18067969381809235
0 0.7875980649675641 0.5928596087864467 0.007850033896309989 0.14823481014796666 0.15359798073768616
0 0.7617712020874023 0.6075954437255859 0.010246617453438895 0.11913255282810756 0.14838916063308716
0 0.7815322875976562 0.5928559303283691 0.007817132132393973 0.14814203126089914 0.14535926282405853
0 0.7766805376325335 0.5928282056535993 0.007809775216238839 0.14790095601763045 0.13418614864349365
0 0.7968924386160714 0.5852349826267788 0.009527547018868583 0.12558228628976004 0.09180747717618942
0 0.8143089839390346 0.5891628265380859 0.03023726599557059 0.15886776787894114 0.08508074283599854
0 0.7645074299403599 0.5913683346339634 0.007132598331996373 0.11314388683864049 0.05899999290704727
