0 0.5749375479561942 0.543036665235247 0.006570475442068917 0.04547790118626186 0.570564329624176
0 0.5784112385341099 0.5478919233594622 0.0064849853515625 0.04553290775844029 0.5310393571853638
0 0.5681364195687431 0.5487254006522042 0.006358725684029716 0.047518559864589145 0.48264503479003906
0 0.5698534761156354 0.5394740104675293 0.006631374359130859 0.04510835238865444 0.46850961446762085
0 0.5649446078709194 0.5394445146833148 0.006624528339930943 0.04505348205566406 0.4531214237213135
0 0.5601756913321358 0.5394977501460484 0.006646190370832171 0.04515014375959124 0.4158160090446472
0 0.5871396745954242 0.5499991689409528 0.006415026528494698 0.056285585675920756 0.4002169668674469
0 0.5901838030133929 0.5395374638693673 0.006286280495779855 0.04662459237234933 0.37199801206588745
0 0.5728128978184291 0.5365167345319476 0.006709848131452288 0.044962167739868164 0.3449857234954834
0 0.5940732955932617 0.5470372608729771 0.005976676940917969 0.04505337987627302 0.3119976222515106
0 0.5587378910609654 0.5516995702471051 0.005204234804425921 0.05001037461417062 0.3062412738800049
0 0.5542013985770089 0.5428840092250279 0.005140917641775948 0.04490017890930176 0.3033392131328583
0 0.5804006031581334 0.5355799879346576 0.006333555494035993 0.04649441582815988 0.2729851007461548
0 0.5736183438982282 0.555690084184919 0.006582055773053851 0.052091155733381 0.2698668837547302
0 0.5850977216448102 0.535590580531529 0.006312915257045201 0.04626870155334473 0.26101255416870117
0 0.5774173736572266 0.5365301540919712 0.036156143460954936 0.09231962476457868 0.2309144288301468
0 0.5766532080514091 0.5570579256330218 0.0062988826206752235 0.054081269672938755 0.22799846529960632
0 0.5643436908721924 0.5560352802276611 0.006560802459716797 0.05254561560494559 0.21639251708984375
0 0.59211608341762 0.5539892741612026 0.006377152034214565 0.05632250649588449 0.2105850726366043
0 0.5627458436148507 0.5332282611301967 0.006047351019723075 0.05153059959411621 0.19835151731967926
0 0.5924566813877651 0.535203388759068 0.006113324846540179 0.046403510229928155 0.17029452323913574
0 0.5520339012145996 0.5488387857164655 0.0051141125815255305 0.045577798570905416 0.1435709297657013
0 0.5811003957475934 0.5602222851344517 0.006837436131068638 0.05366996356419155 0.14005650579929352
0 0.5697658402579171 0.5602498054504395 0.0065740857805524555 0.052990470613752096 0.13746270537376404
0 0.5665742329188755 0.5291032109941755 0.007302113941737584 0.056867054530552456 0.1211266741156578
0 0.5765293666294643 0.5291504178728376 0.00732496806553432 0.05687880516052246 0.11637752503156662
0 0.5632455689566476 0.5318343979971749 0.036798102515084405 0.0753685746874128 0.10402362048625946
0 0.5921652657645089 0.5395211492265973 0.03649166652134487 0.10038365636553083 0.09868151694536209
0 0.5886433465140206 0.5289097854069301 0.0061310359409877235 0.0611356326511928 0.09656210243701935
0 0.598942756652832 0.5465050424848285 0.006396838596888951 0.05249190330505371 0.0955733209848404
0 0.5963843890598842 0.5369101251874652 0.006105014256068638 0.04754274232046945 0.09044495970010757
0 0.5550297328404018 0.557910851069859 0.005224840981619698 0.052826336451939175 0.08248092979192734
0 0.5544939722333636 0.549006462097168 0.038646697998046875 0.1010073253086635 0.07732579857110977
0 0.5272949763706752 0.5421586036682129 0.005035775048392159 0.043704135077340264 0.06955772638320923
0 0.5491376944950649 0.5506163665226528 0.005138397216796875 0.048032828739711216 0.06885796785354614
0 0.5821243694850377 0.5249129704066685 0.0073789869035993305 0.05690305573599679 0.06511732935905457
0 0.5252834728785923 0.5467835153852191 0.004934379032679966 0.04395331655229841 0.06505312025547028
0 0.5849733352661133 0.5644711085728237 0.006928103310721261 0.051835060119628906 0.06115981191396713
0 0.552443095615932 0.5333694730486188 0.005486828940255302 0.04558137484959194 0.05068059638142586
0 0.5959644998822894 0.5591569287436349 0.006444658551897321 0.05782570157732282 0.05005744472146034
