0 0.6298612185886928 0.5653091498783657 0.011122703552246094 0.07051597322736468 0.601421594619751
0 0.6206854411533901 0.5652987616402763 0.010922227587018694 0.0700629438672747 0.5544189810752869
0 0.6355671201433454 0.5655500548226493 0.011152335575648717 0.07018416268484932 0.5420541763305664
0 0.6144837651933942 0.5648785999843052 0.008473260062081473 0.06619766780308314 0.494300901889801
0 0.6101480211530413 0.5646184512547084 0.008443219321114677 0.06655825887407575 0.47995075583457947
0 0.6254649843488421 0.5706761905125209 0.010872227805001395 0.07000061443873815 0.42172572016716003
0 0.6046694346836635 0.5643271718706403 0.00840207508632115 0.06641772815159389 0.40697798132896423
0 0.6267516272408622 0.560601030077253 0.03599616459437779 0.08489428247724261 0.35526299476623535
0 0.6074703761509487 0.5712016310010638 0.008117198944091797 0.06642021451677595 0.28172579407691956
0 0.623645373753139 0.5559902191162109 0.008835724421909876 0.0717980180467878 0.26057231426239014
0 0.6398942129952567 0.5605834552219936 0.011503151484898158 0.08291299002511161 0.22688601911067963
0 0.6011223111833844 0.5582672868456159 0.008000782557896205 0.06872837884085518 0.22096700966358185
0 0.19716763496398926 0.5594308035714286 0.0058280229568481445 0.046573059899466376 0.20617400109767914
0 0.20030716487339564 0.5595423153468541 0.005832825388227191 0.04643654823303223 0.1888550966978073
0 0.19398401464734757 0.5577879633222308 0.006039891924176898 0.04878262111118862 0.17914508283138275
0 0.6179133142743792 0.5747383662632534 0.008593967982700892 0.07139526094709124 0.16867417097091675
0 0.22564678532736643 0.5561495508466449 0.00476905277797154 0.04685630117143903 0.16074329614639282
0 0.5975093841552734 0.5622311319623675 0.00740126201084682 0.05895182064601353 0.1574081927537918
0 0.1911953857966832 0.5611194201878139 0.006075024604797363 0.04649748120989118 0.15518824756145477
0 0.21480146476200648 0.5588827814374652 0.005696875708443778 0.04572204181126186 0.15393491089344025
0 0.2102407727922712 0.559004511151995 0.005700332777840751 0.04572582244873047 0.14875911176204681
0 0.204864501953125 0.5593172482081822 0.0056493282318115234 0.04592789922441755 0.1482156217098236
0 0.6430702209472656 0.5631349427359444 0.03175415311540876 0.10936004774911064 0.14412638545036316
0 0.22981068066188268 0.5560895715441022 0.004934072494506836 0.04661852972848075 0.13805700838565826
0 0.18838199547358922 0.5637240750449044 0.006501810891287667 0.04723010744367327 0.11506063491106033
0 0.6024453980582101 0.5740438188825335 0.007640702383858817 0.06377795764378139 0.11170779168605804
0 0.6452888761247907 0.5607166290283203 0.011470794677734375 0.08351922035217285 0.10026398301124573
0 0.6563622610909599 0.5633212838854108 0.008825983319963728 0.07014322280883789 0.09757999330759048
0 0.17159886019570486 0.5630543231964111 0.006123508725847516 0.04968622752598354 0.09356769919395447
0 0.20215409142630442 0.5671795095716204 0.0061887843268258235 0.0491600717817034 0.08891341090202332
0 0.5995434352329799 0.573028700692313 0.006488391331263951 0.057392665318080356 0.0860617384314537
0 0.19524855273110525 0.570336035319737 0.005898135049002511 0.04924780981881278 0.08521483838558197
0 0.6332518032618931 0.5798668180193219 0.01049191611153739 0.08207222393580846 0.07314010709524155
0 0.2191704341343471 0.5482175009591239 0.005078809601919991 0.048333474567958286 0.07148782163858414
0 0.5939042227608817 0.5585952145712716 0.006678853716169085 0.05267722266060965 0.06915745139122009
0 0.19834494590759277 0.5480852808271136 0.005659324782235282 0.047517129353114536 0.06858961284160614
0 0.18262222834995814 0.5681205477033343 0.0066106489726475304 0.04628375598362514 0.065973661839962
0 0.2035046304975237 0.5482900483267648 0.005712015288216727 0.048252378191266744 0.06518881767988205
0 0.2353088685444423 0.5555109296526227 0.004962921142578125 0.046444211687360494 0.06217440217733383
0 0.19914122990199498 0.5717978477478027 0.006522979055132184 0.04818899290902274 0.05886834114789963
0 0.21687095505850656 0.5474418572017125 0.005638020379202706 0.047039645058768134 0.05689661577343941
0 0.16890490055084229 0.568406343460083 0.00669166019984654 0.04647956575666155 0.055466532707214355
0 0.2064563206263951 0.5477081026349749 0.005643129348754883 0.04796409606933594 0.053399741649627686
0 0.21197640895843506 0.5474906648908343 0.0056645529610770086 0.04746048791067941 0.053061239421367645
0 0.6538365227835519 0.5717427389962333 0.008717196328299386 0.06520734514508929 0.05097375065088272
0 0.622307368687221 0.5808209010532924 0.008956568581717355 0.07431731905255999 0.050481315702199936
