0 0.7009998049054827 0.5897158895220075 0.01679229736328125 0.12429864065987724 0.6562157273292542
0 0.6940320559910366 0.5903031485421317 0.01534679957798549 0.12226605415344238 0.6032231450080872
0 0.6954244886125837 0.5870634487697056 0.03126587186540876 0.13734534808567592 0.5794963836669922
0 0.7089504514421735 0.5896592140197754 0.0165121214730399 0.1243227549961635 0.5731015205383301
0 0.6869128090994698 0.589641911642892 0.01581730161394392 0.12619403430393764 0.5686174631118774
0 0.7075340407235282 0.5884602410452706 0.03246443612234933 0.16749089104788645 0.3204873204231262
0 0.7168730327061245 0.589123044695173 0.016164847782679966 0.12470643860953194 0.252204567193985
0 0.6818321772984096 0.5855020795549665 0.012942654745919364 0.10011672973632812 0.22571223974227905
0 0.7231739589146206 0.5884566988263812 0.03140183857509068 0.14219025203159877 0.1325763463973999
0 0.7132069723946708 0.6033687591552734 0.012143611907958984 0.11591662679399763 0.08564282208681107
0 0.6838993344988141 0.5815065928867885 0.034666401999337335 0.12304455893380302 0.057963479310274124
