0 0.18342268466949463 0.5562425681522915 0.005998543330601284 0.05727338790893555 0.5015302300453186
0 0.18085833958217076 0.5558109624045235 0.005900229726518903 0.055479390280587335 0.49980682134628296
0 0.18845885140555246 0.5562446457999093 0.005979044096810477 0.05668159893580845 0.47394073009490967
0 0.17826334067753383 0.5561445099966866 0.005961077553885323 0.057392426899501255 0.4666667878627777
0 0.17568365165165492 0.5539038862500872 0.005817277090890067 0.059808662959507534 0.45783060789108276
0 0.17329609394073486 0.5561199869428363 0.005948100771222796 0.05743765830993652 0.4151591360569
0 0.19431015423366002 0.5552928107125419 0.0059844255447387695 0.05255007743835449 0.40052491426467896
0 0.17027301447732107 0.5577953542981829 0.0061187744140625 0.05989245006016323 0.36436566710472107
0 0.16520673888070242 0.5578009741646903 0.006125211715698242 0.05960845947265625 0.3572136461734772
0 0.951765605381557 0.5899636404854911 0.012467384338378906 0.1254056521824428 0.3352867066860199
0 0.9570450101579938 0.5900919778006417 0.012580394744873047 0.12654004778180802 0.3205603361129761
0 0.18633467810494558 0.5633448873247419 0.005603534834725516 0.06287738255092076 0.30055999755859375
0 0.16077125072479248 0.5579680715288434 0.006139380591256278 0.05956813267299107 0.300542950630188
0 0.6595017569405692 0.5588527406964984 0.005814620426722935 0.06891594614301409 0.29078447818756104
0 0.6569840567452567 0.5588922500610352 0.0054779052734375 0.0659170150756836 0.27976512908935547
0 0.6398871285574776 0.55668762751988 0.004458904266357422 0.06727630751473564 0.27496153116226196
0 0.6431982857840401 0.5570562907627651 0.004876749856131417 0.07047186579023089 0.2686038613319397
0 0.6462187085832868 0.5585191590445382 0.005310535430908203 0.06913839067731585 0.26280221343040466
0 0.6523325783865792 0.5588446344648089 0.005515166691371373 0.06610267502920968 0.2600865066051483
0 0.6489291191101074 0.5588588714599609 0.0057512010846819195 0.06843117305210658 0.2559353709220886
0 0.6678916386195591 0.5564520699637276 0.005788734980991909 0.06328279631478446 0.25444236397743225
0 0.1579272747039795 0.5573233876909528 0.006288715771266392 0.06102899142674038 0.24399639666080475
0 0.9510856355939593 0.5889889172145298 0.03031437737601144 0.14455958775111608 0.24374715983867645
0 0.9456883839198521 0.5896463394165039 0.011985642569405692 0.12717127799987793 0.23939183354377747
0 0.16809354509626115 0.5626241820199149 0.005933080400739398 0.0664308752332415 0.23160724341869354
0 0.6371868678501674 0.5563415118626186 0.004601682935442243 0.06817408970424108 0.231440931558609
0 0.6635302816118512 0.5633582387651715 0.0058607373918805805 0.071840729032244 0.21728216111660004
0 0.6704216003417969 0.5593690190996442 0.0054939814976283485 0.0633932181767055 0.2130172997713089
0 0.6659190314156669 0.5637407643454415 0.005707740783691406 0.06549746649605888 0.20757347345352173
0 0.6547437395368304 0.5631920610155378 0.005839347839355469 0.07228054319109235 0.20678307116031647
0 0.19987217017582484 0.5545222418648856 0.005900962012154716 0.05168652534484863 0.20087409019470215
0 0.6351806095668248 0.5561988694327218 0.004483018602643695 0.06713121277945382 0.19183233380317688
0 0.9621150153023856 0.589730943952288 0.011623995644705636 0.13535686901637486 0.18852868676185608
0 0.5851214272635323 0.5466742515563965 0.0049501146589006695 0.048867600304739814 0.1851913034915924
0 0.5810332979474749 0.5467243875776019 0.004960196358816964 0.0493863650730678 0.17552904784679413
0 0.9371942111424038 0.5894810812813895 0.011927468436104911 0.1194530895778111 0.17216229438781738
0 0.9627289090837751 0.5902737208775112 0.02895981924874442 0.16461978639875138 0.16859951615333557
0 0.19005969592503139 0.566753591809954 0.005802154541015625 0.05954228128705706 0.16582176089286804
0 0.5783929143633161 0.5457869257245745 0.00468240465436663 0.0479165826525007 0.1647617518901825
0 0.19060870579310826 0.5455619607652936 0.006333810942513602 0.05295051847185407 0.1601220667362213
0 0.15482415471758162 0.5573708670479911 0.006291474614824567 0.06300759315490723 0.1522861272096634
0 0.9302650179181781 0.5895284243992397 0.011689254215785436 0.11695177214486259 0.15105387568473816
0 0.5749568939208984 0.5446749074118478 0.004794597625732422 0.04815421785627093 0.134668231010437
0 0.5683386325836182 0.5480052062443325 0.0047430310930524555 0.04787588119506836 0.12423142045736313
0 0.5897560119628906 0.5434107780456543 0.005052634647914341 0.04823442867824009 0.12269878387451172
0 0.1959655795778547 0.5454707145690918 0.006323235375540597 0.05306601524353027 0.11979210376739502
0 0.6725647108895438 0.5650237287793841 0.005719457353864398 0.06673955917358398 0.10709790885448456
0 0.5829405103410993 0.5421554701668876 0.005443028041294643 0.05233679498944964 0.09968741238117218
0 0.5873169217790876 0.5421445710318429 0.005469117845807757 0.05198018891470773 0.09937909245491028
0 0.6415374619620187 0.5500156198229108 0.004998343331473214 0.06737266268048968 0.09929755330085754
0 0.19568840094975062 0.5677490234375 0.006013189043317523 0.052531685147966654 0.09653040021657944
0 0.19273166997092112 0.5695670672825405 0.006078141076224191 0.053729738507952006 0.09219018369913101
0 0.5635178429739816 0.5480790138244629 0.0047272273472377235 0.048034838267735074 0.0919661819934845
0 0.9414501871381488 0.593855585370745 0.01061248779296875 0.1102736336844308 0.09183354675769806
0 0.9395121165684291 0.5881485939025879 0.031535829816545756 0.17060678345816477 0.08654212206602097
0 0.6312205450875419 0.5553949560437884 0.004651546478271484 0.06731598717825753 0.0863083228468895
0 0.9677632195608956 0.5900897979736328 0.014203480311802455 0.11926037924630302 0.07273241877555847
0 0.5965065274919782 0.548196724482945 0.004953316279820034 0.04851085799080985 0.07222168892621994
0 0.15076422691345215 0.559845106942313 0.0063452380044119695 0.060386759894234796 0.06700434535741806
0 0.6557795660836356 0.5540236064365932 0.031271662030901225 0.10320939336504255 0.06629180163145065
0 0.5607137680053711 0.5462475504193988 0.004676750728062221 0.0481112003326416 0.06592155247926712
0 0.5946873256138393 0.5440813813890729 0.005118846893310547 0.04818861825125558 0.061897218227386475
0 0.9628279549734933 0.588318007332938 0.07434415817260742 0.20835450717381068 0.061280202120542526
0 0.628927367074149 0.5553322860172817 0.004556179046630859 0.06656721660069057 0.06087503209710121
0 0.20704289845057897 0.5538186686379569 0.006151539938790458 0.04861157281058175 0.05514964461326599
0 0.6336097036089215 0.5493685177394322 0.004459517342703683 0.06904683794294085 0.05405757576227188
0 0.6146233422415597 0.5533145495823452 0.004729679652622768 0.059408221926007955 0.05223633348941803
0 0.21494594642094203 0.5521607058388847 0.006343466894967216 0.04531976154872349 0.05160599201917648
0 0.616870471409389 0.5514170782906669 0.004798684801374163 0.05640806470598493 0.05098128318786621
0 0.6260971341814313 0.5550148827689034 0.004696096692766462 0.06701881544930595 0.05088602751493454
0 0.13775617735726492 0.5614813395908901 0.006624647549220494 0.05839334215436663 0.05015896260738373
