0 0.5676187787737165 0.540165628705706 0.0052677903856549945 0.04858231544494629 0.5557230114936829
0 0.5725443703787667 0.5402225766863141 0.005250011171613421 0.04833054542541504 0.5556260347366333
0 0.5750338690621513 0.5395144053867885 0.005270412990025112 0.04856692041669573 0.5394507646560669
0 0.5603680610656738 0.5395425047193255 0.005278008324759347 0.04811484473092215 0.5235371589660645
0 0.5806268964494977 0.5413286345345634 0.005559989384242466 0.048413242612566264 0.5048044919967651
0 0.5697496277945382 0.5360849244253976 0.005330801010131836 0.048243965421404154 0.5040756464004517
0 0.5645827565874372 0.5360771587916783 0.005337681089128766 0.048006807054792135 0.48863959312438965
0 0.5623361042567662 0.5458380154200962 0.00531458854675293 0.04800408227103097 0.4821048080921173
0 0.578369140625 0.5449560710362026 0.005536079406738281 0.04807230404445103 0.4791715741157532
0 0.5864508492606026 0.5427968502044678 0.0053174155099051336 0.05223839623587472 0.4561358094215393
0 0.5582890510559082 0.5452241556985038 0.004941088812691825 0.045757293701171875 0.4368424117565155
0 0.5732938902718681 0.5328924996512276 0.03370887892586844 0.10015702247619629 0.35794779658317566
0 0.5849763325282505 0.5332553727286202 0.005364690508161273 0.048354387283325195 0.34653276205062866
0 0.5924183981759208 0.5449207850864956 0.005300726209368024 0.04829376084463937 0.33865323662757874
0 0.5905556678771973 0.533310958317348 0.005390167236328125 0.048273631504603794 0.3022080063819885
0 0.561711175101144 0.5291399955749512 0.0055430616651262555 0.054792778832571845 0.28836458921432495
0 0.5781598772321429 0.5280035904475621 0.006275653839111328 0.057483128138950894 0.25951507687568665
0 0.5560615403311593 0.5486055101667132 0.004856892994471959 0.04854651859828404 0.24584168195724487
0 0.5694541249956403 0.5526868615831647 0.0054362501416887555 0.05440950393676758 0.23590438067913055
0 0.5883188247680664 0.5513066564287458 0.005534717014857701 0.059008734566824775 0.2195649892091751
0 0.5640907628195626 0.5528644153050014 0.005431583949497768 0.054642949785505025 0.21602831780910492
0 0.5683255876813617 0.5238471712384906 0.006282023021153041 0.05786810602460589 0.20326994359493256
0 0.5733553341456822 0.5238119534083775 0.006299052919660296 0.057723794664655416 0.19961504638195038
0 0.5935475485665458 0.5331172602517265 0.005358082907540458 0.04814018521990095 0.19018253684043884
0 0.5898721558707101 0.5335330622536796 0.03341511317661831 0.0997319221496582 0.17474810779094696
0 0.5612598146711077 0.5268735545022147 0.032964161464146206 0.07900197165352958 0.15780127048492432
0 0.5890599659511021 0.5232270104544503 0.005582128252301898 0.05916595458984375 0.1546912044286728
0 0.555506978716169 0.5299998010907855 0.0051914964403424945 0.047781910215105326 0.1484200805425644
0 0.5843029703412738 0.5554588522229876 0.005499158586774554 0.0596198354448591 0.13063199818134308
0 0.5639491762433734 0.5195352690560477 0.006340946469988141 0.05755523272923061 0.12602214515209198
0 0.5480085781642369 0.5336824144635882 0.033993039812360494 0.0958197798047747 0.12502111494541168
0 0.5758070264543805 0.5195399693080357 0.006238869258335659 0.05749876158578055 0.1226481944322586
0 0.5709168229784284 0.5189941270010812 0.005711078643798828 0.05915686062404087 0.11979806423187256
0 0.5765277317592076 0.556884765625 0.005495888846261161 0.05591559410095215 0.11949432641267776
0 0.9997906003679548 0.7456276757376534 0.0004187992640904018 0.10666166033063616 0.11893659085035324
0 0.5738867350987026 0.5572414398193359 0.00543696539742606 0.05517183031354632 0.11757676303386688
0 0.5838041305541992 0.5202115263257708 0.006129741668701172 0.058812005179268975 0.11587877571582794
0 0.5795324189322335 0.5572665759495327 0.005443164280482701 0.05504921504429409 0.1075768917798996
0 0.5980919429234096 0.5436620031084333 0.005555425371442523 0.051495960780552456 0.09691901504993439
0 0.5964172908238002 0.5336615358080182 0.005325521741594587 0.04657813480922154 0.09473137557506561
0 0.5660650389535087 0.5588414328438895 0.0058062757764543805 0.05634757450648716 0.08707942813634872
0 0.5714588846479144 0.5593093463352748 0.0058248043060302734 0.0563023430960519 0.08663199096918106
0 0.5819591794695173 0.5586267880031041 0.005852290562220982 0.055549757821219306 0.08361853659152985
0 0.5444575718470982 0.5453029360089984 0.004890952791486468 0.04315131051199777 0.07603557407855988
0 0.5465689046042306 0.5460538523537772 0.004711151123046875 0.04283285140991211 0.07395116239786148
0 0.5941690036228725 0.5556381089346749 0.005570547921316964 0.05967143603733608 0.06703582406044006
0 0.5519355024610247 0.5509326798575265 0.004932267325265067 0.052020720073154995 0.06638805568218231
0 0.5952452932085309 0.5219808987208775 0.005322456359863281 0.057658604213169644 0.051488056778907776
0 0.5532666615077427 0.5227793284824916 0.005449192864554269 0.05174401828220913 0.05076282098889351
