0 0.1432807104928153 0.594954218183245 0.004453088556017194 0.10992142132350377 0.5591281652450562
0 0.14685046672821045 0.5946893010820661 0.004467521395002093 0.10976849283490862 0.5573214292526245
0 0.1492908000946045 0.5947596686226981 0.0044455187661307195 0.1051187174660819 0.5247867703437805
0 0.15156286103384836 0.5944349425179618 0.00454693181174142 0.10998756544930595 0.5122954845428467
0 0.13713669776916504 0.5945197514125279 0.0044923339571271625 0.11087315423148018 0.47855132818222046
0 0.13332948514393397 0.5953291484287807 0.004475883075169155 0.1119443348475865 0.42843806743621826
0 0.13995967592511857 0.5976863588605609 0.004493108817509243 0.10800841876438685 0.39930903911590576
0 0.12781153406415666 0.5962108884538923 0.005623587540217808 0.10685508591788155 0.38691046833992004
0 0.153874329158238 0.5970819337027413 0.0044926575251988 0.10863150869097028 0.34277069568634033
0 0.14145509685788835 0.5907717432294574 0.004835452352251325 0.10789649827139718 0.3315402567386627
0 0.15695990834917342 0.5943262917654855 0.004587531089782715 0.10986409868512835 0.3179974853992462
0 0.1308931963784354 0.598543643951416 0.0044756872313363215 0.10650692667279925 0.2928004562854767
0 0.14206326859337942 0.588836806161063 0.02151886054447719 0.12038605553763253 0.21151389181613922
0 0.12386099781308856 0.6010568482535226 0.005793537412370954 0.10796557153974261 0.1528855562210083
0 0.154099634715489 0.588822501046317 0.02218626226697649 0.1211338724408831 0.13520342111587524
0 0.9997508185250419 0.7445419175284249 0.0004984310695103236 0.10755811418805804 0.12226194888353348
0 0.16093482289995467 0.5930745261056083 0.004540290151323591 0.11569612366812569 0.1187947690486908
0 0.15923588616507395 0.5897728375026158 0.004718678338187081 0.0919842038835798 0.08046111464500427
0 0.13251366785594396 0.5877156257629395 0.022387215069362094 0.1201012134552002 0.07796373218297958
0 0.14481498513902938 0.5832936423165458 0.0053482311112540105 0.10691145488194057 0.06370346993207932
