0 0.6333416530064174 0.5581439222608294 0.008549485887799944 0.07771130970546178 0.4817450940608978
0 0.6286830902099609 0.5577059132712228 0.008483069283621652 0.07790940148489815 0.422069787979126
0 0.6385541643415179 0.5584837709154401 0.008672373635428292 0.07710913249424525 0.3788965344429016
0 0.6235505512782505 0.557619435446603 0.008441380092075892 0.0777275902884347 0.37576359510421753
0 0.612933703831264 0.5560729503631592 0.008421557290213448 0.0678920064653669 0.319391667842865
0 0.608088765825544 0.5560203960963658 0.008408478328159876 0.06800743511744908 0.30203667283058167
0 0.6187034334455218 0.5543722425188337 0.00851583480834961 0.07354627336774554 0.2734363377094269
0 0.603135517665318 0.5558414118630546 0.00840609414236886 0.06806094305855888 0.24272039532661438
0 0.6426762172154018 0.5602946281433105 0.008597987038748605 0.07782319613865443 0.2215331792831421
0 0.5983514785766602 0.5554561614990234 0.008422647203717912 0.06777664593287877 0.16030436754226685
0 0.6445516177586147 0.5574342863900321 0.030533109392438616 0.09348678588867188 0.14223413169384003
0 0.6464127131870815 0.5612408093043736 0.008350236075265067 0.07721587589808873 0.13355186581611633
0 0.623500006539481 0.5529587268829346 0.030001912798200334 0.09263713019234794 0.12850865721702576
0 0.6056827817644391 0.5657444000244141 0.008190972464425223 0.0668834958757673 0.12139596045017242
0 0.9998260225568499 0.3120983668736049 0.00034802300589425225 0.09659292016710554 0.10666275769472122
0 0.653357710157122 0.5626100131443569 0.007986341203962053 0.07729966299874443 0.10646924376487732
0 0.5943031311035156 0.5551109313964844 0.008258138384137834 0.06739425659179688 0.09319686144590378
0 0.632467542375837 0.5624681881495884 0.03756121226719448 0.1318821566445487 0.09259682148694992
0 0.6605220522199359 0.5610123021262032 0.0291290283203125 0.1023622921534947 0.07892147451639175
0 0.6622660500662667 0.5647890227181571 0.007373060498918805 0.07656778608049665 0.07691914588212967
0 0.6583038057599749 0.5655640874590192 0.007904257093157088 0.0807046890258789 0.07549848407506943
0 0.6050410951886859 0.5522921425955636 0.03068685531616211 0.0906907149723598 0.0603046640753746
0 0.6686296463012695 0.5658783912658691 0.00716883795601981 0.07744911738804408 0.06014597788453102
0 0.5899374144417899 0.5533068520682198 0.007878031049455916 0.0588792051587786 0.05795850604772568
0 0.6495301382882255 0.5548863410949707 0.008106027330671037 0.07683358873639788 0.05732279643416405
