0 0.5585323742457798 0.551053694316319 0.005705697195870536 0.04340056010654995 0.27809393405914307
0 0.5562735966273716 0.5457822935921806 0.005398239408220563 0.045230558940342495 0.2488889992237091
0 0.5624794960021973 0.5534823281424386 0.005543129784720284 0.044642482485089986 0.22267566621303558
0 0.5766359056745257 0.55155120577131 0.005760124751499721 0.046122993741716654 0.20981819927692413
0 0.5792993818010602 0.5517834935869489 0.005301134926932198 0.04750510624476841 0.20674079656600952
0 0.5696450301579067 0.5522301197052002 0.006140640803745815 0.0497899055480957 0.20535112917423248
0 0.5837973867143903 0.552067484174456 0.005016326904296875 0.04760820525033133 0.20330999791622162
0 0.5671670096261161 0.5533152307782855 0.005412067685808454 0.04654656137738909 0.19776184856891632
0 0.5886848313467843 0.5521443911961147 0.005025999886648995 0.04754751069205148 0.19358918070793152
0 0.999828747340611 0.5654608181544712 0.0003425734383719308 0.042279652186802456 0.1921233981847763
0 0.5722008432660785 0.5535058294023786 0.005755458559308734 0.043944086347307475 0.18996934592723846
0 0.5608036518096924 0.5419994762965611 0.00543144771030971 0.04554101399012974 0.13135738670825958
0 0.549067769731794 0.5455844061715263 0.004666873386928013 0.04320549964904785 0.1257726550102234
0 0.552062852042062 0.5548701967511859 0.005306141717093331 0.047256299427577426 0.10960274934768677
0 0.5857838221958706 0.5586521284920829 0.006082262311662946 0.05640217236110142 0.10887102782726288
0 0.5466098444802421 0.551548821585519 0.00483635493687221 0.043209654944283624 0.1083017885684967
0 0.5646608216421944 0.5593871389116559 0.006259407315935407 0.0526841367994036 0.10554678738117218
0 0.5659254619053432 0.5418485232761928 0.005498715809413365 0.045414788382393975 0.10517232120037079
0 0.5934121949332101 0.5522682326180595 0.005014692034040179 0.04783858571733747 0.10331270098686218
0 0.5274748802185059 0.5495010784694127 0.004542248589651925 0.042561735425676615 0.10102906078100204
0 0.5711304800851005 0.5417819704328265 0.005480051040649414 0.0454585211617606 0.09772174805402756
0 0.5813014166695731 0.5418735912867955 0.0050280434744698664 0.04858909334455218 0.0871204137802124
0 0.5444010666438511 0.5530831132616315 0.005130018506731305 0.045442240578787665 0.08681970834732056
0 0.585808345249721 0.5417878968375069 0.005018166133335659 0.049003498894827704 0.08410850912332535
0 0.590895244053432 0.5588720185416085 0.006089210510253906 0.05636743136814663 0.08146268129348755
0 0.5682931627546038 0.5419956615992955 0.004925761904035296 0.05330651147024972 0.08041326701641083
0 0.5752594811575753 0.5414477757045201 0.005539144788469587 0.05062215668814523 0.07327321916818619
0 0.5902350289481026 0.5418620109558105 0.004999978201729911 0.04928891999380929 0.0712176114320755
0 0.5819876534598214 0.5625098773411342 0.006059033530099052 0.056891441345214844 0.06605643779039383
0 0.9996289525713239 0.579998084477016 0.0007420948573521205 0.04164191654750279 0.05779218301177025
0 0.5416370459965297 0.5558171953473773 0.005432060786655971 0.047105107988630025 0.05659952014684677
0 0.5778791563851493 0.5634835106985909 0.006427764892578125 0.05449417659214565 0.05555548146367073
0 0.5634749957493373 0.5401000295366559 0.00514984130859375 0.055101326533726284 0.05379990115761757
0 0.5740227018083844 0.5637062958308628 0.00626305171421596 0.052891390664236884 0.053339727222919464
