0 0.6345694405691964 0.5551383154732841 0.005847454071044922 0.07582770075116839 0.3619250953197479
0 0.6300449371337891 0.555063009262085 0.005869320460728237 0.07562276295253209 0.3588477671146393
0 0.625072547367641 0.5551515306745257 0.005863053458077567 0.07581588200160436 0.35203036665916443
0 0.6193962097167969 0.5549535751342773 0.006579944065638951 0.0720114026750837 0.31664004921913147
0 0.6159955433436802 0.5539986746651786 0.005525452750069755 0.06582256725856236 0.3124140799045563
0 0.6117711748395648 0.5547793252127511 0.005760669708251953 0.0655036313193185 0.28756827116012573
0 0.6066581181117466 0.5550384521484375 0.005813666752406529 0.06513946396963936 0.2645801305770874
0 0.6273979459490094 0.5600238527570452 0.006012575966971261 0.0760741915021624 0.2511345446109772
0 0.6229190826416016 0.5600610460553851 0.005960123879568917 0.07611441612243652 0.2420598864555359
0 0.6390145165579659 0.555194480078561 0.005895001547677177 0.07586431503295898 0.224347323179245
0 0.6097706386021206 0.5486276490347726 0.005922045026506696 0.0657884052821568 0.21199637651443481
0 0.6177944455827985 0.5509333610534668 0.02797501427786691 0.09810669081551689 0.20262010395526886
0 0.6331085477556501 0.5509748799460275 0.027210712432861328 0.10035317284720284 0.1894824206829071
0 0.5994213649204799 0.5544739450727191 0.005442278725760323 0.058712278093610494 0.15165649354457855
0 0.6020433562142509 0.5483794893537249 0.00589684077671596 0.06443258694240026 0.13751190900802612
0 0.6366697720118931 0.5630420276096889 0.00574697766985212 0.07670242445809501 0.13255973160266876
0 0.6441798891339984 0.552147660936628 0.02836193357195173 0.11974801336015974 0.12065069377422333
0 0.6325223105294364 0.5644794191632952 0.0059898921421595985 0.07967189380100795 0.11756644397974014
0 0.596684455871582 0.5501690932682582 0.005670888083321708 0.058500358036586216 0.10303924977779388
0 0.6434510094778878 0.5541551453726632 0.005426270621163505 0.0753028052193778 0.07886570692062378
0 0.6047513144356864 0.5640877314976284 0.005766255514962333 0.062433208738054545 0.07609580457210541
0 0.6326929501124791 0.5371077401297433 0.00748647962297712 0.08067876952035087 0.07175328582525253
0 0.6368705204554966 0.5367520196097237 0.007241589682442802 0.08818381173270089 0.06107863038778305
0 0.6038476399012974 0.5480811255318778 0.02933781487601144 0.0981097902570452 0.060343269258737564
0 0.628540175301688 0.5366711616516113 0.00750044413975307 0.07946586608886719 0.05611027032136917
