0 0.5958459036690849 0.5533527306147984 0.00491258076259068 0.04643596921648298 0.1767309308052063
0 0.5931709834507534 0.552354233605521 0.004749502454485212 0.04705422265189035 0.17012234032154083
0 0.5985734122140067 0.5530054228646415 0.0048727308000837055 0.04662346839904785 0.16851791739463806
0 0.6008176803588867 0.5534092358180455 0.00488764899117606 0.04657513754708426 0.14922308921813965
0 0.5912790298461914 0.552898713520595 0.004309381757463727 0.05022777829851423 0.14593681693077087
0 0.5793993132455009 0.5517851284572056 0.0039343152727399555 0.04761695861816406 0.1328037530183792
0 0.6029032298496791 0.552598408290318 0.004830019814627511 0.04719015530177525 0.13204926252365112
0 0.5881669861929757 0.5523913928440639 0.004768235342843192 0.04745006561279297 0.1319631189107895
0 0.9998917579650879 0.5117035593305316 0.00021648406982421875 0.1844627857208252 0.12672168016433716
0 0.5742688860212054 0.5516937800816127 0.003944192613874163 0.047453880310058594 0.12216687202453613
0 0.6054352351597377 0.5534941809517997 0.004912989480154855 0.04665766443525042 0.11305377632379532
0 0.5682034492492676 0.5526985440935407 0.0037750176021030973 0.047582387924194336 0.11093577742576599
0 0.5697040217263358 0.548224925994873 0.004236425672258649 0.04951749529157366 0.10613956302404404
0 0.6106525829860142 0.5533945901053292 0.004939351763044085 0.04687244551522391 0.1051260232925415
0 0.614818981715611 0.5545225484030587 0.004601751055036273 0.04645163672310965 0.09924295544624329
0 0.6239073617117745 0.5548159735543388 0.004479612622942243 0.04677091326032366 0.09548165649175644
0 0.628866263798305 0.5548351151602608 0.0044858115059988836 0.04667326382228306 0.09370554983615875
0 0.6198393276759556 0.5548105921064105 0.004620007106236049 0.05286628859383719 0.09346413612365723
0 0.5649985926491874 0.5528298446110317 0.004201480320521763 0.0496220588684082 0.09082766622304916
0 0.5858830043247768 0.5571820395333427 0.003836291176932199 0.053579466683523994 0.08673067390918732
0 0.6077334540230888 0.5475513935089111 0.005312170301164899 0.04735231399536133 0.08541081100702286
0 0.6128896304539272 0.5580250535692487 0.004767145429338727 0.0522829464503697 0.07596960663795471
0 0.5630846704755511 0.5522454806736538 0.0039549895695277625 0.04788034302847726 0.06908554583787918
0 0.571239709854126 0.5439286231994629 0.004226480211530413 0.04938346999032157 0.05217352509498596
0 0.6341274806431362 0.5550545964922223 0.0045059749058314735 0.04644039699009487 0.05192289873957634
0 0.576350484575544 0.5434747764042446 0.004208700997488839 0.04904869624546596 0.051878366619348526
0 0.5664781842912946 0.5442022255488804 0.004231555121285575 0.04918105261666434 0.050830092281103134
